Kernel 1:
Depth1:
0001 1100 0100 0001 0111 0111 1110 1101 1110
Depth2:
0110 1011 1011 1011 1111 0101 0011 0110 1101
Depth3:
1100 1001 1100 0001 0011 1010 0110 1010 1011
Depth4:
1110 0011 1110 0010 1011 1101 0110 1101 1001
Kernel 2:
Depth1:
1011 0111 1101 0011 0101 1101 1101 1001 0010
Depth2:
1100 0011 0101 1011 0001 1011 1000 0100 0010
Depth3:
0101 1100 1110 0101 1110 0101 0010 1001 1011
Depth4:
0100 0111 0011 0100 1110 1101 0011 0010 1000
Kernel 3:
Depth1:
1010 0110 0011 0010 1101 0111 0010 1110 0100
Depth2:
1010 1101 1110 1010 0101 1101 1101 1111 1101
Depth3:
1100 1111 0101 1010 0010 1001 1010 1111 0111
Depth4:
0101 0011 1000 1010 0011 0101 0011 1110 0101
Kernel 4:
Depth1:
1010 1111 0111 1000 1000 0001 1101 1111 0110
Depth2:
0101 0010 1110 1110 1101 0100 0001 0110 0100
Depth3:
1101 1001 0100 0010 1000 1000 1101 1011 1111
Depth4:
1110 0010 1110 0001 0110 0111 0010 0010 0010
Kernel 5:
Depth1:
0011 0011 0011 1011 1110 0011 0011 1100 1100
Depth2:
0110 0101 0100 1100 0111 1100 0011 1010 0100
Depth3:
1010 0010 0011 0011 0101 0101 0101 1001 1001
Depth4:
0100 0011 1011 1010 1100 1010 1100 0001 0110
Kernel 6:
Depth1:
0111 0101 1100 1000 0110 0101 0110 1100 1100
Depth2:
1001 1001 1110 0101 1100 0110 0111 0001 1111
Depth3:
1011 1000 1110 1101 0001 1110 1011 0101 0011
Depth4:
0111 1000 1111 0110 1100 1100 0101 1001 1110
Kernel 7:
Depth1:
0011 0011 1011 0100 1000 1000 1000 0101 0010
Depth2:
1110 1001 1001 0010 1110 1000 0011 1011 0100
Depth3:
1101 0110 1100 0011 1110 1010 1111 0110 1100
Depth4:
1000 1100 0100 0110 1100 0011 1010 0101 1001
Kernel 8:
Depth1:
0110 1101 0001 0011 1111 1011 1100 0110 0011
Depth2:
0110 0010 1001 1001 0010 1011 0101 0010 0100
Depth3:
0111 1001 1100 1110 0101 1000 0111 1010 1000
Depth4:
0110 1100 0011 1101 1010 1011 0011 0011 0011
