=============================
  🔍 Inference for Image 10  
=============================

🔹 Layer: input_2
   📐 Output Shape: (1, 28, 28, 1)
   🔢 Output Values:
[[[[0.],
   [0.],
   [0.],
   [0.],
   [0.],
   [0.],
   [0.],
   [0.],
   [0.],
   [0.],
   [0.],
   [0.],
   [0.],
   [0.],
   [0.],
   [0.],
   [0.],
   [0.],
   [0.],
   [0.],
   [0.],
   [0.],
   [0.],
   [0.],
   [0.],
   [0.],
   [0.],
   [0.]],

  [[0.],
   [0.],
   [0.],
   [0.],
   [0.],
   [0.],
   [0.],
   [0.],
   [0.],
   [0.],
   [0.],
   [0.],
   [0.],
   [0.],
   [0.],
   [0.],
   [0.],
   [0.],
   [0.],
   [0.],
   [0.],
   [0.],
   [0.],
   [0.],
   [0.],
   [0.],
   [0.],
   [0.]],

  [[0.],
   [0.],
   [0.],
   [0.],
   [0.],
   [0.],
   [0.],
   [0.],
   [0.],
   [0.],
   [0.],
   [0.],
   [0.],
   [0.],
   [0.],
   [0.],
   [0.],
   [0.],
   [0.],
   [0.],
   [0.],
   [0.],
   [0.],
   [0.],
   [0.],
   [0.],
   [0.],
   [0.]],

  [[0.],
   [0.],
   [0.],
   [0.],
   [0.],
   [0.],
   [0.],
   [0.],
   [0.],
   [0.],
   [0.],
   [0.],
   [0.],
   [0.],
   [0.],
   [0.],
   [0.],
   [0.],
   [0.],
   [0.],
   [0.],
   [0.],
   [0.],
   [0.],
   [0.],
   [0.],
   [0.],
   [0.]],

  [[0.],
   [0.],
   [0.],
   [0.],
   [0.],
   [0.],
   [0.],
   [0.],
   [0.],
   [0.],
   [0.],
   [0.],
   [0.],
   [0.],
   [0.],
   [0.],
   [0.],
   [0.],
   [0.],
   [0.],
   [0.],
   [0.],
   [0.],
   [0.],
   [0.],
   [0.],
   [0.],
   [0.]],

  [[0.],
   [0.],
   [0.],
   [0.],
   [0.],
   [0.],
   [0.],
   [0.],
   [0.],
   [0.],
   [0.],
   [0.],
   [0.],
   [0.],
   [0.],
   [0.],
   [0.],
   [0.],
   [0.],
   [0.],
   [0.],
   [0.],
   [0.],
   [0.],
   [0.],
   [0.],
   [0.],
   [0.]],

  [[0.],
   [0.],
   [0.],
   [0.],
   [0.],
   [0.],
   [0.],
   [0.],
   [0.],
   [0.],
   [0.],
   [0.],
   [0.],
   [0.],
   [0.],
   [0.],
   [0.],
   [0.],
   [0.],
   [0.],
   [0.],
   [0.],
   [0.],
   [0.],
   [0.],
   [0.],
   [0.],
   [0.]],

  [[0.],
   [0.],
   [0.],
   [0.],
   [0.],
   [0.],
   [0.],
   [0.],
   [0.],
   [0.],
   [0.],
   [0.],
   [0.],
   [0.],
   [1.],
   [3.],
   [5.],
   [5.],
   [2.],
   [1.],
   [0.],
   [0.],
   [0.],
   [0.],
   [0.],
   [0.],
   [0.],
   [0.]],

  [[0.],
   [0.],
   [0.],
   [0.],
   [0.],
   [0.],
   [0.],
   [0.],
   [0.],
   [0.],
   [0.],
   [1.],
   [4.],
   [6.],
   [6.],
   [6.],
   [6.],
   [6.],
   [6.],
   [6.],
   [5.],
   [4.],
   [0.],
   [0.],
   [0.],
   [0.],
   [0.],
   [0.]],

  [[0.],
   [0.],
   [0.],
   [0.],
   [0.],
   [0.],
   [0.],
   [0.],
   [0.],
   [1.],
   [4.],
   [6.],
   [6.],
   [6.],
   [6.],
   [4.],
   [3.],
   [6.],
   [5.],
   [6.],
   [6.],
   [6.],
   [2.],
   [0.],
   [0.],
   [0.],
   [0.],
   [0.]],

  [[0.],
   [0.],
   [0.],
   [0.],
   [0.],
   [0.],
   [0.],
   [0.],
   [4.],
   [6.],
   [6.],
   [6.],
   [5.],
   [3.],
   [0.],
   [0.],
   [0.],
   [5.],
   [1.],
   [5.],
   [6.],
   [6.],
   [6.],
   [0.],
   [0.],
   [0.],
   [0.],
   [0.]],

  [[0.],
   [0.],
   [0.],
   [0.],
   [0.],
   [0.],
   [0.],
   [3.],
   [6.],
   [6.],
   [6.],
   [3.],
   [0.],
   [0.],
   [0.],
   [0.],
   [0.],
   [5.],
   [1.],
   [1.],
   [6.],
   [6.],
   [6.],
   [0.],
   [0.],
   [0.],
   [0.],
   [0.]],

  [[0.],
   [0.],
   [0.],
   [0.],
   [0.],
   [0.],
   [1.],
   [6.],
   [6.],
   [6.],
   [1.],
   [0.],
   [0.],
   [0.],
   [0.],
   [0.],
   [0.],
   [3.],
   [6.],
   [6.],
   [6.],
   [7.],
   [4.],
   [0.],
   [0.],
   [0.],
   [0.],
   [0.]],

  [[0.],
   [0.],
   [0.],
   [0.],
   [0.],
   [0.],
   [2.],
   [6.],
   [6.],
   [6.],
   [2.],
   [3.],
   [4.],
   [4.],
   [4.],
   [5.],
   [6.],
   [6.],
   [6.],
   [6.],
   [6.],
   [6.],
   [1.],
   [0.],
   [0.],
   [0.],
   [0.],
   [0.]],

  [[0.],
   [0.],
   [0.],
   [0.],
   [0.],
   [0.],
   [0.],
   [4.],
   [6.],
   [6.],
   [7.],
   [6.],
   [6.],
   [6.],
   [6.],
   [6.],
   [6.],
   [6.],
   [6.],
   [6.],
   [4.],
   [0.],
   [0.],
   [0.],
   [0.],
   [0.],
   [0.],
   [0.]],

  [[0.],
   [0.],
   [0.],
   [0.],
   [0.],
   [0.],
   [0.],
   [0.],
   [0.],
   [3.],
   [5.],
   [4.],
   [4.],
   [4.],
   [5.],
   [6.],
   [6.],
   [6.],
   [6.],
   [4.],
   [0.],
   [0.],
   [0.],
   [0.],
   [0.],
   [0.],
   [0.],
   [0.]],

  [[0.],
   [0.],
   [0.],
   [0.],
   [0.],
   [0.],
   [0.],
   [0.],
   [0.],
   [0.],
   [0.],
   [0.],
   [0.],
   [0.],
   [4.],
   [6.],
   [6.],
   [6.],
   [2.],
   [0.],
   [0.],
   [0.],
   [0.],
   [0.],
   [0.],
   [0.],
   [0.],
   [0.]],

  [[0.],
   [0.],
   [0.],
   [0.],
   [0.],
   [0.],
   [0.],
   [0.],
   [0.],
   [0.],
   [0.],
   [0.],
   [0.],
   [3.],
   [6.],
   [6.],
   [6.],
   [2.],
   [0.],
   [0.],
   [0.],
   [0.],
   [0.],
   [0.],
   [0.],
   [0.],
   [0.],
   [0.]],

  [[0.],
   [0.],
   [0.],
   [0.],
   [0.],
   [0.],
   [0.],
   [0.],
   [0.],
   [0.],
   [0.],
   [0.],
   [2.],
   [6.],
   [6.],
   [6.],
   [5.],
   [0.],
   [0.],
   [0.],
   [0.],
   [0.],
   [0.],
   [0.],
   [0.],
   [0.],
   [0.],
   [0.]],

  [[0.],
   [0.],
   [0.],
   [0.],
   [0.],
   [0.],
   [0.],
   [0.],
   [0.],
   [0.],
   [0.],
   [1.],
   [6.],
   [6.],
   [6.],
   [6.],
   [1.],
   [0.],
   [0.],
   [0.],
   [0.],
   [0.],
   [0.],
   [0.],
   [0.],
   [0.],
   [0.],
   [0.]],

  [[0.],
   [0.],
   [0.],
   [0.],
   [0.],
   [0.],
   [0.],
   [0.],
   [0.],
   [0.],
   [0.],
   [3.],
   [6.],
   [6.],
   [6.],
   [1.],
   [0.],
   [0.],
   [0.],
   [0.],
   [0.],
   [0.],
   [0.],
   [0.],
   [0.],
   [0.],
   [0.],
   [0.]],

  [[0.],
   [0.],
   [0.],
   [0.],
   [0.],
   [0.],
   [0.],
   [0.],
   [0.],
   [0.],
   [0.],
   [6.],
   [6.],
   [6.],
   [4.],
   [0.],
   [0.],
   [0.],
   [0.],
   [0.],
   [0.],
   [0.],
   [0.],
   [0.],
   [0.],
   [0.],
   [0.],
   [0.]],

  [[0.],
   [0.],
   [0.],
   [0.],
   [0.],
   [0.],
   [0.],
   [0.],
   [0.],
   [0.],
   [6.],
   [6.],
   [6.],
   [5.],
   [0.],
   [0.],
   [0.],
   [0.],
   [0.],
   [0.],
   [0.],
   [0.],
   [0.],
   [0.],
   [0.],
   [0.],
   [0.],
   [0.]],

  [[0.],
   [0.],
   [0.],
   [0.],
   [0.],
   [0.],
   [0.],
   [0.],
   [0.],
   [2.],
   [7.],
   [6.],
   [6.],
   [1.],
   [0.],
   [0.],
   [0.],
   [0.],
   [0.],
   [0.],
   [0.],
   [0.],
   [0.],
   [0.],
   [0.],
   [0.],
   [0.],
   [0.]],

  [[0.],
   [0.],
   [0.],
   [0.],
   [0.],
   [0.],
   [0.],
   [0.],
   [0.],
   [5.],
   [6.],
   [6.],
   [3.],
   [0.],
   [0.],
   [0.],
   [0.],
   [0.],
   [0.],
   [0.],
   [0.],
   [0.],
   [0.],
   [0.],
   [0.],
   [0.],
   [0.],
   [0.]],

  [[0.],
   [0.],
   [0.],
   [0.],
   [0.],
   [0.],
   [0.],
   [0.],
   [0.],
   [6.],
   [7.],
   [6.],
   [0.],
   [0.],
   [0.],
   [0.],
   [0.],
   [0.],
   [0.],
   [0.],
   [0.],
   [0.],
   [0.],
   [0.],
   [0.],
   [0.],
   [0.],
   [0.]],

  [[0.],
   [0.],
   [0.],
   [0.],
   [0.],
   [0.],
   [0.],
   [0.],
   [0.],
   [3.],
   [7.],
   [2.],
   [0.],
   [0.],
   [0.],
   [0.],
   [0.],
   [0.],
   [0.],
   [0.],
   [0.],
   [0.],
   [0.],
   [0.],
   [0.],
   [0.],
   [0.],
   [0.]],

  [[0.],
   [0.],
   [0.],
   [0.],
   [0.],
   [0.],
   [0.],
   [0.],
   [0.],
   [0.],
   [0.],
   [0.],
   [0.],
   [0.],
   [0.],
   [0.],
   [0.],
   [0.],
   [0.],
   [0.],
   [0.],
   [0.],
   [0.],
   [0.],
   [0.],
   [0.],
   [0.],
   [0.]]]]

🔹 Layer: zero_padding2d_1
   📐 Output Shape: (1, 30, 30, 1)
   🔢 Output Values:
[[[[0.],
   [0.],
   [0.],
   [0.],
   [0.],
   [0.],
   [0.],
   [0.],
   [0.],
   [0.],
   [0.],
   [0.],
   [0.],
   [0.],
   [0.],
   [0.],
   [0.],
   [0.],
   [0.],
   [0.],
   [0.],
   [0.],
   [0.],
   [0.],
   [0.],
   [0.],
   [0.],
   [0.],
   [0.],
   [0.]],

  [[0.],
   [0.],
   [0.],
   [0.],
   [0.],
   [0.],
   [0.],
   [0.],
   [0.],
   [0.],
   [0.],
   [0.],
   [0.],
   [0.],
   [0.],
   [0.],
   [0.],
   [0.],
   [0.],
   [0.],
   [0.],
   [0.],
   [0.],
   [0.],
   [0.],
   [0.],
   [0.],
   [0.],
   [0.],
   [0.]],

  [[0.],
   [0.],
   [0.],
   [0.],
   [0.],
   [0.],
   [0.],
   [0.],
   [0.],
   [0.],
   [0.],
   [0.],
   [0.],
   [0.],
   [0.],
   [0.],
   [0.],
   [0.],
   [0.],
   [0.],
   [0.],
   [0.],
   [0.],
   [0.],
   [0.],
   [0.],
   [0.],
   [0.],
   [0.],
   [0.]],

  [[0.],
   [0.],
   [0.],
   [0.],
   [0.],
   [0.],
   [0.],
   [0.],
   [0.],
   [0.],
   [0.],
   [0.],
   [0.],
   [0.],
   [0.],
   [0.],
   [0.],
   [0.],
   [0.],
   [0.],
   [0.],
   [0.],
   [0.],
   [0.],
   [0.],
   [0.],
   [0.],
   [0.],
   [0.],
   [0.]],

  [[0.],
   [0.],
   [0.],
   [0.],
   [0.],
   [0.],
   [0.],
   [0.],
   [0.],
   [0.],
   [0.],
   [0.],
   [0.],
   [0.],
   [0.],
   [0.],
   [0.],
   [0.],
   [0.],
   [0.],
   [0.],
   [0.],
   [0.],
   [0.],
   [0.],
   [0.],
   [0.],
   [0.],
   [0.],
   [0.]],

  [[0.],
   [0.],
   [0.],
   [0.],
   [0.],
   [0.],
   [0.],
   [0.],
   [0.],
   [0.],
   [0.],
   [0.],
   [0.],
   [0.],
   [0.],
   [0.],
   [0.],
   [0.],
   [0.],
   [0.],
   [0.],
   [0.],
   [0.],
   [0.],
   [0.],
   [0.],
   [0.],
   [0.],
   [0.],
   [0.]],

  [[0.],
   [0.],
   [0.],
   [0.],
   [0.],
   [0.],
   [0.],
   [0.],
   [0.],
   [0.],
   [0.],
   [0.],
   [0.],
   [0.],
   [0.],
   [0.],
   [0.],
   [0.],
   [0.],
   [0.],
   [0.],
   [0.],
   [0.],
   [0.],
   [0.],
   [0.],
   [0.],
   [0.],
   [0.],
   [0.]],

  [[0.],
   [0.],
   [0.],
   [0.],
   [0.],
   [0.],
   [0.],
   [0.],
   [0.],
   [0.],
   [0.],
   [0.],
   [0.],
   [0.],
   [0.],
   [0.],
   [0.],
   [0.],
   [0.],
   [0.],
   [0.],
   [0.],
   [0.],
   [0.],
   [0.],
   [0.],
   [0.],
   [0.],
   [0.],
   [0.]],

  [[0.],
   [0.],
   [0.],
   [0.],
   [0.],
   [0.],
   [0.],
   [0.],
   [0.],
   [0.],
   [0.],
   [0.],
   [0.],
   [0.],
   [0.],
   [1.],
   [3.],
   [5.],
   [5.],
   [2.],
   [1.],
   [0.],
   [0.],
   [0.],
   [0.],
   [0.],
   [0.],
   [0.],
   [0.],
   [0.]],

  [[0.],
   [0.],
   [0.],
   [0.],
   [0.],
   [0.],
   [0.],
   [0.],
   [0.],
   [0.],
   [0.],
   [0.],
   [1.],
   [4.],
   [6.],
   [6.],
   [6.],
   [6.],
   [6.],
   [6.],
   [6.],
   [5.],
   [4.],
   [0.],
   [0.],
   [0.],
   [0.],
   [0.],
   [0.],
   [0.]],

  [[0.],
   [0.],
   [0.],
   [0.],
   [0.],
   [0.],
   [0.],
   [0.],
   [0.],
   [0.],
   [1.],
   [4.],
   [6.],
   [6.],
   [6.],
   [6.],
   [4.],
   [3.],
   [6.],
   [5.],
   [6.],
   [6.],
   [6.],
   [2.],
   [0.],
   [0.],
   [0.],
   [0.],
   [0.],
   [0.]],

  [[0.],
   [0.],
   [0.],
   [0.],
   [0.],
   [0.],
   [0.],
   [0.],
   [0.],
   [4.],
   [6.],
   [6.],
   [6.],
   [5.],
   [3.],
   [0.],
   [0.],
   [0.],
   [5.],
   [1.],
   [5.],
   [6.],
   [6.],
   [6.],
   [0.],
   [0.],
   [0.],
   [0.],
   [0.],
   [0.]],

  [[0.],
   [0.],
   [0.],
   [0.],
   [0.],
   [0.],
   [0.],
   [0.],
   [3.],
   [6.],
   [6.],
   [6.],
   [3.],
   [0.],
   [0.],
   [0.],
   [0.],
   [0.],
   [5.],
   [1.],
   [1.],
   [6.],
   [6.],
   [6.],
   [0.],
   [0.],
   [0.],
   [0.],
   [0.],
   [0.]],

  [[0.],
   [0.],
   [0.],
   [0.],
   [0.],
   [0.],
   [0.],
   [1.],
   [6.],
   [6.],
   [6.],
   [1.],
   [0.],
   [0.],
   [0.],
   [0.],
   [0.],
   [0.],
   [3.],
   [6.],
   [6.],
   [6.],
   [7.],
   [4.],
   [0.],
   [0.],
   [0.],
   [0.],
   [0.],
   [0.]],

  [[0.],
   [0.],
   [0.],
   [0.],
   [0.],
   [0.],
   [0.],
   [2.],
   [6.],
   [6.],
   [6.],
   [2.],
   [3.],
   [4.],
   [4.],
   [4.],
   [5.],
   [6.],
   [6.],
   [6.],
   [6.],
   [6.],
   [6.],
   [1.],
   [0.],
   [0.],
   [0.],
   [0.],
   [0.],
   [0.]],

  [[0.],
   [0.],
   [0.],
   [0.],
   [0.],
   [0.],
   [0.],
   [0.],
   [4.],
   [6.],
   [6.],
   [7.],
   [6.],
   [6.],
   [6.],
   [6.],
   [6.],
   [6.],
   [6.],
   [6.],
   [6.],
   [4.],
   [0.],
   [0.],
   [0.],
   [0.],
   [0.],
   [0.],
   [0.],
   [0.]],

  [[0.],
   [0.],
   [0.],
   [0.],
   [0.],
   [0.],
   [0.],
   [0.],
   [0.],
   [0.],
   [3.],
   [5.],
   [4.],
   [4.],
   [4.],
   [5.],
   [6.],
   [6.],
   [6.],
   [6.],
   [4.],
   [0.],
   [0.],
   [0.],
   [0.],
   [0.],
   [0.],
   [0.],
   [0.],
   [0.]],

  [[0.],
   [0.],
   [0.],
   [0.],
   [0.],
   [0.],
   [0.],
   [0.],
   [0.],
   [0.],
   [0.],
   [0.],
   [0.],
   [0.],
   [0.],
   [4.],
   [6.],
   [6.],
   [6.],
   [2.],
   [0.],
   [0.],
   [0.],
   [0.],
   [0.],
   [0.],
   [0.],
   [0.],
   [0.],
   [0.]],

  [[0.],
   [0.],
   [0.],
   [0.],
   [0.],
   [0.],
   [0.],
   [0.],
   [0.],
   [0.],
   [0.],
   [0.],
   [0.],
   [0.],
   [3.],
   [6.],
   [6.],
   [6.],
   [2.],
   [0.],
   [0.],
   [0.],
   [0.],
   [0.],
   [0.],
   [0.],
   [0.],
   [0.],
   [0.],
   [0.]],

  [[0.],
   [0.],
   [0.],
   [0.],
   [0.],
   [0.],
   [0.],
   [0.],
   [0.],
   [0.],
   [0.],
   [0.],
   [0.],
   [2.],
   [6.],
   [6.],
   [6.],
   [5.],
   [0.],
   [0.],
   [0.],
   [0.],
   [0.],
   [0.],
   [0.],
   [0.],
   [0.],
   [0.],
   [0.],
   [0.]],

  [[0.],
   [0.],
   [0.],
   [0.],
   [0.],
   [0.],
   [0.],
   [0.],
   [0.],
   [0.],
   [0.],
   [0.],
   [1.],
   [6.],
   [6.],
   [6.],
   [6.],
   [1.],
   [0.],
   [0.],
   [0.],
   [0.],
   [0.],
   [0.],
   [0.],
   [0.],
   [0.],
   [0.],
   [0.],
   [0.]],

  [[0.],
   [0.],
   [0.],
   [0.],
   [0.],
   [0.],
   [0.],
   [0.],
   [0.],
   [0.],
   [0.],
   [0.],
   [3.],
   [6.],
   [6.],
   [6.],
   [1.],
   [0.],
   [0.],
   [0.],
   [0.],
   [0.],
   [0.],
   [0.],
   [0.],
   [0.],
   [0.],
   [0.],
   [0.],
   [0.]],

  [[0.],
   [0.],
   [0.],
   [0.],
   [0.],
   [0.],
   [0.],
   [0.],
   [0.],
   [0.],
   [0.],
   [0.],
   [6.],
   [6.],
   [6.],
   [4.],
   [0.],
   [0.],
   [0.],
   [0.],
   [0.],
   [0.],
   [0.],
   [0.],
   [0.],
   [0.],
   [0.],
   [0.],
   [0.],
   [0.]],

  [[0.],
   [0.],
   [0.],
   [0.],
   [0.],
   [0.],
   [0.],
   [0.],
   [0.],
   [0.],
   [0.],
   [6.],
   [6.],
   [6.],
   [5.],
   [0.],
   [0.],
   [0.],
   [0.],
   [0.],
   [0.],
   [0.],
   [0.],
   [0.],
   [0.],
   [0.],
   [0.],
   [0.],
   [0.],
   [0.]],

  [[0.],
   [0.],
   [0.],
   [0.],
   [0.],
   [0.],
   [0.],
   [0.],
   [0.],
   [0.],
   [2.],
   [7.],
   [6.],
   [6.],
   [1.],
   [0.],
   [0.],
   [0.],
   [0.],
   [0.],
   [0.],
   [0.],
   [0.],
   [0.],
   [0.],
   [0.],
   [0.],
   [0.],
   [0.],
   [0.]],

  [[0.],
   [0.],
   [0.],
   [0.],
   [0.],
   [0.],
   [0.],
   [0.],
   [0.],
   [0.],
   [5.],
   [6.],
   [6.],
   [3.],
   [0.],
   [0.],
   [0.],
   [0.],
   [0.],
   [0.],
   [0.],
   [0.],
   [0.],
   [0.],
   [0.],
   [0.],
   [0.],
   [0.],
   [0.],
   [0.]],

  [[0.],
   [0.],
   [0.],
   [0.],
   [0.],
   [0.],
   [0.],
   [0.],
   [0.],
   [0.],
   [6.],
   [7.],
   [6.],
   [0.],
   [0.],
   [0.],
   [0.],
   [0.],
   [0.],
   [0.],
   [0.],
   [0.],
   [0.],
   [0.],
   [0.],
   [0.],
   [0.],
   [0.],
   [0.],
   [0.]],

  [[0.],
   [0.],
   [0.],
   [0.],
   [0.],
   [0.],
   [0.],
   [0.],
   [0.],
   [0.],
   [3.],
   [7.],
   [2.],
   [0.],
   [0.],
   [0.],
   [0.],
   [0.],
   [0.],
   [0.],
   [0.],
   [0.],
   [0.],
   [0.],
   [0.],
   [0.],
   [0.],
   [0.],
   [0.],
   [0.]],

  [[0.],
   [0.],
   [0.],
   [0.],
   [0.],
   [0.],
   [0.],
   [0.],
   [0.],
   [0.],
   [0.],
   [0.],
   [0.],
   [0.],
   [0.],
   [0.],
   [0.],
   [0.],
   [0.],
   [0.],
   [0.],
   [0.],
   [0.],
   [0.],
   [0.],
   [0.],
   [0.],
   [0.],
   [0.],
   [0.]],

  [[0.],
   [0.],
   [0.],
   [0.],
   [0.],
   [0.],
   [0.],
   [0.],
   [0.],
   [0.],
   [0.],
   [0.],
   [0.],
   [0.],
   [0.],
   [0.],
   [0.],
   [0.],
   [0.],
   [0.],
   [0.],
   [0.],
   [0.],
   [0.],
   [0.],
   [0.],
   [0.],
   [0.],
   [0.],
   [0.]]]]

🔹 Layer: conv2d_2
   📐 Output Shape: (1, 28, 28, 4)
   🔢 Output Values:
[[[[  0.,   0.,   0.,   0.],
   [  0.,   0.,   0.,   0.],
   [  0.,   0.,   0.,   0.],
   [  0.,   0.,   0.,   0.],
   [  0.,   0.,   0.,   0.],
   [  0.,   0.,   0.,   0.],
   [  0.,   0.,   0.,   0.],
   [  0.,   0.,   0.,   0.],
   [  0.,   0.,   0.,   0.],
   [  0.,   0.,   0.,   0.],
   [  0.,   0.,   0.,   0.],
   [  0.,   0.,   0.,   0.],
   [  0.,   0.,   0.,   0.],
   [  0.,   0.,   0.,   0.],
   [  0.,   0.,   0.,   0.],
   [  0.,   0.,   0.,   0.],
   [  0.,   0.,   0.,   0.],
   [  0.,   0.,   0.,   0.],
   [  0.,   0.,   0.,   0.],
   [  0.,   0.,   0.,   0.],
   [  0.,   0.,   0.,   0.],
   [  0.,   0.,   0.,   0.],
   [  0.,   0.,   0.,   0.],
   [  0.,   0.,   0.,   0.],
   [  0.,   0.,   0.,   0.],
   [  0.,   0.,   0.,   0.],
   [  0.,   0.,   0.,   0.],
   [  0.,   0.,   0.,   0.]],

  [[  0.,   0.,   0.,   0.],
   [  0.,   0.,   0.,   0.],
   [  0.,   0.,   0.,   0.],
   [  0.,   0.,   0.,   0.],
   [  0.,   0.,   0.,   0.],
   [  0.,   0.,   0.,   0.],
   [  0.,   0.,   0.,   0.],
   [  0.,   0.,   0.,   0.],
   [  0.,   0.,   0.,   0.],
   [  0.,   0.,   0.,   0.],
   [  0.,   0.,   0.,   0.],
   [  0.,   0.,   0.,   0.],
   [  0.,   0.,   0.,   0.],
   [  0.,   0.,   0.,   0.],
   [  0.,   0.,   0.,   0.],
   [  0.,   0.,   0.,   0.],
   [  0.,   0.,   0.,   0.],
   [  0.,   0.,   0.,   0.],
   [  0.,   0.,   0.,   0.],
   [  0.,   0.,   0.,   0.],
   [  0.,   0.,   0.,   0.],
   [  0.,   0.,   0.,   0.],
   [  0.,   0.,   0.,   0.],
   [  0.,   0.,   0.,   0.],
   [  0.,   0.,   0.,   0.],
   [  0.,   0.,   0.,   0.],
   [  0.,   0.,   0.,   0.],
   [  0.,   0.,   0.,   0.]],

  [[  0.,   0.,   0.,   0.],
   [  0.,   0.,   0.,   0.],
   [  0.,   0.,   0.,   0.],
   [  0.,   0.,   0.,   0.],
   [  0.,   0.,   0.,   0.],
   [  0.,   0.,   0.,   0.],
   [  0.,   0.,   0.,   0.],
   [  0.,   0.,   0.,   0.],
   [  0.,   0.,   0.,   0.],
   [  0.,   0.,   0.,   0.],
   [  0.,   0.,   0.,   0.],
   [  0.,   0.,   0.,   0.],
   [  0.,   0.,   0.,   0.],
   [  0.,   0.,   0.,   0.],
   [  0.,   0.,   0.,   0.],
   [  0.,   0.,   0.,   0.],
   [  0.,   0.,   0.,   0.],
   [  0.,   0.,   0.,   0.],
   [  0.,   0.,   0.,   0.],
   [  0.,   0.,   0.,   0.],
   [  0.,   0.,   0.,   0.],
   [  0.,   0.,   0.,   0.],
   [  0.,   0.,   0.,   0.],
   [  0.,   0.,   0.,   0.],
   [  0.,   0.,   0.,   0.],
   [  0.,   0.,   0.,   0.],
   [  0.,   0.,   0.,   0.],
   [  0.,   0.,   0.,   0.]],

  [[  0.,   0.,   0.,   0.],
   [  0.,   0.,   0.,   0.],
   [  0.,   0.,   0.,   0.],
   [  0.,   0.,   0.,   0.],
   [  0.,   0.,   0.,   0.],
   [  0.,   0.,   0.,   0.],
   [  0.,   0.,   0.,   0.],
   [  0.,   0.,   0.,   0.],
   [  0.,   0.,   0.,   0.],
   [  0.,   0.,   0.,   0.],
   [  0.,   0.,   0.,   0.],
   [  0.,   0.,   0.,   0.],
   [  0.,   0.,   0.,   0.],
   [  0.,   0.,   0.,   0.],
   [  0.,   0.,   0.,   0.],
   [  0.,   0.,   0.,   0.],
   [  0.,   0.,   0.,   0.],
   [  0.,   0.,   0.,   0.],
   [  0.,   0.,   0.,   0.],
   [  0.,   0.,   0.,   0.],
   [  0.,   0.,   0.,   0.],
   [  0.,   0.,   0.,   0.],
   [  0.,   0.,   0.,   0.],
   [  0.,   0.,   0.,   0.],
   [  0.,   0.,   0.,   0.],
   [  0.,   0.,   0.,   0.],
   [  0.,   0.,   0.,   0.],
   [  0.,   0.,   0.,   0.]],

  [[  0.,   0.,   0.,   0.],
   [  0.,   0.,   0.,   0.],
   [  0.,   0.,   0.,   0.],
   [  0.,   0.,   0.,   0.],
   [  0.,   0.,   0.,   0.],
   [  0.,   0.,   0.,   0.],
   [  0.,   0.,   0.,   0.],
   [  0.,   0.,   0.,   0.],
   [  0.,   0.,   0.,   0.],
   [  0.,   0.,   0.,   0.],
   [  0.,   0.,   0.,   0.],
   [  0.,   0.,   0.,   0.],
   [  0.,   0.,   0.,   0.],
   [  0.,   0.,   0.,   0.],
   [  0.,   0.,   0.,   0.],
   [  0.,   0.,   0.,   0.],
   [  0.,   0.,   0.,   0.],
   [  0.,   0.,   0.,   0.],
   [  0.,   0.,   0.,   0.],
   [  0.,   0.,   0.,   0.],
   [  0.,   0.,   0.,   0.],
   [  0.,   0.,   0.,   0.],
   [  0.,   0.,   0.,   0.],
   [  0.,   0.,   0.,   0.],
   [  0.,   0.,   0.,   0.],
   [  0.,   0.,   0.,   0.],
   [  0.,   0.,   0.,   0.],
   [  0.,   0.,   0.,   0.]],

  [[  0.,   0.,   0.,   0.],
   [  0.,   0.,   0.,   0.],
   [  0.,   0.,   0.,   0.],
   [  0.,   0.,   0.,   0.],
   [  0.,   0.,   0.,   0.],
   [  0.,   0.,   0.,   0.],
   [  0.,   0.,   0.,   0.],
   [  0.,   0.,   0.,   0.],
   [  0.,   0.,   0.,   0.],
   [  0.,   0.,   0.,   0.],
   [  0.,   0.,   0.,   0.],
   [  0.,   0.,   0.,   0.],
   [  0.,   0.,   0.,   0.],
   [  0.,   0.,   0.,   0.],
   [  0.,   0.,   0.,   0.],
   [  0.,   0.,   0.,   0.],
   [  0.,   0.,   0.,   0.],
   [  0.,   0.,   0.,   0.],
   [  0.,   0.,   0.,   0.],
   [  0.,   0.,   0.,   0.],
   [  0.,   0.,   0.,   0.],
   [  0.,   0.,   0.,   0.],
   [  0.,   0.,   0.,   0.],
   [  0.,   0.,   0.,   0.],
   [  0.,   0.,   0.,   0.],
   [  0.,   0.,   0.,   0.],
   [  0.,   0.,   0.,   0.],
   [  0.,   0.,   0.,   0.]],

  [[  0.,   0.,   0.,   0.],
   [  0.,   0.,   0.,   0.],
   [  0.,   0.,   0.,   0.],
   [  0.,   0.,   0.,   0.],
   [  0.,   0.,   0.,   0.],
   [  0.,   0.,   0.,   0.],
   [  0.,   0.,   0.,   0.],
   [  0.,   0.,   0.,   0.],
   [  0.,   0.,   0.,   0.],
   [  0.,   0.,   0.,   0.],
   [  0.,   0.,   0.,   0.],
   [  0.,   0.,   0.,   0.],
   [  0.,   0.,   0.,   0.],
   [  0.,   0.,   5.,   3.],
   [  0.,   0.,  12.,  13.],
   [  0.,   0.,  11.,  24.],
   [ 16.,   0.,   0.,  26.],
   [ 32.,   0.,   0.,  11.],
   [ 18.,   0.,   0.,   0.],
   [ 10.,   0.,   0.,   0.],
   [  2.,   0.,   0.,   0.],
   [  0.,   0.,   0.,   0.],
   [  0.,   0.,   0.,   0.],
   [  0.,   0.,   0.,   0.],
   [  0.,   0.,   0.,   0.],
   [  0.,   0.,   0.,   0.],
   [  0.,   0.,   0.,   0.],
   [  0.,   0.,   0.,   0.]],

  [[  0.,   0.,   0.,   0.],
   [  0.,   0.,   0.,   0.],
   [  0.,   0.,   0.,   0.],
   [  0.,   0.,   0.,   0.],
   [  0.,   0.,   0.,   0.],
   [  0.,   0.,   0.,   0.],
   [  0.,   0.,   0.,   0.],
   [  0.,   0.,   0.,   0.],
   [  0.,   0.,   0.,   0.],
   [  0.,   0.,   0.,   0.],
   [  0.,   0.,   5.,   3.],
   [  0.,   0.,  17.,  16.],
   [  2.,   0.,  13.,  31.],
   [ 23.,   0.,   0.,  35.],
   [ 27.,   0.,   0.,  41.],
   [ 26.,   0.,   0.,  48.],
   [ 24.,   0.,   0.,  38.],
   [ 25.,   0.,   0.,   9.],
   [ 40.,   0.,   1.,   0.],
   [ 32.,   0.,   0.,   9.],
   [ 31.,   0.,   0.,   7.],
   [ 34.,   0.,   0.,   1.],
   [  8.,   0.,   0.,   0.],
   [  0.,   0.,   0.,   0.],
   [  0.,   0.,   0.,   0.],
   [  0.,   0.,   0.,   0.],
   [  0.,   0.,   0.,   0.],
   [  0.,   0.,   0.,   0.]],

  [[  0.,   0.,   0.,   0.],
   [  0.,   0.,   0.,   0.],
   [  0.,   0.,   0.,   0.],
   [  0.,   0.,   0.,   0.],
   [  0.,   0.,   0.,   0.],
   [  0.,   0.,   0.,   0.],
   [  0.,   0.,   0.,   0.],
   [  0.,   0.,   0.,   0.],
   [  0.,   0.,   5.,   3.],
   [  0.,   0.,  17.,  16.],
   [  5.,   0.,  16.,  36.],
   [ 26.,   0.,   0.,  52.],
   [ 23.,   0.,   0.,  55.],
   [ 20.,   0.,   0.,  43.],
   [ 30.,   0.,   0.,  32.],
   [ 25.,   0.,   0.,  24.],
   [ 25.,   0.,   3.,  23.],
   [ 77.,   0.,   3.,  10.],
   [ 67.,   0.,   0.,   0.],
   [ 49.,   0.,   0.,  11.],
   [ 43.,   0.,   0.,   7.],
   [ 41.,   0.,   0.,   0.],
   [ 44.,   0.,   0.,   0.],
   [  4.,   0.,   0.,   0.],
   [  0.,   0.,   0.,   0.],
   [  0.,   0.,   0.,   0.],
   [  0.,   0.,   0.,   0.],
   [  0.,   0.,   0.,   0.]],

  [[  0.,   0.,   0.,   0.],
   [  0.,   0.,   0.,   0.],
   [  0.,   0.,   0.,   0.],
   [  0.,   0.,   0.,   0.],
   [  0.,   0.,   0.,   0.],
   [  0.,   0.,   0.,   0.],
   [  0.,   0.,   0.,   0.],
   [  0.,   0.,  20.,  12.],
   [  3.,   0.,  21.,  39.],
   [ 26.,   0.,   0.,  52.],
   [ 17.,   0.,   0.,  60.],
   [ 10.,   0.,   0.,  54.],
   [ 29.,   0.,   0.,  32.],
   [ 56.,   0.,   0.,   1.],
   [ 42.,  26.,   0.,   0.],
   [ 45.,  45.,   5.,   0.],
   [ 30.,  24.,  34.,  17.],
   [ 50.,   7.,   0.,  33.],
   [ 44.,   0.,   4.,   0.],
   [ 51.,   0.,   7.,  31.],
   [ 72.,   0.,   0.,  12.],
   [ 75.,   0.,   0.,   0.],
   [ 94.,   0.,   0.,   0.],
   [ 22.,   0.,   0.,   0.],
   [  0.,   0.,   0.,   0.],
   [  0.,   0.,   0.,   0.],
   [  0.,   0.,   0.,   0.],
   [  0.,   0.,   0.,   0.]],

  [[  0.,   0.,   0.,   0.],
   [  0.,   0.,   0.,   0.],
   [  0.,   0.,   0.,   0.],
   [  0.,   0.,   0.,   0.],
   [  0.,   0.,   0.,   0.],
   [  0.,   0.,   0.,   0.],
   [  0.,   0.,  15.,   9.],
   [  6.,   0.,  33.,  50.],
   [  6.,   0.,   0.,  76.],
   [  6.,   0.,   0.,  57.],
   [ 35.,   0.,   0.,  36.],
   [ 55.,   0.,   0.,   0.],
   [ 45.,  27.,   0.,   0.],
   [ 37.,  49.,   0.,   0.],
   [ 57.,  39.,  12.,   0.],
   [ 40.,  32.,   0.,   0.],
   [  0.,  21.,  25.,  47.],
   [ 14.,   5.,   0.,  42.],
   [ 72.,   1.,   2.,   0.],
   [  0.,   9.,   0.,  51.],
   [ 51.,   0.,   1.,  40.],
   [ 90.,   0.,   0.,   0.],
   [ 92.,   0.,   0.,   0.],
   [ 56.,   0.,   6.,   0.],
   [  0.,   0.,   0.,   0.],
   [  0.,   0.,   0.,   0.],
   [  0.,   0.,   0.,   0.],
   [  0.,   0.,   0.,   0.]],

  [[  0.,   0.,   0.,   0.],
   [  0.,   0.,   0.,   0.],
   [  0.,   0.,   0.,   0.],
   [  0.,   0.,   0.,   0.],
   [  0.,   0.,   0.,   0.],
   [  0.,   0.,   5.,   3.],
   [  0.,   0.,  36.,  37.],
   [  0.,   0.,   0.,  95.],
   [  1.,   0.,   0.,  71.],
   [ 72.,   0.,   0.,  13.],
   [ 51.,   2.,   0.,   0.],
   [ 50.,  36.,   1.,   0.],
   [ 59.,  31.,  14.,   0.],
   [ 47.,  11.,   3.,   0.],
   [ 21.,   3.,   0.,   0.],
   [  0.,   0.,   0.,   0.],
   [  0.,  13.,  15.,  59.],
   [  0.,   0.,   0.,  45.],
   [ 49.,   0.,   9.,   4.],
   [ 32.,   0.,   0.,  69.],
   [ 30.,   0.,   0.,  61.],
   [ 80.,   0.,   0.,  16.],
   [ 98.,   0.,   0.,   0.],
   [ 80.,   0.,  16.,   0.],
   [  0.,   0.,   0.,   0.],
   [  0.,   0.,   0.,   0.],
   [  0.,   0.,   0.,   0.],
   [  0.,   0.,   0.,   0.]],

  [[  0.,   0.,   0.,   0.],
   [  0.,   0.,   0.,   0.],
   [  0.,   0.,   0.,   0.],
   [  0.,   0.,   0.,   0.],
   [  0.,   0.,   0.,   0.],
   [  0.,   0.,  13.,  11.],
   [  0.,   0.,  26.,  73.],
   [  0.,   0.,   0.,  98.],
   [ 45.,   0.,   0.,  33.],
   [ 67.,   0.,   0.,   0.],
   [ 84.,   0.,   5.,   0.],
   [ 65.,   0.,  10.,   0.],
   [ 35.,   0.,   0.,   4.],
   [ 16.,   0.,   0.,  16.],
   [ 12.,   0.,   0.,  19.],
   [ 14.,   0.,   0.,  26.],
   [  1.,   0.,   0.,  67.],
   [ 38.,   0.,   0.,  60.],
   [ 54.,   0.,   0.,  24.],
   [ 11.,   0.,   0.,  48.],
   [ 34.,   0.,   0.,  48.],
   [ 74.,   0.,   0.,   0.],
   [ 95.,   0.,   0.,   0.],
   [ 64.,   0.,  19.,   0.],
   [  0.,   0.,   0.,   0.],
   [  0.,   0.,   0.,   0.],
   [  0.,   0.,   0.,   0.],
   [  0.,   0.,   0.,   0.]],

  [[  0.,   0.,   0.,   0.],
   [  0.,   0.,   0.,   0.],
   [  0.,   0.,   0.,   0.],
   [  0.,   0.,   0.,   0.],
   [  0.,   0.,   0.,   0.],
   [  0.,   4.,   3.,  15.],
   [  0.,  16.,   7.,  75.],
   [  0.,   0.,   0.,  81.],
   [ 62.,   0.,   0.,  24.],
   [ 80.,   0.,   0.,   0.],
   [103.,   0.,  11.,   0.],
   [ 37.,   0.,   0.,  28.],
   [ 27.,   0.,   0.,  31.],
   [ 32.,   0.,   0.,  24.],
   [ 35.,   0.,   0.,  29.],
   [ 32.,   0.,   0.,  36.],
   [ 13.,   0.,   0.,  46.],
   [ 12.,   0.,   0.,  51.],
   [ 45.,   0.,   0.,  33.],
   [ 74.,   0.,   0.,  12.],
   [ 72.,   0.,   0.,   0.],
   [ 51.,  13.,   0.,   0.],
   [ 89.,   9.,  33.,   0.],
   [ 33.,   3.,   6.,   0.],
   [  0.,   0.,   0.,   0.],
   [  0.,   0.,   0.,   0.],
   [  0.,   0.,   0.,   0.],
   [  0.,   0.,   0.,   0.]],

  [[  0.,   0.,   0.,   0.],
   [  0.,   0.,   0.,   0.],
   [  0.,   0.,   0.,   0.],
   [  0.,   0.,   0.,   0.],
   [  0.,   0.,   0.,   0.],
   [  0.,  12.,   0.,  10.],
   [  0.,  36.,   0.,  48.],
   [  0.,  44.,   0.,  52.],
   [ 20.,  32.,   3.,  17.],
   [ 67.,   0.,  31.,   6.],
   [ 58.,   0.,   0.,   8.],
   [ 37.,   0.,   0.,  13.],
   [ 41.,   0.,   0.,  17.],
   [ 44.,   0.,   0.,  15.],
   [ 40.,   0.,   0.,  27.],
   [ 46.,   0.,   0.,  32.],
   [ 59.,   0.,   0.,  23.],
   [ 66.,   0.,   0.,  18.],
   [ 74.,   0.,   0.,  12.],
   [ 72.,   0.,   0.,   0.],
   [ 44.,  24.,   0.,   0.],
   [ 80.,  20.,  27.,   0.],
   [ 46.,   8.,   1.,   0.],
   [  7.,   1.,   0.,   0.],
   [  0.,   0.,   0.,   0.],
   [  0.,   0.,   0.,   0.],
   [  0.,   0.,   0.,   0.],
   [  0.,   0.,   0.,   0.]],

  [[  0.,   0.,   0.,   0.],
   [  0.,   0.,   0.,   0.],
   [  0.,   0.,   0.,   0.],
   [  0.,   0.,   0.,   0.],
   [  0.,   0.,   0.,   0.],
   [  0.,   0.,   0.,   0.],
   [  0.,  24.,   0.,  20.],
   [  0.,  44.,   0.,  26.],
   [ 25.,  49.,   0.,  19.],
   [ 21.,  55.,   0.,  30.],
   [ 31.,  49.,   0.,   2.],
   [ 50.,  46.,   2.,   0.],
   [ 38.,  46.,   0.,   0.],
   [ 25.,  29.,  19.,  11.],
   [ 38.,   0.,  13.,  40.],
   [ 57.,   0.,   0.,  31.],
   [ 66.,   0.,   0.,  18.],
   [ 82.,   0.,   0.,   6.],
   [ 60.,   0.,   0.,   0.],
   [ 52.,  24.,   0.,   0.],
   [ 78.,  10.,  28.,   0.],
   [ 28.,   4.,   0.,   0.],
   [  0.,   0.,   0.,   0.],
   [  0.,   0.,   0.,   0.],
   [  0.,   0.,   0.,   0.],
   [  0.,   0.,   0.,   0.],
   [  0.,   0.,   0.,   0.],
   [  0.,   0.,   0.,   0.]],

  [[  0.,   0.,   0.,   0.],
   [  0.,   0.,   0.,   0.],
   [  0.,   0.,   0.,   0.],
   [  0.,   0.,   0.,   0.],
   [  0.,   0.,   0.,   0.],
   [  0.,   0.,   0.,   0.],
   [  0.,   0.,   0.,   0.],
   [  0.,   0.,   0.,   0.],
   [  0.,  18.,   0.,  15.],
   [  0.,  36.,   0.,  22.],
   [ 17.,  37.,   0.,   0.],
   [ 27.,  37.,   0.,   0.],
   [  8.,  24.,   7.,   5.],
   [ 20.,   0.,  22.,  51.],
   [ 24.,   0.,   0.,  76.],
   [ 49.,   0.,   0.,  37.],
   [ 82.,   0.,   0.,   6.],
   [ 54.,   0.,   0.,   0.],
   [ 64.,  24.,   6.,   0.],
   [ 68.,  12.,  16.,   0.],
   [ 28.,   4.,   0.,   0.],
   [  0.,   0.,   0.,   0.],
   [  0.,   0.,   0.,   0.],
   [  0.,   0.,   0.,   0.],
   [  0.,   0.,   0.,   0.],
   [  0.,   0.,   0.,   0.],
   [  0.,   0.,   0.,   0.],
   [  0.,   0.,   0.,   0.]],

  [[  0.,   0.,   0.,   0.],
   [  0.,   0.,   0.,   0.],
   [  0.,   0.,   0.,   0.],
   [  0.,   0.,   0.,   0.],
   [  0.,   0.,   0.,   0.],
   [  0.,   0.,   0.,   0.],
   [  0.,   0.,   0.,   0.],
   [  0.,   0.,   0.,   0.],
   [  0.,   0.,   0.,   0.],
   [  0.,   0.,   0.,   0.],
   [  0.,   0.,   0.,   0.],
   [  0.,   0.,  10.,   6.],
   [  0.,   0.,  33.,  41.],
   [  0.,   0.,   0.,  92.],
   [  1.,   0.,   0.,  71.],
   [ 56.,   0.,   0.,  25.],
   [ 72.,   0.,   0.,   0.],
   [ 82.,   0.,   0.,   0.],
   [ 60.,   8.,  14.,   0.],
   [ 14.,   2.,   0.,   0.],
   [  0.,   0.,   0.,   0.],
   [  0.,   0.,   0.,   0.],
   [  0.,   0.,   0.,   0.],
   [  0.,   0.,   0.,   0.],
   [  0.,   0.,   0.,   0.],
   [  0.,   0.,   0.,   0.],
   [  0.,   0.,   0.,   0.],
   [  0.,   0.,   0.,   0.]],

  [[  0.,   0.,   0.,   0.],
   [  0.,   0.,   0.,   0.],
   [  0.,   0.,   0.,   0.],
   [  0.,   0.,   0.,   0.],
   [  0.,   0.,   0.,   0.],
   [  0.,   0.,   0.,   0.],
   [  0.,   0.,   0.,   0.],
   [  0.,   0.,   0.,   0.],
   [  0.,   0.,   0.,   0.],
   [  0.,   0.,   0.,   0.],
   [  0.,   0.,   5.,   3.],
   [  0.,   0.,  33.,  32.],
   [  2.,   0.,   2.,  88.],
   [  0.,   0.,   0.,  79.],
   [ 45.,   0.,   0.,  33.],
   [ 83.,   0.,   0.,   0.],
   [ 72.,   0.,   0.,   0.],
   [ 77.,   0.,  27.,   0.],
   [ 14.,   2.,   0.,   0.],
   [  0.,   0.,   0.,   0.],
   [  0.,   0.,   0.,   0.],
   [  0.,   0.,   0.,   0.],
   [  0.,   0.,   0.,   0.],
   [  0.,   0.,   0.,   0.],
   [  0.,   0.,   0.,   0.],
   [  0.,   0.,   0.,   0.],
   [  0.,   0.,   0.,   0.],
   [  0.,   0.,   0.,   0.]],

  [[  0.,   0.,   0.,   0.],
   [  0.,   0.,   0.,   0.],
   [  0.,   0.,   0.,   0.],
   [  0.,   0.,   0.,   0.],
   [  0.,   0.,   0.,   0.],
   [  0.,   0.,   0.,   0.],
   [  0.,   0.,   0.,   0.],
   [  0.,   0.,   0.,   0.],
   [  0.,   0.,   0.,   0.],
   [  0.,   0.,   0.,   0.],
   [  0.,   0.,  18.,  14.],
   [  0.,   0.,  26.,  72.],
   [  0.,   0.,   0.,  96.],
   [ 38.,   0.,   0.,  38.],
   [ 86.,   0.,   0.,   3.],
   [ 51.,   0.,   0.,   0.],
   [ 88.,   4.,  29.,   0.],
   [ 40.,   4.,   6.,   0.],
   [  0.,   0.,   0.,   0.],
   [  0.,   0.,   0.,   0.],
   [  0.,   0.,   0.,   0.],
   [  0.,   0.,   0.,   0.],
   [  0.,   0.,   0.,   0.],
   [  0.,   0.,   0.,   0.],
   [  0.,   0.,   0.,   0.],
   [  0.,   0.,   0.,   0.],
   [  0.,   0.,   0.,   0.],
   [  0.,   0.,   0.,   0.]],

  [[  0.,   0.,   0.,   0.],
   [  0.,   0.,   0.,   0.],
   [  0.,   0.,   0.,   0.],
   [  0.,   0.,   0.,   0.],
   [  0.,   0.,   0.,   0.],
   [  0.,   0.,   0.,   0.],
   [  0.,   0.,   0.,   0.],
   [  0.,   0.,   0.,   0.],
   [  0.,   0.,   0.,   0.],
   [  0.,   0.,   0.,   0.],
   [  0.,   0.,  36.,  38.],
   [  0.,   0.,   0., 107.],
   [ 16.,   0.,   0.,  64.],
   [ 74.,   0.,   0.,  12.],
   [ 63.,   0.,   0.,   0.],
   [ 92.,   0.,  12.,   0.],
   [ 51.,   7.,   7.,   0.],
   [  7.,   1.,   0.,   0.],
   [  0.,   0.,   0.,   0.],
   [  0.,   0.,   0.,   0.],
   [  0.,   0.,   0.,   0.],
   [  0.,   0.,   0.,   0.],
   [  0.,   0.,   0.,   0.],
   [  0.,   0.,   0.,   0.],
   [  0.,   0.,   0.,   0.],
   [  0.,   0.,   0.,   0.],
   [  0.,   0.,   0.,   0.],
   [  0.,   0.,   0.,   0.]],

  [[  0.,   0.,   0.,   0.],
   [  0.,   0.,   0.,   0.],
   [  0.,   0.,   0.,   0.],
   [  0.,   0.,   0.,   0.],
   [  0.,   0.,   0.,   0.],
   [  0.,   0.,   0.,   0.],
   [  0.,   0.,   0.,   0.],
   [  0.,   0.,   0.,   0.],
   [  0.,   0.,   0.,   0.],
   [  0.,   0.,  30.,  18.],
   [ 12.,   0.,  21.,  87.],
   [  0.,   0.,   0.,  93.],
   [ 49.,   0.,   0.,  30.],
   [ 78.,   0.,   0.,   0.],
   [ 76.,   0.,   0.,   0.],
   [ 66.,   4.,  25.,   0.],
   [  7.,   1.,   0.,   0.],
   [  0.,   0.,   0.,   0.],
   [  0.,   0.,   0.,   0.],
   [  0.,   0.,   0.,   0.],
   [  0.,   0.,   0.,   0.],
   [  0.,   0.,   0.,   0.],
   [  0.,   0.,   0.,   0.],
   [  0.,   0.,   0.,   0.],
   [  0.,   0.,   0.,   0.],
   [  0.,   0.,   0.,   0.],
   [  0.,   0.,   0.,   0.],
   [  0.,   0.,   0.,   0.]],

  [[  0.,   0.,   0.,   0.],
   [  0.,   0.,   0.,   0.],
   [  0.,   0.,   0.,   0.],
   [  0.,   0.,   0.,   0.],
   [  0.,   0.,   0.,   0.],
   [  0.,   0.,   0.,   0.],
   [  0.,   0.,   0.,   0.],
   [  0.,   0.,   0.,   0.],
   [  0.,   0.,  10.,   6.],
   [  2.,   0.,  47.,  59.],
   [  0.,   0.,   0., 112.],
   [ 26.,   0.,   0.,  45.],
   [ 83.,   0.,   0.,   0.],
   [ 60.,   0.,   0.,   0.],
   [ 85.,   3.,  29.,   0.],
   [ 28.,   4.,   0.,   0.],
   [  0.,   0.,   0.,   0.],
   [  0.,   0.,   0.,   0.],
   [  0.,   0.,   0.,   0.],
   [  0.,   0.,   0.,   0.],
   [  0.,   0.,   0.,   0.],
   [  0.,   0.,   0.,   0.],
   [  0.,   0.,   0.,   0.],
   [  0.,   0.,   0.,   0.],
   [  0.,   0.,   0.,   0.],
   [  0.,   0.,   0.,   0.],
   [  0.,   0.,   0.,   0.],
   [  0.,   0.,   0.,   0.]],

  [[  0.,   0.,   0.,   0.],
   [  0.,   0.,   0.,   0.],
   [  0.,   0.,   0.,   0.],
   [  0.,   0.,   0.,   0.],
   [  0.,   0.,   0.,   0.],
   [  0.,   0.,   0.,   0.],
   [  0.,   0.,   0.,   0.],
   [  0.,   0.,   0.,   0.],
   [  0.,   0.,  31.,  25.],
   [  0.,   0.,   4., 107.],
   [  0.,   0.,   0.,  81.],
   [ 83.,   0.,   0.,   2.],
   [ 63.,   0.,   0.,   0.],
   [ 92.,   0.,  19.,   0.],
   [ 40.,   4.,   6.,   0.],
   [  0.,   0.,   0.,   0.],
   [  0.,   0.,   0.,   0.],
   [  0.,   0.,   0.,   0.],
   [  0.,   0.,   0.,   0.],
   [  0.,   0.,   0.,   0.],
   [  0.,   0.,   0.,   0.],
   [  0.,   0.,   0.,   0.],
   [  0.,   0.,   0.,   0.],
   [  0.,   0.,   0.,   0.],
   [  0.,   0.,   0.,   0.],
   [  0.,   0.,   0.,   0.],
   [  0.,   0.,   0.,   0.],
   [  0.,   0.,   0.,   0.]],

  [[  0.,   0.,   0.,   0.],
   [  0.,   0.,   0.,   0.],
   [  0.,   0.,   0.,   0.],
   [  0.,   0.,   0.,   0.],
   [  0.,   0.,   0.,   0.],
   [  0.,   0.,   0.,   0.],
   [  0.,   0.,   0.,   0.],
   [  0.,   0.,   0.,   0.],
   [  0.,   0.,  39.,  53.],
   [  0.,   0.,   0., 118.],
   [ 43.,   0.,   0.,  48.],
   [ 90.,   0.,   0.,   0.],
   [ 84.,   0.,   0.,   0.],
   [ 61.,   5.,  19.,   0.],
   [  7.,   1.,   0.,   0.],
   [  0.,   0.,   0.,   0.],
   [  0.,   0.,   0.,   0.],
   [  0.,   0.,   0.,   0.],
   [  0.,   0.,   0.,   0.],
   [  0.,   0.,   0.,   0.],
   [  0.,   0.,   0.,   0.],
   [  0.,   0.,   0.,   0.],
   [  0.,   0.,   0.,   0.],
   [  0.,   0.,   0.,   0.],
   [  0.,   0.,   0.,   0.],
   [  0.,   0.,   0.,   0.],
   [  0.,   0.,   0.,   0.],
   [  0.,   0.,   0.,   0.]],

  [[  0.,   0.,   0.,   0.],
   [  0.,   0.,   0.,   0.],
   [  0.,   0.,   0.,   0.],
   [  0.,   0.,   0.,   0.],
   [  0.,   0.,   0.,   0.],
   [  0.,   0.,   0.,   0.],
   [  0.,   0.,   0.,   0.],
   [  0.,   0.,   0.,   0.],
   [  0.,  12.,  18.,  64.],
   [  0.,   0.,   0., 105.],
   [ 69.,   0.,   0.,  26.],
   [ 73.,   0.,   0.,   0.],
   [ 88.,   0.,  29.,   0.],
   [ 21.,   3.,   0.,   0.],
   [  0.,   0.,   0.,   0.],
   [  0.,   0.,   0.,   0.],
   [  0.,   0.,   0.,   0.],
   [  0.,   0.,   0.,   0.],
   [  0.,   0.,   0.,   0.],
   [  0.,   0.,   0.,   0.],
   [  0.,   0.,   0.,   0.],
   [  0.,   0.,   0.,   0.],
   [  0.,   0.,   0.,   0.],
   [  0.,   0.,   0.,   0.],
   [  0.,   0.,   0.,   0.],
   [  0.,   0.,   0.,   0.],
   [  0.,   0.,   0.,   0.],
   [  0.,   0.,   0.,   0.]],

  [[  0.,   0.,   0.,   0.],
   [  0.,   0.,   0.,   0.],
   [  0.,   0.,   0.,   0.],
   [  0.,   0.,   0.,   0.],
   [  0.,   0.,   0.,   0.],
   [  0.,   0.,   0.,   0.],
   [  0.,   0.,   0.,   0.],
   [  0.,   0.,   0.,   0.],
   [  0.,  33.,   0.,  45.],
   [  0.,  47.,   0.,  70.],
   [ 13.,  51.,   0.,   0.],
   [ 96.,  12.,  34.,   0.],
   [ 52.,   4.,  12.,   0.],
   [  0.,   0.,   0.,   0.],
   [  0.,   0.,   0.,   0.],
   [  0.,   0.,   0.,   0.],
   [  0.,   0.,   0.,   0.],
   [  0.,   0.,   0.,   0.],
   [  0.,   0.,   0.,   0.],
   [  0.,   0.,   0.,   0.],
   [  0.,   0.,   0.,   0.],
   [  0.,   0.,   0.,   0.],
   [  0.,   0.,   0.,   0.],
   [  0.,   0.,   0.,   0.],
   [  0.,   0.,   0.,   0.],
   [  0.,   0.,   0.,   0.],
   [  0.,   0.,   0.,   0.],
   [  0.,   0.,   0.,   0.]],

  [[  0.,   0.,   0.,   0.],
   [  0.,   0.,   0.,   0.],
   [  0.,   0.,   0.,   0.],
   [  0.,   0.,   0.,   0.],
   [  0.,   0.,   0.,   0.],
   [  0.,   0.,   0.,   0.],
   [  0.,   0.,   0.,   0.],
   [  0.,   0.,   0.,   0.],
   [  0.,  18.,   0.,  15.],
   [  0.,  48.,   0.,  32.],
   [ 37.,  29.,   1.,   0.],
   [ 57.,  11.,   2.,   0.],
   [ 14.,   2.,   0.,   0.],
   [  0.,   0.,   0.,   0.],
   [  0.,   0.,   0.,   0.],
   [  0.,   0.,   0.,   0.],
   [  0.,   0.,   0.,   0.],
   [  0.,   0.,   0.,   0.],
   [  0.,   0.,   0.,   0.],
   [  0.,   0.,   0.,   0.],
   [  0.,   0.,   0.,   0.],
   [  0.,   0.,   0.,   0.],
   [  0.,   0.,   0.,   0.],
   [  0.,   0.,   0.,   0.],
   [  0.,   0.,   0.,   0.],
   [  0.,   0.,   0.,   0.],
   [  0.,   0.,   0.,   0.],
   [  0.,   0.,   0.,   0.]]]]

🔹 Layer: average_pooling2d_2
   📐 Output Shape: (1, 14, 14, 4)
   🔢 Output Values:
[[[[ 0.  ,  0.  ,  0.  ,  0.  ],
   [ 0.  ,  0.  ,  0.  ,  0.  ],
   [ 0.  ,  0.  ,  0.  ,  0.  ],
   [ 0.  ,  0.  ,  0.  ,  0.  ],
   [ 0.  ,  0.  ,  0.  ,  0.  ],
   [ 0.  ,  0.  ,  0.  ,  0.  ],
   [ 0.  ,  0.  ,  0.  ,  0.  ],
   [ 0.  ,  0.  ,  0.  ,  0.  ],
   [ 0.  ,  0.  ,  0.  ,  0.  ],
   [ 0.  ,  0.  ,  0.  ,  0.  ],
   [ 0.  ,  0.  ,  0.  ,  0.  ],
   [ 0.  ,  0.  ,  0.  ,  0.  ],
   [ 0.  ,  0.  ,  0.  ,  0.  ],
   [ 0.  ,  0.  ,  0.  ,  0.  ]],

  [[ 0.  ,  0.  ,  0.  ,  0.  ],
   [ 0.  ,  0.  ,  0.  ,  0.  ],
   [ 0.  ,  0.  ,  0.  ,  0.  ],
   [ 0.  ,  0.  ,  0.  ,  0.  ],
   [ 0.  ,  0.  ,  0.  ,  0.  ],
   [ 0.  ,  0.  ,  0.  ,  0.  ],
   [ 0.  ,  0.  ,  0.  ,  0.  ],
   [ 0.  ,  0.  ,  0.  ,  0.  ],
   [ 0.  ,  0.  ,  0.  ,  0.  ],
   [ 0.  ,  0.  ,  0.  ,  0.  ],
   [ 0.  ,  0.  ,  0.  ,  0.  ],
   [ 0.  ,  0.  ,  0.  ,  0.  ],
   [ 0.  ,  0.  ,  0.  ,  0.  ],
   [ 0.  ,  0.  ,  0.  ,  0.  ]],

  [[ 0.  ,  0.  ,  0.  ,  0.  ],
   [ 0.  ,  0.  ,  0.  ,  0.  ],
   [ 0.  ,  0.  ,  0.  ,  0.  ],
   [ 0.  ,  0.  ,  0.  ,  0.  ],
   [ 0.  ,  0.  ,  0.  ,  0.  ],
   [ 0.  ,  0.  ,  0.  ,  0.  ],
   [ 0.  ,  0.  ,  0.  ,  0.  ],
   [ 0.  ,  0.  ,  0.  ,  0.  ],
   [ 0.  ,  0.  ,  0.  ,  0.  ],
   [ 0.  ,  0.  ,  0.  ,  0.  ],
   [ 0.  ,  0.  ,  0.  ,  0.  ],
   [ 0.  ,  0.  ,  0.  ,  0.  ],
   [ 0.  ,  0.  ,  0.  ,  0.  ],
   [ 0.  ,  0.  ,  0.  ,  0.  ]],

  [[ 0.  ,  0.  ,  0.  ,  0.  ],
   [ 0.  ,  0.  ,  0.  ,  0.  ],
   [ 0.  ,  0.  ,  0.  ,  0.  ],
   [ 0.  ,  0.  ,  0.  ,  0.  ],
   [ 0.  ,  0.  ,  0.  ,  0.  ],
   [ 0.  ,  0.  ,  5.5 ,  4.75],
   [ 6.25,  0.  ,  4.5 , 17.25],
   [13.25,  0.  ,  5.75, 31.5 ],
   [24.25,  0.  ,  0.  , 21.  ],
   [25.  ,  0.  ,  0.25,  2.25],
   [16.75,  0.  ,  0.  ,  2.  ],
   [ 2.  ,  0.  ,  0.  ,  0.  ],
   [ 0.  ,  0.  ,  0.  ,  0.  ],
   [ 0.  ,  0.  ,  0.  ,  0.  ]],

  [[ 0.  ,  0.  ,  0.  ,  0.  ],
   [ 0.  ,  0.  ,  0.  ,  0.  ],
   [ 0.  ,  0.  ,  0.  ,  0.  ],
   [ 0.  ,  0.  ,  5.  ,  3.  ],
   [ 7.25,  0.  , 10.75, 27.5 ],
   [14.5 ,  0.  ,  4.  , 50.5 ],
   [32.  ,  0.  ,  0.  , 32.75],
   [35.5 , 17.75,  1.25, 14.  ],
   [45.5 ,  7.75, 10.  , 20.75],
   [52.75,  0.  ,  2.75, 10.5 ],
   [57.75,  0.  ,  0.  ,  4.75],
   [41.  ,  0.  ,  0.  ,  0.  ],
   [ 0.  ,  0.  ,  0.  ,  0.  ],
   [ 0.  ,  0.  ,  0.  ,  0.  ]],

  [[ 0.  ,  0.  ,  0.  ,  0.  ],
   [ 0.  ,  0.  ,  0.  ,  0.  ],
   [ 0.  ,  0.  ,  1.25,  0.75],
   [ 1.5 ,  0.  , 21.  , 47.75],
   [21.25,  0.  ,  0.  , 54.25],
   [47.75,  9.5 ,  0.25,  9.  ],
   [47.  , 29.5 ,  4.25,  0.  ],
   [29.5 , 18.5 ,  3.  ,  0.  ],
   [ 3.5 ,  9.75, 10.  , 48.25],
   [38.25,  2.5 ,  2.75, 31.  ],
   [62.75,  0.  ,  0.25, 29.25],
   [81.5 ,  0.  ,  5.5 ,  0.  ],
   [ 0.  ,  0.  ,  0.  ,  0.  ],
   [ 0.  ,  0.  ,  0.  ,  0.  ]],

  [[ 0.  ,  0.  ,  0.  ,  0.  ],
   [ 0.  ,  0.  ,  0.  ,  0.  ],
   [ 0.  ,  1.  ,  4.  ,  6.5 ],
   [ 0.  ,  4.  ,  8.25, 81.75],
   [63.5 ,  0.  ,  0.  , 14.25],
   [72.25,  0.  ,  6.5 ,  7.  ],
   [27.5 ,  0.  ,  0.  , 18.75],
   [23.25,  0.  ,  0.  , 27.5 ],
   [16.  ,  0.  ,  0.  , 56.  ],
   [46.  ,  0.  ,  0.  , 29.25],
   [57.75,  3.25,  0.  , 12.  ],
   [70.25,  3.  , 14.5 ,  0.  ],
   [ 0.  ,  0.  ,  0.  ,  0.  ],
   [ 0.  ,  0.  ,  0.  ,  0.  ]],

  [[ 0.  ,  0.  ,  0.  ,  0.  ],
   [ 0.  ,  0.  ,  0.  ,  0.  ],
   [ 0.  ,  3.  ,  0.  ,  2.5 ],
   [ 0.  , 37.  ,  0.  , 36.5 ],
   [33.25, 34.  ,  8.5 , 18.  ],
   [44.  , 23.75,  0.5 ,  5.75],
   [37.  , 18.75,  4.75, 10.75],
   [45.25,  0.  ,  3.25, 32.5 ],
   [68.25,  0.  ,  0.  , 16.25],
   [64.5 ,  6.  ,  0.  ,  3.  ],
   [57.5 , 14.5 , 13.75,  0.  ],
   [13.25,  2.25,  0.25,  0.  ],
   [ 0.  ,  0.  ,  0.  ,  0.  ],
   [ 0.  ,  0.  ,  0.  ,  0.  ]],

  [[ 0.  ,  0.  ,  0.  ,  0.  ],
   [ 0.  ,  0.  ,  0.  ,  0.  ],
   [ 0.  ,  0.  ,  0.  ,  0.  ],
   [ 0.  ,  0.  ,  0.  ,  0.  ],
   [ 0.  , 13.5 ,  0.  ,  9.25],
   [11.  , 18.5 ,  2.5 ,  1.5 ],
   [ 7.  ,  6.  , 15.5 , 47.25],
   [32.5 ,  0.  ,  0.  , 52.25],
   [72.5 ,  0.  ,  0.  ,  1.5 ],
   [51.5 , 11.5 ,  9.  ,  0.  ],
   [ 7.  ,  1.  ,  0.  ,  0.  ],
   [ 0.  ,  0.  ,  0.  ,  0.  ],
   [ 0.  ,  0.  ,  0.  ,  0.  ],
   [ 0.  ,  0.  ,  0.  ,  0.  ]],

  [[ 0.  ,  0.  ,  0.  ,  0.  ],
   [ 0.  ,  0.  ,  0.  ,  0.  ],
   [ 0.  ,  0.  ,  0.  ,  0.  ],
   [ 0.  ,  0.  ,  0.  ,  0.  ],
   [ 0.  ,  0.  ,  0.  ,  0.  ],
   [ 0.  ,  0.  , 20.5 , 30.25],
   [10.  ,  0.  ,  0.5 , 75.25],
   [66.25,  0.  ,  0.  ,  9.  ],
   [69.25,  2.  , 15.5 ,  0.  ],
   [ 3.5 ,  0.5 ,  0.  ,  0.  ],
   [ 0.  ,  0.  ,  0.  ,  0.  ],
   [ 0.  ,  0.  ,  0.  ,  0.  ],
   [ 0.  ,  0.  ,  0.  ,  0.  ],
   [ 0.  ,  0.  ,  0.  ,  0.  ]],

  [[ 0.  ,  0.  ,  0.  ,  0.  ],
   [ 0.  ,  0.  ,  0.  ,  0.  ],
   [ 0.  ,  0.  ,  0.  ,  0.  ],
   [ 0.  ,  0.  ,  0.  ,  0.  ],
   [ 0.  ,  0.  ,  7.5 ,  4.5 ],
   [ 3.  ,  0.  , 14.25, 81.25],
   [54.25,  0.  ,  0.  , 26.5 ],
   [74.25,  1.  ,  9.25,  0.  ],
   [16.25,  2.25,  1.75,  0.  ],
   [ 0.  ,  0.  ,  0.  ,  0.  ],
   [ 0.  ,  0.  ,  0.  ,  0.  ],
   [ 0.  ,  0.  ,  0.  ,  0.  ],
   [ 0.  ,  0.  ,  0.  ,  0.  ],
   [ 0.  ,  0.  ,  0.  ,  0.  ]],

  [[ 0.  ,  0.  ,  0.  ,  0.  ],
   [ 0.  ,  0.  ,  0.  ,  0.  ],
   [ 0.  ,  0.  ,  0.  ,  0.  ],
   [ 0.  ,  0.  ,  0.  ,  0.  ],
   [ 0.5 ,  0.  , 23.  , 49.25],
   [27.25,  0.  ,  0.  , 60.  ],
   [74.5 ,  0.  ,  4.75,  0.  ],
   [38.25,  2.75,  8.75,  0.  ],
   [ 0.  ,  0.  ,  0.  ,  0.  ],
   [ 0.  ,  0.  ,  0.  ,  0.  ],
   [ 0.  ,  0.  ,  0.  ,  0.  ],
   [ 0.  ,  0.  ,  0.  ,  0.  ],
   [ 0.  ,  0.  ,  0.  ,  0.  ],
   [ 0.  ,  0.  ,  0.  ,  0.  ]],

  [[ 0.  ,  0.  ,  0.  ,  0.  ],
   [ 0.  ,  0.  ,  0.  ,  0.  ],
   [ 0.  ,  0.  ,  0.  ,  0.  ],
   [ 0.  ,  0.  ,  0.  ,  0.  ],
   [ 0.  ,  3.  , 14.25, 85.  ],
   [68.75,  0.  ,  0.  , 18.5 ],
   [63.5 ,  2.  , 12.  ,  0.  ],
   [ 1.75,  0.25,  0.  ,  0.  ],
   [ 0.  ,  0.  ,  0.  ,  0.  ],
   [ 0.  ,  0.  ,  0.  ,  0.  ],
   [ 0.  ,  0.  ,  0.  ,  0.  ],
   [ 0.  ,  0.  ,  0.  ,  0.  ],
   [ 0.  ,  0.  ,  0.  ,  0.  ],
   [ 0.  ,  0.  ,  0.  ,  0.  ]],

  [[ 0.  ,  0.  ,  0.  ,  0.  ],
   [ 0.  ,  0.  ,  0.  ,  0.  ],
   [ 0.  ,  0.  ,  0.  ,  0.  ],
   [ 0.  ,  0.  ,  0.  ,  0.  ],
   [ 0.  , 36.5 ,  0.  , 40.5 ],
   [50.75, 25.75,  9.25,  0.  ],
   [16.5 ,  1.5 ,  3.  ,  0.  ],
   [ 0.  ,  0.  ,  0.  ,  0.  ],
   [ 0.  ,  0.  ,  0.  ,  0.  ],
   [ 0.  ,  0.  ,  0.  ,  0.  ],
   [ 0.  ,  0.  ,  0.  ,  0.  ],
   [ 0.  ,  0.  ,  0.  ,  0.  ],
   [ 0.  ,  0.  ,  0.  ,  0.  ],
   [ 0.  ,  0.  ,  0.  ,  0.  ]]]]

🔹 Layer: conv2d_3
   📐 Output Shape: (1, 12, 12, 8)
   🔢 Output Values:
[[[[0.00000e+00, 0.00000e+00, 0.00000e+00, 0.00000e+00, 0.00000e+00, 0.00000e+00, 0.00000e+00, 0.00000e+00],
   [0.00000e+00, 0.00000e+00, 0.00000e+00, 0.00000e+00, 0.00000e+00, 0.00000e+00, 0.00000e+00, 0.00000e+00],
   [0.00000e+00, 0.00000e+00, 0.00000e+00, 0.00000e+00, 0.00000e+00, 0.00000e+00, 0.00000e+00, 0.00000e+00],
   [0.00000e+00, 0.00000e+00, 0.00000e+00, 0.00000e+00, 0.00000e+00, 0.00000e+00, 0.00000e+00, 0.00000e+00],
   [0.00000e+00, 0.00000e+00, 0.00000e+00, 0.00000e+00, 0.00000e+00, 0.00000e+00, 0.00000e+00, 0.00000e+00],
   [0.00000e+00, 0.00000e+00, 0.00000e+00, 0.00000e+00, 0.00000e+00, 0.00000e+00, 0.00000e+00, 0.00000e+00],
   [0.00000e+00, 0.00000e+00, 0.00000e+00, 0.00000e+00, 0.00000e+00, 0.00000e+00, 0.00000e+00, 0.00000e+00],
   [0.00000e+00, 0.00000e+00, 0.00000e+00, 0.00000e+00, 0.00000e+00, 0.00000e+00, 0.00000e+00, 0.00000e+00],
   [0.00000e+00, 0.00000e+00, 0.00000e+00, 0.00000e+00, 0.00000e+00, 0.00000e+00, 0.00000e+00, 0.00000e+00],
   [0.00000e+00, 0.00000e+00, 0.00000e+00, 0.00000e+00, 0.00000e+00, 0.00000e+00, 0.00000e+00, 0.00000e+00],
   [0.00000e+00, 0.00000e+00, 0.00000e+00, 0.00000e+00, 0.00000e+00, 0.00000e+00, 0.00000e+00, 0.00000e+00],
   [0.00000e+00, 0.00000e+00, 0.00000e+00, 0.00000e+00, 0.00000e+00, 0.00000e+00, 0.00000e+00, 0.00000e+00]],

  [[0.00000e+00, 0.00000e+00, 0.00000e+00, 0.00000e+00, 0.00000e+00, 0.00000e+00, 0.00000e+00, 0.00000e+00],
   [0.00000e+00, 0.00000e+00, 0.00000e+00, 0.00000e+00, 0.00000e+00, 0.00000e+00, 0.00000e+00, 0.00000e+00],
   [0.00000e+00, 0.00000e+00, 0.00000e+00, 0.00000e+00, 0.00000e+00, 0.00000e+00, 0.00000e+00, 0.00000e+00],
   [2.12500e+01, 1.65000e+01, 0.00000e+00, 2.90000e+01, 0.00000e+00, 1.20000e+01, 2.67500e+01, 0.00000e+00],
   [1.03000e+02, 0.00000e+00, 0.00000e+00, 0.00000e+00, 0.00000e+00, 9.22500e+01, 0.00000e+00, 0.00000e+00],
   [1.93250e+02, 0.00000e+00, 0.00000e+00, 0.00000e+00, 0.00000e+00, 2.37250e+02, 0.00000e+00, 0.00000e+00],
   [3.08750e+02, 0.00000e+00, 5.15000e+01, 0.00000e+00, 2.60000e+01, 1.68500e+02, 0.00000e+00, 0.00000e+00],
   [2.35250e+02, 0.00000e+00, 4.90000e+01, 7.00000e+00, 2.20250e+02, 1.10000e+01, 0.00000e+00, 0.00000e+00],
   [2.58750e+02, 4.55000e+01, 0.00000e+00, 1.46000e+02, 1.64250e+02, 0.00000e+00, 0.00000e+00, 0.00000e+00],
   [2.40750e+02, 1.26500e+02, 4.82500e+01, 2.23000e+02, 5.75000e+00, 0.00000e+00, 0.00000e+00, 0.00000e+00],
   [9.85000e+01, 7.97500e+01, 0.00000e+00, 9.37500e+01, 0.00000e+00, 0.00000e+00, 0.00000e+00, 4.90000e+01],
   [1.20000e+01, 1.00000e+01, 0.00000e+00, 1.00000e+01, 0.00000e+00, 0.00000e+00, 0.00000e+00, 8.00000e+00]],

  [[0.00000e+00, 0.00000e+00, 0.00000e+00, 0.00000e+00, 0.00000e+00, 0.00000e+00, 0.00000e+00, 0.00000e+00],
   [1.80000e+01, 1.50000e+01, 0.00000e+00, 2.90000e+01, 0.00000e+00, 3.00000e+00, 2.30000e+01, 0.00000e+00],
   [1.28250e+02, 1.67500e+01, 0.00000e+00, 0.00000e+00, 0.00000e+00, 1.39750e+02, 1.10000e+01, 0.00000e+00],
   [3.31500e+02, 0.00000e+00, 0.00000e+00, 0.00000e+00, 0.00000e+00, 4.03750e+02, 0.00000e+00, 0.00000e+00],
   [4.21000e+02, 0.00000e+00, 0.00000e+00, 0.00000e+00, 0.00000e+00, 3.42500e+02, 0.00000e+00, 0.00000e+00],
   [4.59000e+02, 2.45000e+01, 0.00000e+00, 0.00000e+00, 2.93500e+02, 3.00000e+02, 0.00000e+00, 0.00000e+00],
   [3.76000e+02, 1.96250e+02, 0.00000e+00, 0.00000e+00, 4.22000e+02, 2.95000e+01, 0.00000e+00, 0.00000e+00],
   [3.56250e+02, 0.00000e+00, 1.37500e+02, 0.00000e+00, 4.70750e+02, 0.00000e+00, 0.00000e+00, 0.00000e+00],
   [3.95750e+02, 0.00000e+00, 3.35000e+01, 1.63500e+02, 5.05250e+02, 0.00000e+00, 0.00000e+00, 0.00000e+00],
   [6.40500e+02, 4.60000e+01, 9.82500e+01, 3.88500e+02, 4.41500e+02, 0.00000e+00, 0.00000e+00, 0.00000e+00],
   [4.88250e+02, 2.47250e+02, 9.67500e+01, 5.64250e+02, 7.60000e+01, 0.00000e+00, 0.00000e+00, 0.00000e+00],
   [2.44000e+02, 1.99000e+02, 0.00000e+00, 2.05000e+02, 0.00000e+00, 0.00000e+00, 0.00000e+00, 1.58000e+02]],

  [[4.50000e+00, 3.75000e+00, 0.00000e+00, 7.25000e+00, 0.00000e+00, 7.50000e-01, 5.75000e+00, 0.00000e+00],
   [1.51000e+02, 4.97500e+01, 0.00000e+00, 2.37500e+01, 0.00000e+00, 2.66000e+02, 1.18500e+02, 0.00000e+00],
   [5.60250e+02, 4.77500e+01, 0.00000e+00, 0.00000e+00, 0.00000e+00, 5.04500e+02, 0.00000e+00, 0.00000e+00],
   [5.15750e+02, 1.01250e+02, 0.00000e+00, 0.00000e+00, 3.37500e+02, 5.47750e+02, 0.00000e+00, 0.00000e+00],
   [4.64000e+02, 1.83250e+02, 0.00000e+00, 0.00000e+00, 7.06000e+02, 3.15750e+02, 0.00000e+00, 0.00000e+00],
   [2.24750e+02, 0.00000e+00, 1.82500e+02, 0.00000e+00, 5.53000e+02, 0.00000e+00, 0.00000e+00, 2.97000e+02],
   [5.00000e+01, 0.00000e+00, 0.00000e+00, 1.25250e+02, 0.00000e+00, 0.00000e+00, 0.00000e+00, 7.12500e+01],
   [1.97500e+02, 0.00000e+00, 0.00000e+00, 0.00000e+00, 0.00000e+00, 0.00000e+00, 0.00000e+00, 0.00000e+00],
   [0.00000e+00, 0.00000e+00, 0.00000e+00, 0.00000e+00, 3.85500e+02, 0.00000e+00, 0.00000e+00, 0.00000e+00],
   [2.74500e+02, 0.00000e+00, 0.00000e+00, 1.50000e+02, 8.09250e+02, 0.00000e+00, 0.00000e+00, 0.00000e+00],
   [2.67000e+02, 0.00000e+00, 4.25250e+02, 8.98250e+02, 6.23500e+02, 0.00000e+00, 0.00000e+00, 0.00000e+00],
   [4.13000e+02, 2.79500e+02, 0.00000e+00, 4.39000e+02, 0.00000e+00, 0.00000e+00, 0.00000e+00, 1.52500e+02]],

  [[2.97500e+01, 7.50000e+00, 0.00000e+00, 5.75000e+00, 0.00000e+00, 4.45000e+01, 1.87500e+01, 0.00000e+00],
   [4.67750e+02, 1.78000e+02, 0.00000e+00, 0.00000e+00, 0.00000e+00, 8.41500e+02, 0.00000e+00, 0.00000e+00],
   [1.09500e+03, 4.64750e+02, 0.00000e+00, 0.00000e+00, 2.53000e+02, 9.08000e+02, 0.00000e+00, 0.00000e+00],
   [1.12750e+02, 0.00000e+00, 0.00000e+00, 0.00000e+00, 1.02825e+03, 2.10750e+02, 0.00000e+00, 0.00000e+00],
   [2.29000e+02, 0.00000e+00, 0.00000e+00, 5.82250e+02, 2.24250e+02, 0.00000e+00, 0.00000e+00, 2.64500e+02],
   [6.19500e+02, 0.00000e+00, 0.00000e+00, 8.79250e+02, 0.00000e+00, 0.00000e+00, 0.00000e+00, 0.00000e+00],
   [9.22250e+02, 0.00000e+00, 0.00000e+00, 1.39750e+02, 0.00000e+00, 2.72500e+01, 0.00000e+00, 0.00000e+00],
   [6.64500e+02, 3.77000e+02, 0.00000e+00, 0.00000e+00, 0.00000e+00, 1.65000e+01, 0.00000e+00, 0.00000e+00],
   [2.45000e+01, 0.00000e+00, 0.00000e+00, 0.00000e+00, 1.83750e+02, 0.00000e+00, 0.00000e+00, 0.00000e+00],
   [0.00000e+00, 0.00000e+00, 0.00000e+00, 2.11750e+02, 3.81500e+02, 0.00000e+00, 0.00000e+00, 1.52750e+02],
   [5.32500e+01, 0.00000e+00, 5.84500e+02, 1.18000e+03, 5.58750e+02, 0.00000e+00, 0.00000e+00, 1.12750e+02],
   [1.97500e+02, 1.73250e+02, 0.00000e+00, 4.91750e+02, 0.00000e+00, 0.00000e+00, 0.00000e+00, 0.00000e+00]],

  [[6.25000e+01, 1.47500e+01, 0.00000e+00, 0.00000e+00, 0.00000e+00, 9.27500e+01, 0.00000e+00, 5.75000e+00],
   [9.99250e+02, 3.40500e+02, 0.00000e+00, 0.00000e+00, 0.00000e+00, 1.32225e+03, 0.00000e+00, 0.00000e+00],
   [3.44500e+02, 2.17750e+02, 0.00000e+00, 0.00000e+00, 0.00000e+00, 9.25500e+02, 0.00000e+00, 0.00000e+00],
   [0.00000e+00, 0.00000e+00, 0.00000e+00, 0.00000e+00, 9.60000e+01, 0.00000e+00, 0.00000e+00, 1.46250e+02],
   [1.06000e+02, 0.00000e+00, 0.00000e+00, 2.90500e+02, 0.00000e+00, 0.00000e+00, 0.00000e+00, 0.00000e+00],
   [5.31000e+02, 0.00000e+00, 0.00000e+00, 0.00000e+00, 0.00000e+00, 0.00000e+00, 0.00000e+00, 0.00000e+00],
   [1.23075e+03, 1.13250e+02, 0.00000e+00, 0.00000e+00, 1.81500e+02, 2.31500e+02, 0.00000e+00, 0.00000e+00],
   [5.33000e+02, 3.67750e+02, 0.00000e+00, 0.00000e+00, 3.58500e+02, 2.47750e+02, 0.00000e+00, 0.00000e+00],
   [6.12750e+02, 0.00000e+00, 0.00000e+00, 2.61750e+02, 1.60750e+02, 0.00000e+00, 0.00000e+00, 1.41750e+02],
   [0.00000e+00, 0.00000e+00, 0.00000e+00, 4.65500e+02, 0.00000e+00, 0.00000e+00, 0.00000e+00, 3.95250e+02],
   [1.31250e+02, 0.00000e+00, 0.00000e+00, 1.32250e+03, 0.00000e+00, 0.00000e+00, 0.00000e+00, 1.40250e+02],
   [0.00000e+00, 8.50000e+00, 6.47500e+01, 2.44750e+02, 0.00000e+00, 0.00000e+00, 0.00000e+00, 0.00000e+00]],

  [[5.55000e+01, 2.10000e+01, 0.00000e+00, 0.00000e+00, 2.05000e+01, 6.75000e+01, 0.00000e+00, 1.40000e+01],
   [5.49000e+02, 5.72500e+01, 0.00000e+00, 6.70000e+01, 3.82000e+02, 5.92750e+02, 0.00000e+00, 3.92500e+01],
   [0.00000e+00, 1.51250e+02, 0.00000e+00, 0.00000e+00, 0.00000e+00, 4.92000e+02, 7.06250e+02, 3.36500e+02],
   [2.97250e+02, 0.00000e+00, 0.00000e+00, 2.81250e+02, 0.00000e+00, 0.00000e+00, 7.40000e+01, 1.67000e+02],
   [0.00000e+00, 0.00000e+00, 0.00000e+00, 5.83250e+02, 0.00000e+00, 0.00000e+00, 0.00000e+00, 5.25000e+00],
   [3.79250e+02, 0.00000e+00, 0.00000e+00, 0.00000e+00, 0.00000e+00, 0.00000e+00, 0.00000e+00, 0.00000e+00],
   [2.42750e+02, 0.00000e+00, 0.00000e+00, 0.00000e+00, 6.47750e+02, 0.00000e+00, 0.00000e+00, 0.00000e+00],
   [0.00000e+00, 0.00000e+00, 0.00000e+00, 8.95000e+01, 6.25000e+02, 0.00000e+00, 0.00000e+00, 0.00000e+00],
   [0.00000e+00, 0.00000e+00, 0.00000e+00, 8.31000e+02, 0.00000e+00, 0.00000e+00, 0.00000e+00, 3.09000e+02],
   [0.00000e+00, 0.00000e+00, 0.00000e+00, 5.26750e+02, 0.00000e+00, 0.00000e+00, 0.00000e+00, 8.97500e+01],
   [2.32750e+02, 0.00000e+00, 0.00000e+00, 7.76250e+02, 0.00000e+00, 0.00000e+00, 0.00000e+00, 0.00000e+00],
   [0.00000e+00, 1.16000e+02, 1.83000e+02, 2.11000e+02, 0.00000e+00, 0.00000e+00, 0.00000e+00, 0.00000e+00]],

  [[2.40000e+01, 0.00000e+00, 1.80000e+01, 3.30000e+01, 0.00000e+00, 3.55000e+01, 0.00000e+00, 0.00000e+00],
   [3.31500e+02, 0.00000e+00, 2.29500e+02, 4.30000e+02, 0.00000e+00, 4.80500e+02, 0.00000e+00, 0.00000e+00],
   [8.82500e+01, 0.00000e+00, 1.52000e+02, 0.00000e+00, 0.00000e+00, 4.92500e+02, 2.69000e+02, 8.80000e+01],
   [1.75250e+02, 0.00000e+00, 0.00000e+00, 3.77500e+01, 0.00000e+00, 7.70000e+01, 5.42750e+02, 0.00000e+00],
   [7.15750e+02, 0.00000e+00, 0.00000e+00, 0.00000e+00, 0.00000e+00, 3.86000e+02, 0.00000e+00, 0.00000e+00],
   [7.44000e+02, 3.37250e+02, 0.00000e+00, 0.00000e+00, 0.00000e+00, 3.93750e+02, 0.00000e+00, 0.00000e+00],
   [0.00000e+00, 0.00000e+00, 0.00000e+00, 0.00000e+00, 4.38750e+02, 0.00000e+00, 0.00000e+00, 0.00000e+00],
   [0.00000e+00, 0.00000e+00, 0.00000e+00, 1.00025e+03, 0.00000e+00, 0.00000e+00, 0.00000e+00, 5.49750e+02],
   [5.92500e+01, 0.00000e+00, 0.00000e+00, 7.85250e+02, 0.00000e+00, 0.00000e+00, 0.00000e+00, 7.05000e+01],
   [1.11000e+02, 0.00000e+00, 0.00000e+00, 4.97000e+02, 0.00000e+00, 0.00000e+00, 0.00000e+00, 0.00000e+00],
   [0.00000e+00, 4.52500e+01, 1.20500e+02, 2.05750e+02, 0.00000e+00, 0.00000e+00, 0.00000e+00, 0.00000e+00],
   [0.00000e+00, 4.75000e+01, 3.20000e+01, 1.65000e+01, 0.00000e+00, 0.00000e+00, 0.00000e+00, 0.00000e+00]],

  [[0.00000e+00, 0.00000e+00, 0.00000e+00, 0.00000e+00, 0.00000e+00, 0.00000e+00, 0.00000e+00, 0.00000e+00],
   [0.00000e+00, 0.00000e+00, 0.00000e+00, 0.00000e+00, 0.00000e+00, 0.00000e+00, 0.00000e+00, 0.00000e+00],
   [1.23000e+02, 0.00000e+00, 6.00000e+00, 1.80000e+02, 0.00000e+00, 1.50250e+02, 1.10000e+01, 0.00000e+00],
   [4.15000e+02, 0.00000e+00, 0.00000e+00, 0.00000e+00, 0.00000e+00, 8.61750e+02, 1.21000e+02, 0.00000e+00],
   [1.47375e+03, 2.86250e+02, 0.00000e+00, 0.00000e+00, 0.00000e+00, 1.15250e+03, 0.00000e+00, 0.00000e+00],
   [0.00000e+00, 0.00000e+00, 0.00000e+00, 0.00000e+00, 6.04750e+02, 4.09750e+02, 0.00000e+00, 0.00000e+00],
   [0.00000e+00, 0.00000e+00, 0.00000e+00, 4.27500e+02, 0.00000e+00, 0.00000e+00, 0.00000e+00, 5.20000e+02],
   [2.60750e+02, 0.00000e+00, 0.00000e+00, 1.07300e+03, 0.00000e+00, 0.00000e+00, 0.00000e+00, 2.46250e+02],
   [1.41500e+02, 0.00000e+00, 0.00000e+00, 5.28750e+02, 0.00000e+00, 0.00000e+00, 0.00000e+00, 0.00000e+00],
   [0.00000e+00, 9.45000e+01, 1.19000e+02, 1.40500e+02, 0.00000e+00, 0.00000e+00, 0.00000e+00, 0.00000e+00],
   [0.00000e+00, 2.50000e+01, 1.60000e+01, 9.00000e+00, 0.00000e+00, 0.00000e+00, 0.00000e+00, 0.00000e+00],
   [0.00000e+00, 0.00000e+00, 0.00000e+00, 0.00000e+00, 0.00000e+00, 0.00000e+00, 0.00000e+00, 0.00000e+00]],

  [[0.00000e+00, 0.00000e+00, 0.00000e+00, 0.00000e+00, 0.00000e+00, 0.00000e+00, 0.00000e+00, 0.00000e+00],
   [0.00000e+00, 0.00000e+00, 0.00000e+00, 0.00000e+00, 0.00000e+00, 0.00000e+00, 0.00000e+00, 0.00000e+00],
   [1.58750e+02, 5.30000e+01, 0.00000e+00, 2.80000e+01, 0.00000e+00, 2.91500e+02, 1.41750e+02, 0.00000e+00],
   [1.18650e+03, 3.24750e+02, 0.00000e+00, 0.00000e+00, 0.00000e+00, 1.14600e+03, 0.00000e+00, 0.00000e+00],
   [7.26500e+02, 1.85000e+02, 0.00000e+00, 0.00000e+00, 6.43250e+02, 9.80250e+02, 0.00000e+00, 0.00000e+00],
   [0.00000e+00, 0.00000e+00, 0.00000e+00, 0.00000e+00, 3.98500e+02, 0.00000e+00, 0.00000e+00, 4.40250e+02],
   [3.14000e+02, 0.00000e+00, 0.00000e+00, 1.01200e+03, 0.00000e+00, 0.00000e+00, 0.00000e+00, 3.91000e+02],
   [2.58750e+02, 0.00000e+00, 0.00000e+00, 8.92250e+02, 0.00000e+00, 0.00000e+00, 0.00000e+00, 0.00000e+00],
   [0.00000e+00, 6.15000e+01, 1.61500e+02, 2.39500e+02, 0.00000e+00, 0.00000e+00, 0.00000e+00, 0.00000e+00],
   [0.00000e+00, 1.25000e+01, 8.00000e+00, 4.50000e+00, 0.00000e+00, 0.00000e+00, 0.00000e+00, 0.00000e+00],
   [0.00000e+00, 0.00000e+00, 0.00000e+00, 0.00000e+00, 0.00000e+00, 0.00000e+00, 0.00000e+00, 0.00000e+00],
   [0.00000e+00, 0.00000e+00, 0.00000e+00, 0.00000e+00, 0.00000e+00, 0.00000e+00, 0.00000e+00, 0.00000e+00]],

  [[0.00000e+00, 0.00000e+00, 0.00000e+00, 0.00000e+00, 0.00000e+00, 0.00000e+00, 0.00000e+00, 0.00000e+00],
   [0.00000e+00, 0.00000e+00, 0.00000e+00, 0.00000e+00, 0.00000e+00, 0.00000e+00, 0.00000e+00, 0.00000e+00],
   [4.88500e+02, 2.02000e+02, 0.00000e+00, 0.00000e+00, 0.00000e+00, 8.97250e+02, 4.02500e+01, 0.00000e+00],
   [1.57750e+03, 4.17250e+02, 0.00000e+00, 0.00000e+00, 3.86000e+02, 1.33775e+03, 0.00000e+00, 0.00000e+00],
   [0.00000e+00, 0.00000e+00, 0.00000e+00, 0.00000e+00, 5.94000e+02, 5.27500e+01, 0.00000e+00, 2.17500e+01],
   [1.17750e+02, 0.00000e+00, 0.00000e+00, 9.95250e+02, 0.00000e+00, 0.00000e+00, 0.00000e+00, 4.27000e+02],
   [3.19000e+02, 0.00000e+00, 0.00000e+00, 1.07775e+03, 0.00000e+00, 0.00000e+00, 0.00000e+00, 5.95000e+01],
   [1.25000e+00, 0.00000e+00, 5.77500e+01, 3.08250e+02, 0.00000e+00, 0.00000e+00, 0.00000e+00, 0.00000e+00],
   [0.00000e+00, 4.90000e+01, 4.40000e+01, 3.00000e+01, 0.00000e+00, 0.00000e+00, 0.00000e+00, 0.00000e+00],
   [0.00000e+00, 0.00000e+00, 0.00000e+00, 0.00000e+00, 0.00000e+00, 0.00000e+00, 0.00000e+00, 0.00000e+00],
   [0.00000e+00, 0.00000e+00, 0.00000e+00, 0.00000e+00, 0.00000e+00, 0.00000e+00, 0.00000e+00, 0.00000e+00],
   [0.00000e+00, 0.00000e+00, 0.00000e+00, 0.00000e+00, 0.00000e+00, 0.00000e+00, 0.00000e+00, 0.00000e+00]],

  [[0.00000e+00, 0.00000e+00, 0.00000e+00, 0.00000e+00, 0.00000e+00, 0.00000e+00, 0.00000e+00, 0.00000e+00],
   [0.00000e+00, 0.00000e+00, 0.00000e+00, 0.00000e+00, 0.00000e+00, 0.00000e+00, 0.00000e+00, 0.00000e+00],
   [1.04700e+03, 2.82500e+02, 0.00000e+00, 0.00000e+00, 0.00000e+00, 1.39075e+03, 0.00000e+00, 0.00000e+00],
   [4.17250e+02, 3.76500e+02, 0.00000e+00, 0.00000e+00, 1.23250e+02, 9.54000e+02, 2.67500e+01, 0.00000e+00],
   [0.00000e+00, 0.00000e+00, 0.00000e+00, 0.00000e+00, 1.10500e+02, 0.00000e+00, 0.00000e+00, 3.92500e+02],
   [1.91250e+02, 0.00000e+00, 0.00000e+00, 1.03300e+03, 0.00000e+00, 0.00000e+00, 0.00000e+00, 3.95000e+01],
   [1.11000e+02, 0.00000e+00, 0.00000e+00, 5.29000e+02, 0.00000e+00, 0.00000e+00, 0.00000e+00, 0.00000e+00],
   [0.00000e+00, 7.75000e+01, 1.14000e+02, 1.08000e+02, 0.00000e+00, 0.00000e+00, 0.00000e+00, 0.00000e+00],
   [0.00000e+00, 0.00000e+00, 0.00000e+00, 0.00000e+00, 0.00000e+00, 0.00000e+00, 0.00000e+00, 0.00000e+00],
   [0.00000e+00, 0.00000e+00, 0.00000e+00, 0.00000e+00, 0.00000e+00, 0.00000e+00, 0.00000e+00, 0.00000e+00],
   [0.00000e+00, 0.00000e+00, 0.00000e+00, 0.00000e+00, 0.00000e+00, 0.00000e+00, 0.00000e+00, 0.00000e+00],
   [0.00000e+00, 0.00000e+00, 0.00000e+00, 0.00000e+00, 0.00000e+00, 0.00000e+00, 0.00000e+00, 0.00000e+00]]]]

🔹 Layer: average_pooling2d_3
   📐 Output Shape: (1, 6, 6, 8)
   🔢 Output Values:
[[[[   0.    ,    0.    ,    0.    ,    0.    ,    0.    ,    0.    ,    0.    ,    0.    ],
   [   5.3125,    4.125 ,    0.    ,    7.25  ,    0.    ,    3.    ,    6.6875,    0.    ],
   [  74.0625,    0.    ,    0.    ,    0.    ,    0.    ,   82.375 ,    0.    ,    0.    ],
   [ 136.    ,    0.    ,   25.125 ,    1.75  ,   61.5625,   44.875 ,    0.    ,    0.    ],
   [ 124.875 ,   43.    ,   12.0625,   92.25  ,   42.5   ,    0.    ,    0.    ,    0.    ],
   [  27.625 ,   22.4375,    0.    ,   25.9375,    0.    ,    0.    ,    0.    ,   14.25  ]],

  [[  43.375 ,   17.125 ,    0.    ,   15.    ,    0.    ,   67.4375,   36.8125,    0.    ],
   [ 383.9375,   41.4375,    0.    ,    0.    ,   84.375 ,  398.9375,    2.75  ,    0.    ],
   [ 392.1875,   51.9375,   45.625 ,    0.    ,  388.125 ,  239.5625,    0.    ,   74.25  ],
   [ 244.9375,   49.0625,   34.375 ,   31.3125,  223.1875,    7.375 ,    0.    ,   17.8125],
   [ 327.6875,   11.5   ,   32.9375,  175.5   ,  535.375 ,    0.    ,    0.    ,    0.    ],
   [ 353.0625,  181.4375,  130.5   ,  526.625 ,  174.875 ,    0.    ,    0.    ,   77.625 ]],

  [[ 389.8125,  135.1875,    0.    ,    1.4375,    0.    ,  575.25  ,    4.6875,    1.4375],
   [ 388.0625,  170.625 ,    0.    ,    0.    ,  344.3125,  511.0625,    0.    ,   36.5625],
   [ 371.375 ,    0.    ,    0.    ,  438.    ,   56.0625,    0.    ,    0.    ,   66.125 ],
   [ 837.625 ,  214.5   ,    0.    ,   34.9375,  135.    ,  130.75  ,    0.    ,    0.    ],
   [ 159.3125,    0.    ,    0.    ,  234.75  ,  181.5   ,    0.    ,    0.    ,  172.4375],
   [  95.5   ,   45.4375,  162.3125,  809.75  ,  139.6875,    0.    ,    0.    ,   63.25  ]],

  [[ 240.    ,   19.5625,   61.875 ,  132.5   ,  100.625 ,  294.0625,    0.    ,   13.3125],
   [ 140.1875,   37.8125,   38.    ,   79.75  ,    0.    ,  265.375 ,  398.    ,  147.875 ],
   [ 459.75  ,   84.3125,    0.    ,  145.8125,    0.    ,  194.9375,    0.    ,    1.3125],
   [  60.6875,    0.    ,    0.    ,  272.4375,  427.875 ,    0.    ,    0.    ,  137.4375],
   [  42.5625,    0.    ,    0.    ,  660.    ,    0.    ,    0.    ,    0.    ,  117.3125],
   [  58.1875,   52.1875,   83.875 ,  302.375 ,    0.    ,    0.    ,    0.    ,    0.    ]],

  [[   0.    ,    0.    ,    0.    ,    0.    ,    0.    ,    0.    ,    0.    ,    0.    ],
   [ 470.8125,   94.4375,    1.5   ,   52.    ,    0.    ,  612.375 ,   68.4375,    0.    ],
   [ 550.0625,  117.8125,    0.    ,    0.    ,  411.625 ,  635.625 ,    0.    ,  110.0625],
   [ 208.375 ,    0.    ,    0.    ,  851.1875,    0.    ,    0.    ,    0.    ,  289.3125],
   [  35.375 ,   42.125 ,   72.125 ,  228.3125,    0.    ,    0.    ,    0.    ,    0.    ],
   [   0.    ,    6.25  ,    4.    ,    2.25  ,    0.    ,    0.    ,    0.    ,    0.    ]],

  [[   0.    ,    0.    ,    0.    ,    0.    ,    0.    ,    0.    ,    0.    ,    0.    ],
   [ 882.5625,  319.5625,    0.    ,    0.    ,  127.3125, 1144.9375,   16.75  ,    0.    ],
   [  77.25  ,    0.    ,    0.    ,  507.0625,  176.125 ,   13.1875,    0.    ,  220.1875],
   [ 107.8125,   19.375 ,   42.9375,  505.75  ,    0.    ,    0.    ,    0.    ,   14.875 ],
   [   0.    ,   12.25  ,   11.    ,    7.5   ,    0.    ,    0.    ,    0.    ,    0.    ],
   [   0.    ,    0.    ,    0.    ,    0.    ,    0.    ,    0.    ,    0.    ,    0.    ]]]]

🔹 Layer: flatten_1
   📐 Output Shape: (1, 288)
   🔢 Output Values:
[[   0.    ,    0.    ,    0.    ,    0.    ,    0.    ,    0.    ,    0.    ,    0.    ,    5.3125,    4.125 ,    0.    ,    7.25  ,    0.    ,    3.    ,    6.6875,    0.    ,   74.0625,    0.    ,    0.    ,    0.    ,    0.    ,   82.375 ,    0.    ,    0.    ,  136.    ,    0.    ,   25.125 ,    1.75  ,   61.5625,   44.875 ,    0.    ,    0.    ,  124.875 ,   43.    ,   12.0625,   92.25  ,   42.5   ,    0.    ,    0.    ,    0.    ,   27.625 ,   22.4375,    0.    ,   25.9375,    0.    ,    0.    ,    0.    ,   14.25  ,   43.375 ,   17.125 ,    0.    ,   15.    ,    0.    ,   67.4375,   36.8125,    0.    ,  383.9375,   41.4375,    0.    ,    0.    ,   84.375 ,  398.9375,    2.75  ,    0.    ,  392.1875,   51.9375,   45.625 ,    0.    ,  388.125 ,  239.5625,    0.    ,   74.25  ,  244.9375,   49.0625,   34.375 ,   31.3125,  223.1875,    7.375 ,    0.    ,   17.8125,  327.6875,   11.5   ,   32.9375,  175.5   ,  535.375 ,    0.    ,    0.    ,    0.    ,  353.0625,  181.4375,  130.5   ,  526.625 ,  174.875 ,    0.    ,    0.    ,   77.625 ,  389.8125,  135.1875,    0.    ,    1.4375,    0.    ,  575.25  ,    4.6875,    1.4375,  388.0625,  170.625 ,    0.    ,    0.    ,  344.3125,  511.0625,    0.    ,   36.5625,  371.375 ,    0.    ,    0.    ,  438.    ,   56.0625,    0.    ,    0.    ,   66.125 ,  837.625 ,  214.5   ,    0.    ,   34.9375,  135.    ,  130.75  ,    0.    ,    0.    ,  159.3125,    0.    ,    0.    ,  234.75  ,  181.5   ,    0.    ,    0.    ,  172.4375,   95.5   ,   45.4375,  162.3125,  809.75  ,  139.6875,    0.    ,    0.    ,   63.25  ,  240.    ,   19.5625,   61.875 ,  132.5   ,  100.625 ,  294.0625,    0.    ,   13.3125,  140.1875,   37.8125,   38.    ,   79.75  ,    0.    ,  265.375 ,  398.    ,  147.875 ,  459.75  ,   84.3125,    0.    ,  145.8125,    0.    ,  194.9375,    0.    ,    1.3125,   60.6875,    0.    ,    0.    ,  272.4375,  427.875 ,    0.    ,    0.    ,  137.4375,   42.5625,    0.    ,    0.    ,  660.    ,    0.    ,    0.    ,    0.    ,  117.3125,   58.1875,   52.1875,   83.875 ,  302.375 ,    0.    ,    0.    ,    0.    ,    0.    ,    0.    ,    0.    ,    0.    ,    0.    ,    0.    ,    0.    ,    0.    ,    0.    ,  470.8125,   94.4375,    1.5   ,   52.    ,    0.    ,  612.375 ,   68.4375,    0.    ,  550.0625,  117.8125,    0.    ,    0.    ,  411.625 ,  635.625 ,    0.    ,  110.0625,  208.375 ,    0.    ,    0.    ,  851.1875,    0.    ,    0.    ,    0.    ,  289.3125,   35.375 ,   42.125 ,   72.125 ,  228.3125,    0.    ,    0.    ,    0.    ,    0.    ,    0.    ,    6.25  ,    4.    ,    2.25  ,    0.    ,    0.    ,    0.    ,    0.    ,    0.    ,    0.    ,    0.    ,    0.    ,    0.    ,    0.    ,    0.    ,    0.    ,  882.5625,  319.5625,    0.    ,    0.    ,  127.3125, 1144.9375,   16.75  ,    0.    ,   77.25  ,    0.    ,    0.    ,  507.0625,  176.125 ,   13.1875,    0.    ,  220.1875,  107.8125,   19.375 ,   42.9375,  505.75  ,    0.    ,    0.    ,    0.    ,   14.875 ,    0.    ,   12.25  ,   11.    ,    7.5   ,    0.    ,    0.    ,    0.    ,    0.    ,    0.    ,    0.    ,    0.    ,    0.    ,    0.    ,    0.    ,    0.    ,    0.    ]]

🔹 Layer: lambda_1
   📐 Output Shape: (1, 288)
   🔢 Output Values:
[[0., 0., 0., 0., 0., 0., 0., 0., 0., 0., 0., 0., 0., 0., 0., 0., 0., 0., 0., 0., 0., 1., 0., 0., 1., 0., 0., 0., 0., 0., 0., 0., 1., 0., 0., 1., 0., 0., 0., 0., 0., 0., 0., 0., 0., 0., 0., 0., 0., 0., 0., 0., 0., 0., 0., 0., 2., 0., 0., 0., 1., 2., 0., 0., 2., 0., 0., 0., 2., 1., 0., 0., 1., 0., 0., 0., 1., 0., 0., 0., 2., 0., 0., 1., 3., 0., 0., 0., 2., 1., 1., 3., 1., 0., 0., 0., 2., 1., 0., 0., 0., 4., 0., 0., 2., 1., 0., 0., 2., 3., 0., 0., 2., 0., 0., 3., 0., 0., 0., 0., 5., 1., 0., 0., 1., 1., 0., 0., 1., 0., 0., 1., 1., 0., 0., 1., 1., 0., 1., 5., 1., 0., 0., 0., 1., 0., 0., 1., 1., 2., 0., 0., 1., 0., 0., 0., 0., 2., 2., 1., 3., 1., 0., 1., 0., 1., 0., 0., 0., 0., 0., 2., 3., 0., 0., 1., 0., 0., 0., 4., 0., 0., 0., 1., 0., 0., 1., 2., 0., 0., 0., 0., 0., 0., 0., 0., 0., 0., 0., 0., 3., 1., 0., 0., 0., 4., 0., 0., 3., 1., 0., 0., 3., 4., 0., 1., 1., 0., 0., 5., 0., 0., 0., 2., 0., 0., 0., 1., 0., 0., 0., 0., 0., 0., 0., 0., 0., 0., 0., 0., 0., 0., 0., 0., 0., 0., 0., 0., 5., 2., 0., 0., 1., 7., 0., 0., 0., 0., 0., 3., 1., 0., 0., 1., 1., 0., 0., 3., 0., 0., 0., 0., 0., 0., 0., 0., 0., 0., 0., 0., 0., 0., 0., 0., 0., 0., 0., 0.]]

🔹 Layer: dense_3
   📐 Output Shape: (1, 120)
   🔢 Output Values:
[[24.,  0., 51., 61.,  0., 19.,  0.,  0., 39.,  0.,  0.,  8., 14.,  0., 20., 11.,  0.,  0., 57.,  0.,  5.,  0.,  0., 37.,  0., 12.,  8.,  0.,  0.,  4., 43., 20., 22., 83., 49.,  0.,  9.,  0.,  0.,  4.,  0.,  1.,  0.,  0.,  0.,  0.,  0.,  0., 68.,  9., 37.,  0.,  2.,  0.,  9.,  0.,  0.,  0., 20., 85.,  0., 27., 21.,  0.,  3., 47.,  0., 57.,  0.,  0.,  0.,  2., 30.,  0.,  0.,  0., 50.,  0., 59., 22.,  0., 54.,  0., 20., 18.,  0.,  7.,  0.,  0.,  0.,  0.,  0.,  0., 41.,  3.,  0.,  0.,  0.,  0.,  0., 45.,  0.,  0., 33.,  0.,  0.,  0., 71., 58.,  0.,  0.,  0., 29.,  0.,  5., 41.,  0.,  0.,  0.,  0.]]

🔹 Layer: dense_4
   📐 Output Shape: (1, 84)
   🔢 Output Values:
[[   0.,    0.,    0.,  767., 1091.,   59.,    0.,    0.,    0.,    0.,    0.,    0.,  577., 1454.,    0., 1529.,  438.,    0.,  203., 1164.,  561.,  203.,    0.,    0.,  539.,  443.,  734.,    0.,  294.,  639.,    0.,    0.,  548.,   88., 1047., 1233.,    0.,    0.,   34., 1725.,    0., 1215.,    0.,    0.,    0.,    0., 2281.,  920.,  625.,    0.,    0.,    0.,    0.,    0.,  779.,  632.,    0.,    0.,    0.,    0.,  466.,  348.,    0.,  362.,    0., 2206.,    0., 2542.,    0.,  294.,  784.,    0.,    0.,  488.,    0.,    0.,    0.,    0., 1179.,    0.,  812.,  224.,    0.,  822.]]

🔹 Layer: dense_5
   📐 Output Shape: (1, 10)
   🔢 Output Values:
[[0., 0., 0., 0., 0., 0., 0., 0., 0., 1.]]

🎯 Prediction for Image 10:
   ✅ Predicted Label: 9
   🎯 True Label: 9
   ✅ Result: Correct Prediction
