=============================
  🔍 Inference for Image 1  
=============================

🔹 Layer: input_2
   📐 Output Shape: (1, 28, 28, 1)
   🔢 Output Values:
[[[[0.],
   [0.],
   [0.],
   [0.],
   [0.],
   [0.],
   [0.],
   [0.],
   [0.],
   [0.],
   [0.],
   [0.],
   [0.],
   [0.],
   [0.],
   [0.],
   [0.],
   [0.],
   [0.],
   [0.],
   [0.],
   [0.],
   [0.],
   [0.],
   [0.],
   [0.],
   [0.],
   [0.]],

  [[0.],
   [0.],
   [0.],
   [0.],
   [0.],
   [0.],
   [0.],
   [0.],
   [0.],
   [0.],
   [0.],
   [0.],
   [0.],
   [0.],
   [0.],
   [0.],
   [0.],
   [0.],
   [0.],
   [0.],
   [0.],
   [0.],
   [0.],
   [0.],
   [0.],
   [0.],
   [0.],
   [0.]],

  [[0.],
   [0.],
   [0.],
   [0.],
   [0.],
   [0.],
   [0.],
   [0.],
   [0.],
   [0.],
   [0.],
   [0.],
   [0.],
   [0.],
   [0.],
   [0.],
   [0.],
   [0.],
   [0.],
   [0.],
   [0.],
   [0.],
   [0.],
   [0.],
   [0.],
   [0.],
   [0.],
   [0.]],

  [[0.],
   [0.],
   [0.],
   [0.],
   [0.],
   [0.],
   [0.],
   [0.],
   [0.],
   [0.],
   [0.],
   [0.],
   [0.],
   [0.],
   [0.],
   [0.],
   [0.],
   [0.],
   [0.],
   [0.],
   [0.],
   [0.],
   [0.],
   [0.],
   [0.],
   [0.],
   [0.],
   [0.]],

  [[0.],
   [0.],
   [0.],
   [0.],
   [0.],
   [0.],
   [0.],
   [0.],
   [0.],
   [0.],
   [0.],
   [0.],
   [0.],
   [0.],
   [0.],
   [0.],
   [0.],
   [0.],
   [0.],
   [0.],
   [0.],
   [0.],
   [0.],
   [0.],
   [0.],
   [0.],
   [0.],
   [0.]],

  [[0.],
   [0.],
   [0.],
   [0.],
   [0.],
   [0.],
   [0.],
   [0.],
   [0.],
   [0.],
   [0.],
   [0.],
   [0.],
   [0.],
   [0.],
   [0.],
   [0.],
   [0.],
   [0.],
   [0.],
   [0.],
   [0.],
   [0.],
   [0.],
   [0.],
   [0.],
   [0.],
   [0.]],

  [[0.],
   [0.],
   [0.],
   [0.],
   [0.],
   [0.],
   [0.],
   [0.],
   [0.],
   [0.],
   [0.],
   [0.],
   [0.],
   [0.],
   [0.],
   [0.],
   [0.],
   [0.],
   [0.],
   [0.],
   [0.],
   [0.],
   [0.],
   [0.],
   [0.],
   [0.],
   [0.],
   [0.]],

  [[0.],
   [0.],
   [0.],
   [0.],
   [0.],
   [0.],
   [2.],
   [5.],
   [4.],
   [4.],
   [1.],
   [0.],
   [0.],
   [0.],
   [0.],
   [0.],
   [0.],
   [0.],
   [0.],
   [0.],
   [0.],
   [0.],
   [0.],
   [0.],
   [0.],
   [0.],
   [0.],
   [0.]],

  [[0.],
   [0.],
   [0.],
   [0.],
   [0.],
   [0.],
   [6.],
   [6.],
   [6.],
   [6.],
   [6.],
   [6.],
   [5.],
   [5.],
   [5.],
   [5.],
   [5.],
   [5.],
   [5.],
   [5.],
   [4.],
   [1.],
   [0.],
   [0.],
   [0.],
   [0.],
   [0.],
   [0.]],

  [[0.],
   [0.],
   [0.],
   [0.],
   [0.],
   [0.],
   [1.],
   [3.],
   [1.],
   [3.],
   [4.],
   [6.],
   [6.],
   [6.],
   [6.],
   [6.],
   [6.],
   [6.],
   [6.],
   [6.],
   [6.],
   [3.],
   [0.],
   [0.],
   [0.],
   [0.],
   [0.],
   [0.]],

  [[0.],
   [0.],
   [0.],
   [0.],
   [0.],
   [0.],
   [0.],
   [0.],
   [0.],
   [0.],
   [0.],
   [0.],
   [1.],
   [0.],
   [1.],
   [1.],
   [1.],
   [1.],
   [0.],
   [6.],
   [6.],
   [2.],
   [0.],
   [0.],
   [0.],
   [0.],
   [0.],
   [0.]],

  [[0.],
   [0.],
   [0.],
   [0.],
   [0.],
   [0.],
   [0.],
   [0.],
   [0.],
   [0.],
   [0.],
   [0.],
   [0.],
   [0.],
   [0.],
   [0.],
   [0.],
   [0.],
   [2.],
   [6.],
   [5.],
   [0.],
   [0.],
   [0.],
   [0.],
   [0.],
   [0.],
   [0.]],

  [[0.],
   [0.],
   [0.],
   [0.],
   [0.],
   [0.],
   [0.],
   [0.],
   [0.],
   [0.],
   [0.],
   [0.],
   [0.],
   [0.],
   [0.],
   [0.],
   [0.],
   [0.],
   [6.],
   [7.],
   [2.],
   [0.],
   [0.],
   [0.],
   [0.],
   [0.],
   [0.],
   [0.]],

  [[0.],
   [0.],
   [0.],
   [0.],
   [0.],
   [0.],
   [0.],
   [0.],
   [0.],
   [0.],
   [0.],
   [0.],
   [0.],
   [0.],
   [0.],
   [0.],
   [0.],
   [3.],
   [6.],
   [6.],
   [1.],
   [0.],
   [0.],
   [0.],
   [0.],
   [0.],
   [0.],
   [0.]],

  [[0.],
   [0.],
   [0.],
   [0.],
   [0.],
   [0.],
   [0.],
   [0.],
   [0.],
   [0.],
   [0.],
   [0.],
   [0.],
   [0.],
   [0.],
   [0.],
   [1.],
   [6.],
   [6.],
   [1.],
   [0.],
   [0.],
   [0.],
   [0.],
   [0.],
   [0.],
   [0.],
   [0.]],

  [[0.],
   [0.],
   [0.],
   [0.],
   [0.],
   [0.],
   [0.],
   [0.],
   [0.],
   [0.],
   [0.],
   [0.],
   [0.],
   [0.],
   [0.],
   [0.],
   [3.],
   [6.],
   [5.],
   [0.],
   [0.],
   [0.],
   [0.],
   [0.],
   [0.],
   [0.],
   [0.],
   [0.]],

  [[0.],
   [0.],
   [0.],
   [0.],
   [0.],
   [0.],
   [0.],
   [0.],
   [0.],
   [0.],
   [0.],
   [0.],
   [0.],
   [0.],
   [0.],
   [0.],
   [5.],
   [6.],
   [1.],
   [0.],
   [0.],
   [0.],
   [0.],
   [0.],
   [0.],
   [0.],
   [0.],
   [0.]],

  [[0.],
   [0.],
   [0.],
   [0.],
   [0.],
   [0.],
   [0.],
   [0.],
   [0.],
   [0.],
   [0.],
   [0.],
   [0.],
   [0.],
   [0.],
   [3.],
   [6.],
   [4.],
   [0.],
   [0.],
   [0.],
   [0.],
   [0.],
   [0.],
   [0.],
   [0.],
   [0.],
   [0.]],

  [[0.],
   [0.],
   [0.],
   [0.],
   [0.],
   [0.],
   [0.],
   [0.],
   [0.],
   [0.],
   [0.],
   [0.],
   [0.],
   [0.],
   [2.],
   [6.],
   [6.],
   [1.],
   [0.],
   [0.],
   [0.],
   [0.],
   [0.],
   [0.],
   [0.],
   [0.],
   [0.],
   [0.]],

  [[0.],
   [0.],
   [0.],
   [0.],
   [0.],
   [0.],
   [0.],
   [0.],
   [0.],
   [0.],
   [0.],
   [0.],
   [0.],
   [0.],
   [6.],
   [6.],
   [4.],
   [0.],
   [0.],
   [0.],
   [0.],
   [0.],
   [0.],
   [0.],
   [0.],
   [0.],
   [0.],
   [0.]],

  [[0.],
   [0.],
   [0.],
   [0.],
   [0.],
   [0.],
   [0.],
   [0.],
   [0.],
   [0.],
   [0.],
   [0.],
   [0.],
   [5.],
   [6.],
   [6.],
   [0.],
   [0.],
   [0.],
   [0.],
   [0.],
   [0.],
   [0.],
   [0.],
   [0.],
   [0.],
   [0.],
   [0.]],

  [[0.],
   [0.],
   [0.],
   [0.],
   [0.],
   [0.],
   [0.],
   [0.],
   [0.],
   [0.],
   [0.],
   [0.],
   [1.],
   [6.],
   [6.],
   [2.],
   [0.],
   [0.],
   [0.],
   [0.],
   [0.],
   [0.],
   [0.],
   [0.],
   [0.],
   [0.],
   [0.],
   [0.]],

  [[0.],
   [0.],
   [0.],
   [0.],
   [0.],
   [0.],
   [0.],
   [0.],
   [0.],
   [0.],
   [0.],
   [0.],
   [6.],
   [6.],
   [3.],
   [0.],
   [0.],
   [0.],
   [0.],
   [0.],
   [0.],
   [0.],
   [0.],
   [0.],
   [0.],
   [0.],
   [0.],
   [0.]],

  [[0.],
   [0.],
   [0.],
   [0.],
   [0.],
   [0.],
   [0.],
   [0.],
   [0.],
   [0.],
   [0.],
   [3.],
   [6.],
   [6.],
   [1.],
   [0.],
   [0.],
   [0.],
   [0.],
   [0.],
   [0.],
   [0.],
   [0.],
   [0.],
   [0.],
   [0.],
   [0.],
   [0.]],

  [[0.],
   [0.],
   [0.],
   [0.],
   [0.],
   [0.],
   [0.],
   [0.],
   [0.],
   [0.],
   [1.],
   [6.],
   [6.],
   [6.],
   [1.],
   [0.],
   [0.],
   [0.],
   [0.],
   [0.],
   [0.],
   [0.],
   [0.],
   [0.],
   [0.],
   [0.],
   [0.],
   [0.]],

  [[0.],
   [0.],
   [0.],
   [0.],
   [0.],
   [0.],
   [0.],
   [0.],
   [0.],
   [0.],
   [3.],
   [6.],
   [6.],
   [6.],
   [1.],
   [0.],
   [0.],
   [0.],
   [0.],
   [0.],
   [0.],
   [0.],
   [0.],
   [0.],
   [0.],
   [0.],
   [0.],
   [0.]],

  [[0.],
   [0.],
   [0.],
   [0.],
   [0.],
   [0.],
   [0.],
   [0.],
   [0.],
   [0.],
   [3.],
   [6.],
   [5.],
   [0.],
   [0.],
   [0.],
   [0.],
   [0.],
   [0.],
   [0.],
   [0.],
   [0.],
   [0.],
   [0.],
   [0.],
   [0.],
   [0.],
   [0.]],

  [[0.],
   [0.],
   [0.],
   [0.],
   [0.],
   [0.],
   [0.],
   [0.],
   [0.],
   [0.],
   [0.],
   [0.],
   [0.],
   [0.],
   [0.],
   [0.],
   [0.],
   [0.],
   [0.],
   [0.],
   [0.],
   [0.],
   [0.],
   [0.],
   [0.],
   [0.],
   [0.],
   [0.]]]]

🔹 Layer: zero_padding2d_1
   📐 Output Shape: (1, 30, 30, 1)
   🔢 Output Values:
[[[[0.],
   [0.],
   [0.],
   [0.],
   [0.],
   [0.],
   [0.],
   [0.],
   [0.],
   [0.],
   [0.],
   [0.],
   [0.],
   [0.],
   [0.],
   [0.],
   [0.],
   [0.],
   [0.],
   [0.],
   [0.],
   [0.],
   [0.],
   [0.],
   [0.],
   [0.],
   [0.],
   [0.],
   [0.],
   [0.]],

  [[0.],
   [0.],
   [0.],
   [0.],
   [0.],
   [0.],
   [0.],
   [0.],
   [0.],
   [0.],
   [0.],
   [0.],
   [0.],
   [0.],
   [0.],
   [0.],
   [0.],
   [0.],
   [0.],
   [0.],
   [0.],
   [0.],
   [0.],
   [0.],
   [0.],
   [0.],
   [0.],
   [0.],
   [0.],
   [0.]],

  [[0.],
   [0.],
   [0.],
   [0.],
   [0.],
   [0.],
   [0.],
   [0.],
   [0.],
   [0.],
   [0.],
   [0.],
   [0.],
   [0.],
   [0.],
   [0.],
   [0.],
   [0.],
   [0.],
   [0.],
   [0.],
   [0.],
   [0.],
   [0.],
   [0.],
   [0.],
   [0.],
   [0.],
   [0.],
   [0.]],

  [[0.],
   [0.],
   [0.],
   [0.],
   [0.],
   [0.],
   [0.],
   [0.],
   [0.],
   [0.],
   [0.],
   [0.],
   [0.],
   [0.],
   [0.],
   [0.],
   [0.],
   [0.],
   [0.],
   [0.],
   [0.],
   [0.],
   [0.],
   [0.],
   [0.],
   [0.],
   [0.],
   [0.],
   [0.],
   [0.]],

  [[0.],
   [0.],
   [0.],
   [0.],
   [0.],
   [0.],
   [0.],
   [0.],
   [0.],
   [0.],
   [0.],
   [0.],
   [0.],
   [0.],
   [0.],
   [0.],
   [0.],
   [0.],
   [0.],
   [0.],
   [0.],
   [0.],
   [0.],
   [0.],
   [0.],
   [0.],
   [0.],
   [0.],
   [0.],
   [0.]],

  [[0.],
   [0.],
   [0.],
   [0.],
   [0.],
   [0.],
   [0.],
   [0.],
   [0.],
   [0.],
   [0.],
   [0.],
   [0.],
   [0.],
   [0.],
   [0.],
   [0.],
   [0.],
   [0.],
   [0.],
   [0.],
   [0.],
   [0.],
   [0.],
   [0.],
   [0.],
   [0.],
   [0.],
   [0.],
   [0.]],

  [[0.],
   [0.],
   [0.],
   [0.],
   [0.],
   [0.],
   [0.],
   [0.],
   [0.],
   [0.],
   [0.],
   [0.],
   [0.],
   [0.],
   [0.],
   [0.],
   [0.],
   [0.],
   [0.],
   [0.],
   [0.],
   [0.],
   [0.],
   [0.],
   [0.],
   [0.],
   [0.],
   [0.],
   [0.],
   [0.]],

  [[0.],
   [0.],
   [0.],
   [0.],
   [0.],
   [0.],
   [0.],
   [0.],
   [0.],
   [0.],
   [0.],
   [0.],
   [0.],
   [0.],
   [0.],
   [0.],
   [0.],
   [0.],
   [0.],
   [0.],
   [0.],
   [0.],
   [0.],
   [0.],
   [0.],
   [0.],
   [0.],
   [0.],
   [0.],
   [0.]],

  [[0.],
   [0.],
   [0.],
   [0.],
   [0.],
   [0.],
   [0.],
   [2.],
   [5.],
   [4.],
   [4.],
   [1.],
   [0.],
   [0.],
   [0.],
   [0.],
   [0.],
   [0.],
   [0.],
   [0.],
   [0.],
   [0.],
   [0.],
   [0.],
   [0.],
   [0.],
   [0.],
   [0.],
   [0.],
   [0.]],

  [[0.],
   [0.],
   [0.],
   [0.],
   [0.],
   [0.],
   [0.],
   [6.],
   [6.],
   [6.],
   [6.],
   [6.],
   [6.],
   [5.],
   [5.],
   [5.],
   [5.],
   [5.],
   [5.],
   [5.],
   [5.],
   [4.],
   [1.],
   [0.],
   [0.],
   [0.],
   [0.],
   [0.],
   [0.],
   [0.]],

  [[0.],
   [0.],
   [0.],
   [0.],
   [0.],
   [0.],
   [0.],
   [1.],
   [3.],
   [1.],
   [3.],
   [4.],
   [6.],
   [6.],
   [6.],
   [6.],
   [6.],
   [6.],
   [6.],
   [6.],
   [6.],
   [6.],
   [3.],
   [0.],
   [0.],
   [0.],
   [0.],
   [0.],
   [0.],
   [0.]],

  [[0.],
   [0.],
   [0.],
   [0.],
   [0.],
   [0.],
   [0.],
   [0.],
   [0.],
   [0.],
   [0.],
   [0.],
   [0.],
   [1.],
   [0.],
   [1.],
   [1.],
   [1.],
   [1.],
   [0.],
   [6.],
   [6.],
   [2.],
   [0.],
   [0.],
   [0.],
   [0.],
   [0.],
   [0.],
   [0.]],

  [[0.],
   [0.],
   [0.],
   [0.],
   [0.],
   [0.],
   [0.],
   [0.],
   [0.],
   [0.],
   [0.],
   [0.],
   [0.],
   [0.],
   [0.],
   [0.],
   [0.],
   [0.],
   [0.],
   [2.],
   [6.],
   [5.],
   [0.],
   [0.],
   [0.],
   [0.],
   [0.],
   [0.],
   [0.],
   [0.]],

  [[0.],
   [0.],
   [0.],
   [0.],
   [0.],
   [0.],
   [0.],
   [0.],
   [0.],
   [0.],
   [0.],
   [0.],
   [0.],
   [0.],
   [0.],
   [0.],
   [0.],
   [0.],
   [0.],
   [6.],
   [7.],
   [2.],
   [0.],
   [0.],
   [0.],
   [0.],
   [0.],
   [0.],
   [0.],
   [0.]],

  [[0.],
   [0.],
   [0.],
   [0.],
   [0.],
   [0.],
   [0.],
   [0.],
   [0.],
   [0.],
   [0.],
   [0.],
   [0.],
   [0.],
   [0.],
   [0.],
   [0.],
   [0.],
   [3.],
   [6.],
   [6.],
   [1.],
   [0.],
   [0.],
   [0.],
   [0.],
   [0.],
   [0.],
   [0.],
   [0.]],

  [[0.],
   [0.],
   [0.],
   [0.],
   [0.],
   [0.],
   [0.],
   [0.],
   [0.],
   [0.],
   [0.],
   [0.],
   [0.],
   [0.],
   [0.],
   [0.],
   [0.],
   [1.],
   [6.],
   [6.],
   [1.],
   [0.],
   [0.],
   [0.],
   [0.],
   [0.],
   [0.],
   [0.],
   [0.],
   [0.]],

  [[0.],
   [0.],
   [0.],
   [0.],
   [0.],
   [0.],
   [0.],
   [0.],
   [0.],
   [0.],
   [0.],
   [0.],
   [0.],
   [0.],
   [0.],
   [0.],
   [0.],
   [3.],
   [6.],
   [5.],
   [0.],
   [0.],
   [0.],
   [0.],
   [0.],
   [0.],
   [0.],
   [0.],
   [0.],
   [0.]],

  [[0.],
   [0.],
   [0.],
   [0.],
   [0.],
   [0.],
   [0.],
   [0.],
   [0.],
   [0.],
   [0.],
   [0.],
   [0.],
   [0.],
   [0.],
   [0.],
   [0.],
   [5.],
   [6.],
   [1.],
   [0.],
   [0.],
   [0.],
   [0.],
   [0.],
   [0.],
   [0.],
   [0.],
   [0.],
   [0.]],

  [[0.],
   [0.],
   [0.],
   [0.],
   [0.],
   [0.],
   [0.],
   [0.],
   [0.],
   [0.],
   [0.],
   [0.],
   [0.],
   [0.],
   [0.],
   [0.],
   [3.],
   [6.],
   [4.],
   [0.],
   [0.],
   [0.],
   [0.],
   [0.],
   [0.],
   [0.],
   [0.],
   [0.],
   [0.],
   [0.]],

  [[0.],
   [0.],
   [0.],
   [0.],
   [0.],
   [0.],
   [0.],
   [0.],
   [0.],
   [0.],
   [0.],
   [0.],
   [0.],
   [0.],
   [0.],
   [2.],
   [6.],
   [6.],
   [1.],
   [0.],
   [0.],
   [0.],
   [0.],
   [0.],
   [0.],
   [0.],
   [0.],
   [0.],
   [0.],
   [0.]],

  [[0.],
   [0.],
   [0.],
   [0.],
   [0.],
   [0.],
   [0.],
   [0.],
   [0.],
   [0.],
   [0.],
   [0.],
   [0.],
   [0.],
   [0.],
   [6.],
   [6.],
   [4.],
   [0.],
   [0.],
   [0.],
   [0.],
   [0.],
   [0.],
   [0.],
   [0.],
   [0.],
   [0.],
   [0.],
   [0.]],

  [[0.],
   [0.],
   [0.],
   [0.],
   [0.],
   [0.],
   [0.],
   [0.],
   [0.],
   [0.],
   [0.],
   [0.],
   [0.],
   [0.],
   [5.],
   [6.],
   [6.],
   [0.],
   [0.],
   [0.],
   [0.],
   [0.],
   [0.],
   [0.],
   [0.],
   [0.],
   [0.],
   [0.],
   [0.],
   [0.]],

  [[0.],
   [0.],
   [0.],
   [0.],
   [0.],
   [0.],
   [0.],
   [0.],
   [0.],
   [0.],
   [0.],
   [0.],
   [0.],
   [1.],
   [6.],
   [6.],
   [2.],
   [0.],
   [0.],
   [0.],
   [0.],
   [0.],
   [0.],
   [0.],
   [0.],
   [0.],
   [0.],
   [0.],
   [0.],
   [0.]],

  [[0.],
   [0.],
   [0.],
   [0.],
   [0.],
   [0.],
   [0.],
   [0.],
   [0.],
   [0.],
   [0.],
   [0.],
   [0.],
   [6.],
   [6.],
   [3.],
   [0.],
   [0.],
   [0.],
   [0.],
   [0.],
   [0.],
   [0.],
   [0.],
   [0.],
   [0.],
   [0.],
   [0.],
   [0.],
   [0.]],

  [[0.],
   [0.],
   [0.],
   [0.],
   [0.],
   [0.],
   [0.],
   [0.],
   [0.],
   [0.],
   [0.],
   [0.],
   [3.],
   [6.],
   [6.],
   [1.],
   [0.],
   [0.],
   [0.],
   [0.],
   [0.],
   [0.],
   [0.],
   [0.],
   [0.],
   [0.],
   [0.],
   [0.],
   [0.],
   [0.]],

  [[0.],
   [0.],
   [0.],
   [0.],
   [0.],
   [0.],
   [0.],
   [0.],
   [0.],
   [0.],
   [0.],
   [1.],
   [6.],
   [6.],
   [6.],
   [1.],
   [0.],
   [0.],
   [0.],
   [0.],
   [0.],
   [0.],
   [0.],
   [0.],
   [0.],
   [0.],
   [0.],
   [0.],
   [0.],
   [0.]],

  [[0.],
   [0.],
   [0.],
   [0.],
   [0.],
   [0.],
   [0.],
   [0.],
   [0.],
   [0.],
   [0.],
   [3.],
   [6.],
   [6.],
   [6.],
   [1.],
   [0.],
   [0.],
   [0.],
   [0.],
   [0.],
   [0.],
   [0.],
   [0.],
   [0.],
   [0.],
   [0.],
   [0.],
   [0.],
   [0.]],

  [[0.],
   [0.],
   [0.],
   [0.],
   [0.],
   [0.],
   [0.],
   [0.],
   [0.],
   [0.],
   [0.],
   [3.],
   [6.],
   [5.],
   [0.],
   [0.],
   [0.],
   [0.],
   [0.],
   [0.],
   [0.],
   [0.],
   [0.],
   [0.],
   [0.],
   [0.],
   [0.],
   [0.],
   [0.],
   [0.]],

  [[0.],
   [0.],
   [0.],
   [0.],
   [0.],
   [0.],
   [0.],
   [0.],
   [0.],
   [0.],
   [0.],
   [0.],
   [0.],
   [0.],
   [0.],
   [0.],
   [0.],
   [0.],
   [0.],
   [0.],
   [0.],
   [0.],
   [0.],
   [0.],
   [0.],
   [0.],
   [0.],
   [0.],
   [0.],
   [0.]],

  [[0.],
   [0.],
   [0.],
   [0.],
   [0.],
   [0.],
   [0.],
   [0.],
   [0.],
   [0.],
   [0.],
   [0.],
   [0.],
   [0.],
   [0.],
   [0.],
   [0.],
   [0.],
   [0.],
   [0.],
   [0.],
   [0.],
   [0.],
   [0.],
   [0.],
   [0.],
   [0.],
   [0.],
   [0.],
   [0.]]]]

🔹 Layer: conv2d_2
   📐 Output Shape: (1, 28, 28, 4)
   🔢 Output Values:
[[[[  0.,   0.,   0.,   0.],
   [  0.,   0.,   0.,   0.],
   [  0.,   0.,   0.,   0.],
   [  0.,   0.,   0.,   0.],
   [  0.,   0.,   0.,   0.],
   [  0.,   0.,   0.,   0.],
   [  0.,   0.,   0.,   0.],
   [  0.,   0.,   0.,   0.],
   [  0.,   0.,   0.,   0.],
   [  0.,   0.,   0.,   0.],
   [  0.,   0.,   0.,   0.],
   [  0.,   0.,   0.,   0.],
   [  0.,   0.,   0.,   0.],
   [  0.,   0.,   0.,   0.],
   [  0.,   0.,   0.,   0.],
   [  0.,   0.,   0.,   0.],
   [  0.,   0.,   0.,   0.],
   [  0.,   0.,   0.,   0.],
   [  0.,   0.,   0.,   0.],
   [  0.,   0.,   0.,   0.],
   [  0.,   0.,   0.,   0.],
   [  0.,   0.,   0.,   0.],
   [  0.,   0.,   0.,   0.],
   [  0.,   0.,   0.,   0.],
   [  0.,   0.,   0.,   0.],
   [  0.,   0.,   0.,   0.],
   [  0.,   0.,   0.,   0.],
   [  0.,   0.,   0.,   0.]],

  [[  0.,   0.,   0.,   0.],
   [  0.,   0.,   0.,   0.],
   [  0.,   0.,   0.,   0.],
   [  0.,   0.,   0.,   0.],
   [  0.,   0.,   0.,   0.],
   [  0.,   0.,   0.,   0.],
   [  0.,   0.,   0.,   0.],
   [  0.,   0.,   0.,   0.],
   [  0.,   0.,   0.,   0.],
   [  0.,   0.,   0.,   0.],
   [  0.,   0.,   0.,   0.],
   [  0.,   0.,   0.,   0.],
   [  0.,   0.,   0.,   0.],
   [  0.,   0.,   0.,   0.],
   [  0.,   0.,   0.,   0.],
   [  0.,   0.,   0.,   0.],
   [  0.,   0.,   0.,   0.],
   [  0.,   0.,   0.,   0.],
   [  0.,   0.,   0.,   0.],
   [  0.,   0.,   0.,   0.],
   [  0.,   0.,   0.,   0.],
   [  0.,   0.,   0.,   0.],
   [  0.,   0.,   0.,   0.],
   [  0.,   0.,   0.,   0.],
   [  0.,   0.,   0.,   0.],
   [  0.,   0.,   0.,   0.],
   [  0.,   0.,   0.,   0.],
   [  0.,   0.,   0.,   0.]],

  [[  0.,   0.,   0.,   0.],
   [  0.,   0.,   0.,   0.],
   [  0.,   0.,   0.,   0.],
   [  0.,   0.,   0.,   0.],
   [  0.,   0.,   0.,   0.],
   [  0.,   0.,   0.,   0.],
   [  0.,   0.,   0.,   0.],
   [  0.,   0.,   0.,   0.],
   [  0.,   0.,   0.,   0.],
   [  0.,   0.,   0.,   0.],
   [  0.,   0.,   0.,   0.],
   [  0.,   0.,   0.,   0.],
   [  0.,   0.,   0.,   0.],
   [  0.,   0.,   0.,   0.],
   [  0.,   0.,   0.,   0.],
   [  0.,   0.,   0.,   0.],
   [  0.,   0.,   0.,   0.],
   [  0.,   0.,   0.,   0.],
   [  0.,   0.,   0.,   0.],
   [  0.,   0.,   0.,   0.],
   [  0.,   0.,   0.,   0.],
   [  0.,   0.,   0.,   0.],
   [  0.,   0.,   0.,   0.],
   [  0.,   0.,   0.,   0.],
   [  0.,   0.,   0.,   0.],
   [  0.,   0.,   0.,   0.],
   [  0.,   0.,   0.,   0.],
   [  0.,   0.,   0.,   0.]],

  [[  0.,   0.,   0.,   0.],
   [  0.,   0.,   0.,   0.],
   [  0.,   0.,   0.,   0.],
   [  0.,   0.,   0.,   0.],
   [  0.,   0.,   0.,   0.],
   [  0.,   0.,   0.,   0.],
   [  0.,   0.,   0.,   0.],
   [  0.,   0.,   0.,   0.],
   [  0.,   0.,   0.,   0.],
   [  0.,   0.,   0.,   0.],
   [  0.,   0.,   0.,   0.],
   [  0.,   0.,   0.,   0.],
   [  0.,   0.,   0.,   0.],
   [  0.,   0.,   0.,   0.],
   [  0.,   0.,   0.,   0.],
   [  0.,   0.,   0.,   0.],
   [  0.,   0.,   0.,   0.],
   [  0.,   0.,   0.,   0.],
   [  0.,   0.,   0.,   0.],
   [  0.,   0.,   0.,   0.],
   [  0.,   0.,   0.,   0.],
   [  0.,   0.,   0.,   0.],
   [  0.,   0.,   0.,   0.],
   [  0.,   0.,   0.,   0.],
   [  0.,   0.,   0.,   0.],
   [  0.,   0.,   0.,   0.],
   [  0.,   0.,   0.,   0.],
   [  0.,   0.,   0.,   0.]],

  [[  0.,   0.,   0.,   0.],
   [  0.,   0.,   0.,   0.],
   [  0.,   0.,   0.,   0.],
   [  0.,   0.,   0.,   0.],
   [  0.,   0.,   0.,   0.],
   [  0.,   0.,   0.,   0.],
   [  0.,   0.,   0.,   0.],
   [  0.,   0.,   0.,   0.],
   [  0.,   0.,   0.,   0.],
   [  0.,   0.,   0.,   0.],
   [  0.,   0.,   0.,   0.],
   [  0.,   0.,   0.,   0.],
   [  0.,   0.,   0.,   0.],
   [  0.,   0.,   0.,   0.],
   [  0.,   0.,   0.,   0.],
   [  0.,   0.,   0.,   0.],
   [  0.,   0.,   0.,   0.],
   [  0.,   0.,   0.,   0.],
   [  0.,   0.,   0.,   0.],
   [  0.,   0.,   0.,   0.],
   [  0.,   0.,   0.,   0.],
   [  0.,   0.,   0.,   0.],
   [  0.,   0.,   0.,   0.],
   [  0.,   0.,   0.,   0.],
   [  0.,   0.,   0.,   0.],
   [  0.,   0.,   0.,   0.],
   [  0.,   0.,   0.,   0.],
   [  0.,   0.,   0.,   0.]],

  [[  0.,   0.,   0.,   0.],
   [  0.,   0.,   0.,   0.],
   [  0.,   0.,   0.,   0.],
   [  0.,   0.,   0.,   0.],
   [  0.,   0.,   0.,   0.],
   [  0.,   0.,   0.,   0.],
   [  0.,   0.,   0.,   0.],
   [  0.,   0.,   0.,   0.],
   [  0.,   0.,   0.,   0.],
   [  0.,   0.,   0.,   0.],
   [  0.,   0.,   0.,   0.],
   [  0.,   0.,   0.,   0.],
   [  0.,   0.,   0.,   0.],
   [  0.,   0.,   0.,   0.],
   [  0.,   0.,   0.,   0.],
   [  0.,   0.,   0.,   0.],
   [  0.,   0.,   0.,   0.],
   [  0.,   0.,   0.,   0.],
   [  0.,   0.,   0.,   0.],
   [  0.,   0.,   0.,   0.],
   [  0.,   0.,   0.,   0.],
   [  0.,   0.,   0.,   0.],
   [  0.,   0.,   0.,   0.],
   [  0.,   0.,   0.,   0.],
   [  0.,   0.,   0.,   0.],
   [  0.,   0.,   0.,   0.],
   [  0.,   0.,   0.,   0.],
   [  0.,   0.,   0.,   0.]],

  [[  0.,   0.,   0.,   0.],
   [  0.,   0.,   0.,   0.],
   [  0.,   0.,   0.,   0.],
   [  0.,   0.,   0.,   0.],
   [  0.,   0.,   0.,   0.],
   [  0.,   0.,  10.,   6.],
   [  0.,   0.,  19.,  23.],
   [ 18.,   0.,   0.,  26.],
   [ 18.,   0.,   0.,  13.],
   [ 28.,   0.,   0.,   7.],
   [ 14.,   0.,   0.,   0.],
   [  2.,   0.,   0.,   0.],
   [  0.,   0.,   0.,   0.],
   [  0.,   0.,   0.,   0.],
   [  0.,   0.,   0.,   0.],
   [  0.,   0.,   0.,   0.],
   [  0.,   0.,   0.,   0.],
   [  0.,   0.,   0.,   0.],
   [  0.,   0.,   0.,   0.],
   [  0.,   0.,   0.,   0.],
   [  0.,   0.,   0.,   0.],
   [  0.,   0.,   0.,   0.],
   [  0.,   0.,   0.,   0.],
   [  0.,   0.,   0.,   0.],
   [  0.,   0.,   0.,   0.],
   [  0.,   0.,   0.,   0.],
   [  0.,   0.,   0.,   0.],
   [  0.,   0.,   0.,   0.]],

  [[  0.,   0.,   0.,   0.],
   [  0.,   0.,   0.,   0.],
   [  0.,   0.,   0.,   0.],
   [  0.,   0.,   0.,   0.],
   [  0.,   0.,   0.,   0.],
   [  0.,   0.,  36.,  28.],
   [ 15.,   0.,  13.,  71.],
   [ 16.,   0.,   0.,  40.],
   [ 37.,   0.,   0.,  17.],
   [ 23.,   0.,   0.,   9.],
   [ 38.,   0.,   0.,   0.],
   [ 33.,   0.,   0.,  14.],
   [ 22.,   0.,   0.,  17.],
   [ 20.,   0.,   0.,  20.],
   [ 20.,   0.,   0.,  20.],
   [ 20.,   0.,   0.,  20.],
   [ 20.,   0.,   0.,  20.],
   [ 20.,   0.,   0.,  20.],
   [ 20.,   0.,   0.,  20.],
   [ 24.,   0.,   0.,  17.],
   [ 30.,   0.,   0.,   4.],
   [ 14.,   0.,   0.,   0.],
   [  2.,   0.,   0.,   0.],
   [  0.,   0.,   0.,   0.],
   [  0.,   0.,   0.,   0.],
   [  0.,   0.,   0.,   0.],
   [  0.,   0.,   0.,   0.],
   [  0.,   0.,   0.,   0.]],

  [[  0.,   0.,   0.,   0.],
   [  0.,   0.,   0.,   0.],
   [  0.,   0.,   0.,   0.],
   [  0.,   0.,   0.,   0.],
   [  0.,   0.,   0.,   0.],
   [  2.,   2.,  17.,  43.],
   [  0.,   9.,   0.,  78.],
   [ 38.,   0.,   0.,  17.],
   [ 39.,   0.,   1.,   0.],
   [ 54.,   0.,  19.,   2.],
   [ 50.,   0.,  16.,   4.],
   [ 36.,   0.,   1.,  20.],
   [ 39.,   0.,   0.,  17.],
   [ 34.,   0.,   0.,  24.],
   [ 34.,   0.,   0.,  24.],
   [ 34.,   0.,   0.,  24.],
   [ 34.,   0.,   0.,  24.],
   [ 34.,   0.,   0.,  24.],
   [ 34.,   0.,   0.,  24.],
   [ 31.,   0.,   0.,  19.],
   [ 40.,   0.,   0.,   0.],
   [ 44.,   0.,   0.,   0.],
   [ 11.,   0.,   0.,   0.],
   [  0.,   0.,   0.,   0.],
   [  0.,   0.,   0.,   0.],
   [  0.,   0.,   0.,   0.],
   [  0.,   0.,   0.,   0.],
   [  0.,   0.,   0.,   0.]],

  [[  0.,   0.,   0.,   0.],
   [  0.,   0.,   0.,   0.],
   [  0.,   0.,   0.,   0.],
   [  0.,   0.,   0.,   0.],
   [  0.,   0.,   0.,   0.],
   [  0.,  35.,   0.,  35.],
   [  0.,  45.,   0.,  41.],
   [ 20.,  52.,   0.,   0.],
   [ 48.,  48.,   8.,   0.],
   [ 29.,  49.,   0.,  13.],
   [ 39.,  45.,   0.,  11.],
   [ 34.,  34.,   0.,   6.],
   [ 50.,  27.,   0.,   0.],
   [ 35.,  23.,   2.,   0.],
   [ 39.,  22.,   4.,   2.],
   [ 41.,  16.,   0.,   0.],
   [ 41.,  16.,   0.,   0.],
   [ 45.,  20.,   0.,   0.],
   [ 15.,   3.,  27.,  10.],
   [ 55.,   0.,  17.,  32.],
   [ 88.,   0.,   0.,   0.],
   [ 68.,   0.,   0.,   0.],
   [ 26.,   0.,   8.,   0.],
   [  0.,   0.,   0.,   0.],
   [  0.,   0.,   0.,   0.],
   [  0.,   0.,   0.,   0.],
   [  0.,   0.,   0.,   0.],
   [  0.,   0.,   0.,   0.]],

  [[  0.,   0.,   0.,   0.],
   [  0.,   0.,   0.,   0.],
   [  0.,   0.,   0.,   0.],
   [  0.,   0.,   0.,   0.],
   [  0.,   0.,   0.,   0.],
   [  0.,   6.,   0.,   5.],
   [  0.,  20.,   0.,  14.],
   [ 13.,  13.,   0.,   0.],
   [  7.,  23.,   0.,   0.],
   [  0.,  31.,   0.,  12.],
   [  1.,  47.,   0.,  11.],
   [ 19.,  51.,   0.,   9.],
   [ 24.,  54.,   0.,   0.],
   [ 38.,  52.,   0.,   0.],
   [ 27.,  53.,   0.,   1.],
   [ 32.,  52.,   0.,   0.],
   [ 32.,  52.,   0.,   0.],
   [ 21.,  45.,   0.,   0.],
   [ 41.,   9.,  36.,  43.],
   [ 32.,   0.,   0.,  69.],
   [ 90.,   0.,   0.,   0.],
   [ 82.,   0.,   0.,   0.],
   [ 31.,   1.,  12.,   0.],
   [  0.,   0.,   0.,   0.],
   [  0.,   0.,   0.,   0.],
   [  0.,   0.,   0.,   0.],
   [  0.,   0.,   0.,   0.],
   [  0.,   0.,   0.,   0.]],

  [[  0.,   0.,   0.,   0.],
   [  0.,   0.,   0.,   0.],
   [  0.,   0.,   0.,   0.],
   [  0.,   0.,   0.,   0.],
   [  0.,   0.,   0.,   0.],
   [  0.,   0.,   0.,   0.],
   [  0.,   0.,   0.,   0.],
   [  0.,   0.,   0.,   0.],
   [  0.,   0.,   0.,   0.],
   [  0.,   0.,   0.,   0.],
   [  0.,   0.,   0.,   0.],
   [  0.,   6.,   0.,   5.],
   [  4.,   2.,   1.,   0.],
   [  1.,   7.,   0.,   0.],
   [  0.,   8.,   0.,   4.],
   [  5.,   9.,   0.,   0.],
   [  5.,   9.,   0.,   0.],
   [  0.,   0.,  37.,  22.],
   [  0.,   0.,   3., 104.],
   [ 23.,   0.,   0.,  63.],
   [ 80.,   0.,   0.,   0.],
   [ 79.,   0.,  22.,   0.],
   [ 14.,   2.,   0.,   0.],
   [  0.,   0.,   0.,   0.],
   [  0.,   0.,   0.,   0.],
   [  0.,   0.,   0.,   0.],
   [  0.,   0.,   0.,   0.],
   [  0.,   0.,   0.,   0.]],

  [[  0.,   0.,   0.,   0.],
   [  0.,   0.,   0.,   0.],
   [  0.,   0.,   0.,   0.],
   [  0.,   0.,   0.,   0.],
   [  0.,   0.,   0.,   0.],
   [  0.,   0.,   0.,   0.],
   [  0.,   0.,   0.,   0.],
   [  0.,   0.,   0.,   0.],
   [  0.,   0.,   0.,   0.],
   [  0.,   0.,   0.,   0.],
   [  0.,   0.,   0.,   0.],
   [  0.,   0.,   0.,   0.],
   [  0.,   0.,   0.,   0.],
   [  0.,   0.,   0.,   0.],
   [  0.,   0.,   0.,   0.],
   [  0.,   0.,   0.,   0.],
   [  0.,   0.,  15.,   9.],
   [  0.,   0.,  33.,  70.],
   [  0.,   0.,   0., 108.],
   [ 46.,   0.,   0.,   0.],
   [103.,   0.,   0.,   0.],
   [ 47.,   0.,   7.,   0.],
   [  0.,   0.,   0.,   0.],
   [  0.,   0.,   0.,   0.],
   [  0.,   0.,   0.,   0.],
   [  0.,   0.,   0.,   0.],
   [  0.,   0.,   0.,   0.],
   [  0.,   0.,   0.,   0.]],

  [[  0.,   0.,   0.,   0.],
   [  0.,   0.,   0.,   0.],
   [  0.,   0.,   0.,   0.],
   [  0.,   0.,   0.,   0.],
   [  0.,   0.,   0.,   0.],
   [  0.,   0.,   0.,   0.],
   [  0.,   0.,   0.,   0.],
   [  0.,   0.,   0.,   0.],
   [  0.,   0.,   0.,   0.],
   [  0.,   0.,   0.,   0.],
   [  0.,   0.,   0.,   0.],
   [  0.,   0.,   0.,   0.],
   [  0.,   0.,   0.,   0.],
   [  0.,   0.,   0.,   0.],
   [  0.,   0.,   0.,   0.],
   [  0.,   0.,   5.,   3.],
   [  0.,   0.,  36.,  37.],
   [  0.,   0.,   0., 105.],
   [ 23.,   0.,   0.,  59.],
   [ 73.,   0.,   0.,   0.],
   [ 83.,   0.,  26.,   0.],
   [ 19.,   1.,   6.,   0.],
   [  0.,   0.,   0.,   0.],
   [  0.,   0.,   0.,   0.],
   [  0.,   0.,   0.,   0.],
   [  0.,   0.,   0.,   0.],
   [  0.,   0.,   0.,   0.],
   [  0.,   0.,   0.,   0.]],

  [[  0.,   0.,   0.,   0.],
   [  0.,   0.,   0.,   0.],
   [  0.,   0.,   0.,   0.],
   [  0.,   0.,   0.,   0.],
   [  0.,   0.,   0.,   0.],
   [  0.,   0.,   0.,   0.],
   [  0.,   0.,   0.,   0.],
   [  0.,   0.,   0.,   0.],
   [  0.,   0.,   0.,   0.],
   [  0.,   0.,   0.,   0.],
   [  0.,   0.,   0.,   0.],
   [  0.,   0.,   0.,   0.],
   [  0.,   0.,   0.,   0.],
   [  0.,   0.,   0.,   0.],
   [  0.,   0.,   0.,   0.],
   [  0.,   0.,  18.,  14.],
   [  0.,   0.,  23.,  77.],
   [  0.,   0.,   0.,  92.],
   [ 48.,   0.,   0.,   0.],
   [ 94.,   0.,   7.,   0.],
   [ 51.,   7.,   7.,   0.],
   [  7.,   1.,   0.,   0.],
   [  0.,   0.,   0.,   0.],
   [  0.,   0.,   0.,   0.],
   [  0.,   0.,   0.,   0.],
   [  0.,   0.,   0.,   0.],
   [  0.,   0.,   0.,   0.],
   [  0.,   0.,   0.,   0.]],

  [[  0.,   0.,   0.,   0.],
   [  0.,   0.,   0.,   0.],
   [  0.,   0.,   0.,   0.],
   [  0.,   0.,   0.,   0.],
   [  0.,   0.,   0.,   0.],
   [  0.,   0.,   0.,   0.],
   [  0.,   0.,   0.,   0.],
   [  0.,   0.,   0.,   0.],
   [  0.,   0.,   0.,   0.],
   [  0.,   0.,   0.,   0.],
   [  0.,   0.,   0.,   0.],
   [  0.,   0.,   0.,   0.],
   [  0.,   0.,   0.,   0.],
   [  0.,   0.,   0.,   0.],
   [  0.,   0.,   0.,   0.],
   [  0.,   0.,  31.,  35.],
   [  0.,   0.,   0., 103.],
   [ 31.,   0.,   0.,  47.],
   [ 78.,   0.,   0.,   0.],
   [ 73.,   0.,  26.,   0.],
   [  7.,   1.,   0.,   0.],
   [  0.,   0.,   0.,   0.],
   [  0.,   0.,   0.,   0.],
   [  0.,   0.,   0.,   0.],
   [  0.,   0.,   0.,   0.],
   [  0.,   0.,   0.,   0.],
   [  0.,   0.,   0.,   0.],
   [  0.,   0.,   0.,   0.]],

  [[  0.,   0.,   0.,   0.],
   [  0.,   0.,   0.,   0.],
   [  0.,   0.,   0.,   0.],
   [  0.,   0.,   0.,   0.],
   [  0.,   0.,   0.,   0.],
   [  0.,   0.,   0.,   0.],
   [  0.,   0.,   0.,   0.],
   [  0.,   0.,   0.,   0.],
   [  0.,   0.,   0.,   0.],
   [  0.,   0.,   0.,   0.],
   [  0.,   0.,   0.,   0.],
   [  0.,   0.,   0.,   0.],
   [  0.,   0.,   0.,   0.],
   [  0.,   0.,   0.,   0.],
   [  0.,   0.,  15.,   9.],
   [  0.,   0.,  27.,  70.],
   [  0.,   0.,   0.,  94.],
   [ 43.,   0.,   0.,   0.],
   [ 94.,   0.,  14.,   0.],
   [ 40.,   4.,   6.,   0.],
   [  0.,   0.,   0.,   0.],
   [  0.,   0.,   0.,   0.],
   [  0.,   0.,   0.,   0.],
   [  0.,   0.,   0.,   0.],
   [  0.,   0.,   0.,   0.],
   [  0.,   0.,   0.,   0.],
   [  0.,   0.,   0.,   0.],
   [  0.,   0.,   0.,   0.]],

  [[  0.,   0.,   0.,   0.],
   [  0.,   0.,   0.,   0.],
   [  0.,   0.,   0.,   0.],
   [  0.,   0.,   0.,   0.],
   [  0.,   0.,   0.,   0.],
   [  0.,   0.,   0.,   0.],
   [  0.,   0.,   0.,   0.],
   [  0.,   0.,   0.,   0.],
   [  0.,   0.,   0.,   0.],
   [  0.,   0.,   0.,   0.],
   [  0.,   0.,   0.,   0.],
   [  0.,   0.,   0.,   0.],
   [  0.,   0.,   0.,   0.],
   [  0.,   0.,  10.,   6.],
   [  0.,   0.,  33.,  41.],
   [  0.,   0.,   0.,  97.],
   [ 19.,   0.,   0.,  45.],
   [ 77.,   0.,   0.,   0.],
   [ 68.,   0.,  20.,   0.],
   [  7.,   1.,   0.,   0.],
   [  0.,   0.,   0.,   0.],
   [  0.,   0.,   0.,   0.],
   [  0.,   0.,   0.,   0.],
   [  0.,   0.,   0.,   0.],
   [  0.,   0.,   0.,   0.],
   [  0.,   0.,   0.,   0.],
   [  0.,   0.,   0.,   0.],
   [  0.,   0.,   0.,   0.]],

  [[  0.,   0.,   0.,   0.],
   [  0.,   0.,   0.,   0.],
   [  0.,   0.,   0.,   0.],
   [  0.,   0.,   0.,   0.],
   [  0.,   0.,   0.,   0.],
   [  0.,   0.,   0.,   0.],
   [  0.,   0.,   0.,   0.],
   [  0.,   0.,   0.,   0.],
   [  0.,   0.,   0.,   0.],
   [  0.,   0.,   0.,   0.],
   [  0.,   0.,   0.,   0.],
   [  0.,   0.,   0.,   0.],
   [  0.,   0.,   0.,   0.],
   [  0.,   0.,  36.,  28.],
   [  0.,   0.,   7.,  91.],
   [  0.,   0.,   0.,  73.],
   [ 54.,   0.,   0.,   0.],
   [ 90.,   0.,  13.,   0.],
   [ 33.,   3.,   6.,   0.],
   [  0.,   0.,   0.,   0.],
   [  0.,   0.,   0.,   0.],
   [  0.,   0.,   0.,   0.],
   [  0.,   0.,   0.,   0.],
   [  0.,   0.,   0.,   0.],
   [  0.,   0.,   0.,   0.],
   [  0.,   0.,   0.,   0.],
   [  0.,   0.,   0.,   0.],
   [  0.,   0.,   0.,   0.]],

  [[  0.,   0.,   0.,   0.],
   [  0.,   0.,   0.,   0.],
   [  0.,   0.,   0.,   0.],
   [  0.,   0.,   0.,   0.],
   [  0.,   0.,   0.,   0.],
   [  0.,   0.,   0.,   0.],
   [  0.,   0.,   0.,   0.],
   [  0.,   0.,   0.,   0.],
   [  0.,   0.,   0.,   0.],
   [  0.,   0.,   0.,   0.],
   [  0.,   0.,   0.,   0.],
   [  0.,   0.,   0.,   0.],
   [  0.,   0.,  25.,  15.],
   [ 12.,   0.,  27.,  78.],
   [  0.,   0.,   0.,  97.],
   [ 56.,   0.,   0.,  10.],
   [ 78.,   0.,   0.,   0.],
   [ 66.,   4.,  25.,   0.],
   [  7.,   1.,   0.,   0.],
   [  0.,   0.,   0.,   0.],
   [  0.,   0.,   0.,   0.],
   [  0.,   0.,   0.,   0.],
   [  0.,   0.,   0.,   0.],
   [  0.,   0.,   0.,   0.],
   [  0.,   0.,   0.,   0.],
   [  0.,   0.,   0.,   0.],
   [  0.,   0.,   0.,   0.],
   [  0.,   0.,   0.,   0.]],

  [[  0.,   0.,   0.,   0.],
   [  0.,   0.,   0.,   0.],
   [  0.,   0.,   0.,   0.],
   [  0.,   0.,   0.,   0.],
   [  0.,   0.,   0.,   0.],
   [  0.,   0.,   0.,   0.],
   [  0.,   0.,   0.,   0.],
   [  0.,   0.,   0.,   0.],
   [  0.,   0.,   0.,   0.],
   [  0.,   0.,   0.,   0.],
   [  0.,   0.,   0.,   0.],
   [  0.,   0.,   5.,   3.],
   [  0.,   0.,  42.,  47.],
   [  0.,   0.,   0., 109.],
   [ 35.,   0.,   0.,  43.],
   [ 60.,   0.,   0.,   0.],
   [ 92.,   0.,  30.,   0.],
   [ 28.,   4.,   0.,   0.],
   [  0.,   0.,   0.,   0.],
   [  0.,   0.,   0.,   0.],
   [  0.,   0.,   0.,   0.],
   [  0.,   0.,   0.,   0.],
   [  0.,   0.,   0.,   0.],
   [  0.,   0.,   0.,   0.],
   [  0.,   0.,   0.,   0.],
   [  0.,   0.,   0.,   0.],
   [  0.,   0.,   0.,   0.],
   [  0.,   0.,   0.,   0.]],

  [[  0.,   0.,   0.,   0.],
   [  0.,   0.,   0.,   0.],
   [  0.,   0.,   0.,   0.],
   [  0.,   0.,   0.,   0.],
   [  0.,   0.,   0.,   0.],
   [  0.,   0.,   0.,   0.],
   [  0.,   0.,   0.,   0.],
   [  0.,   0.,   0.,   0.],
   [  0.,   0.,   0.,   0.],
   [  0.,   0.,   0.,   0.],
   [  0.,   0.,   0.,   0.],
   [  0.,   0.,  33.,  23.],
   [  0.,   0.,   8.,  99.],
   [  7.,   0.,   0.,  75.],
   [ 53.,   0.,   0.,   0.],
   [ 90.,   0.,  13.,   0.],
   [ 52.,   4.,  12.,   0.],
   [  0.,   0.,   0.,   0.],
   [  0.,   0.,   0.,   0.],
   [  0.,   0.,   0.,   0.],
   [  0.,   0.,   0.,   0.],
   [  0.,   0.,   0.,   0.],
   [  0.,   0.,   0.,   0.],
   [  0.,   0.,   0.,   0.],
   [  0.,   0.,   0.,   0.],
   [  0.,   0.,   0.,   0.],
   [  0.,   0.,   0.,   0.],
   [  0.,   0.,   0.,   0.]],

  [[  0.,   0.,   0.,   0.],
   [  0.,   0.,   0.,   0.],
   [  0.,   0.,   0.,   0.],
   [  0.,   0.,   0.,   0.],
   [  0.,   0.,   0.,   0.],
   [  0.,   0.,   0.,   0.],
   [  0.,   0.,   0.,   0.],
   [  0.,   0.,   0.,   0.],
   [  0.,   0.,   0.,   0.],
   [  0.,   0.,   0.,   0.],
   [  0.,   0.,  15.,   9.],
   [  6.,   0.,  36.,  65.],
   [  0.,   0.,   0., 104.],
   [ 42.,   0.,   0.,  13.],
   [ 84.,   0.,   0.,   0.],
   [ 67.,   1.,  15.,   0.],
   [ 14.,   2.,   0.,   0.],
   [  0.,   0.,   0.,   0.],
   [  0.,   0.,   0.,   0.],
   [  0.,   0.,   0.,   0.],
   [  0.,   0.,   0.,   0.],
   [  0.,   0.,   0.,   0.],
   [  0.,   0.,   0.,   0.],
   [  0.,   0.,   0.,   0.],
   [  0.,   0.,   0.,   0.],
   [  0.,   0.,   0.,   0.],
   [  0.,   0.,   0.,   0.],
   [  0.,   0.,   0.,   0.]],

  [[  0.,   0.,   0.,   0.],
   [  0.,   0.,   0.,   0.],
   [  0.,   0.,   0.,   0.],
   [  0.,   0.,   0.,   0.],
   [  0.,   0.,   0.,   0.],
   [  0.,   0.,   0.,   0.],
   [  0.,   0.,   0.,   0.],
   [  0.,   0.,   0.,   0.],
   [  0.,   0.,   0.,   0.],
   [  0.,   0.,   5.,   3.],
   [  0.,   0.,  36.,  37.],
   [  0.,   0.,   0., 105.],
   [  9.,   0.,   0.,  69.],
   [ 89.,   0.,   0.,   0.],
   [ 96.,   0.,   0.,   0.],
   [ 28.,   0.,   1.,   0.],
   [  0.,   0.,   0.,   0.],
   [  0.,   0.,   0.,   0.],
   [  0.,   0.,   0.,   0.],
   [  0.,   0.,   0.,   0.],
   [  0.,   0.,   0.,   0.],
   [  0.,   0.,   0.,   0.],
   [  0.,   0.,   0.,   0.],
   [  0.,   0.,   0.,   0.],
   [  0.,   0.,   0.,   0.],
   [  0.,   0.,   0.,   0.],
   [  0.,   0.,   0.,   0.],
   [  0.,   0.,   0.,   0.]],

  [[  0.,   0.,   0.,   0.],
   [  0.,   0.,   0.,   0.],
   [  0.,   0.,   0.,   0.],
   [  0.,   0.,   0.,   0.],
   [  0.,   0.,   0.,   0.],
   [  0.,   0.,   0.,   0.],
   [  0.,   0.,   0.,   0.],
   [  0.,   0.,   0.,   0.],
   [  0.,   0.,   0.,   0.],
   [  0.,   0.,  18.,  14.],
   [  0.,   0.,  23.,  77.],
   [  0.,   0.,   0.,  95.],
   [ 45.,   0.,   0.,  33.],
   [101.,   0.,   0.,   0.],
   [ 88.,   0.,   0.,   0.],
   [ 14.,   0.,   1.,   0.],
   [  0.,   0.,   0.,   0.],
   [  0.,   0.,   0.,   0.],
   [  0.,   0.,   0.,   0.],
   [  0.,   0.,   0.,   0.],
   [  0.,   0.,   0.,   0.],
   [  0.,   0.,   0.,   0.],
   [  0.,   0.,   0.,   0.],
   [  0.,   0.,   0.,   0.],
   [  0.,   0.,   0.,   0.],
   [  0.,   0.,   0.,   0.],
   [  0.,   0.,   0.,   0.],
   [  0.,   0.,   0.,   0.]],

  [[  0.,   0.,   0.,   0.],
   [  0.,   0.,   0.,   0.],
   [  0.,   0.,   0.,   0.],
   [  0.,   0.,   0.,   0.],
   [  0.,   0.,   0.,   0.],
   [  0.,   0.,   0.,   0.],
   [  0.,   0.,   0.,   0.],
   [  0.,   0.,   0.,   0.],
   [  0.,   0.,   0.,   0.],
   [  0.,   0.,  21.,  29.],
   [  0.,   0.,   1.,  95.],
   [ 14.,   0.,   0.,  70.],
   [ 84.,   0.,   0.,   0.],
   [ 67.,   0.,   0.,   0.],
   [ 70.,   2.,  30.,   0.],
   [ 12.,   0.,   6.,   0.],
   [  0.,   0.,   0.,   0.],
   [  0.,   0.,   0.,   0.],
   [  0.,   0.,   0.,   0.],
   [  0.,   0.,   0.,   0.],
   [  0.,   0.,   0.,   0.],
   [  0.,   0.,   0.,   0.],
   [  0.,   0.,   0.,   0.],
   [  0.,   0.,   0.,   0.],
   [  0.,   0.,   0.,   0.],
   [  0.,   0.,   0.,   0.],
   [  0.,   0.,   0.,   0.],
   [  0.,   0.,   0.,   0.]],

  [[  0.,   0.,   0.,   0.],
   [  0.,   0.,   0.,   0.],
   [  0.,   0.,   0.,   0.],
   [  0.,   0.,   0.,   0.],
   [  0.,   0.,   0.,   0.],
   [  0.,   0.,   0.,   0.],
   [  0.,   0.,   0.,   0.],
   [  0.,   0.,   0.,   0.],
   [  0.,   0.,   0.,   0.],
   [  0.,  15.,   0.,  30.],
   [  0.,  36.,   0.,  63.],
   [  3.,  43.,   0.,  25.],
   [ 30.,  48.,   0.,   0.],
   [ 85.,  19.,  33.,   0.],
   [ 46.,   8.,   1.,   0.],
   [  7.,   1.,   0.,   0.],
   [  0.,   0.,   0.,   0.],
   [  0.,   0.,   0.,   0.],
   [  0.,   0.,   0.,   0.],
   [  0.,   0.,   0.,   0.],
   [  0.,   0.,   0.,   0.],
   [  0.,   0.,   0.,   0.],
   [  0.,   0.,   0.,   0.],
   [  0.,   0.,   0.,   0.],
   [  0.,   0.,   0.,   0.],
   [  0.,   0.,   0.,   0.],
   [  0.,   0.,   0.,   0.],
   [  0.,   0.,   0.,   0.]],

  [[  0.,   0.,   0.,   0.],
   [  0.,   0.,   0.,   0.],
   [  0.,   0.,   0.,   0.],
   [  0.,   0.,   0.,   0.],
   [  0.,   0.,   0.,   0.],
   [  0.,   0.,   0.,   0.],
   [  0.,   0.,   0.,   0.],
   [  0.,   0.,   0.,   0.],
   [  0.,   0.,   0.,   0.],
   [  0.,  18.,   0.,  15.],
   [  0.,  42.,   0.,  27.],
   [ 15.,  45.,   0.,   4.],
   [ 62.,  16.,   5.,   0.],
   [ 35.,   5.,   0.,   0.],
   [  0.,   0.,   0.,   0.],
   [  0.,   0.,   0.,   0.],
   [  0.,   0.,   0.,   0.],
   [  0.,   0.,   0.,   0.],
   [  0.,   0.,   0.,   0.],
   [  0.,   0.,   0.,   0.],
   [  0.,   0.,   0.,   0.],
   [  0.,   0.,   0.,   0.],
   [  0.,   0.,   0.,   0.],
   [  0.,   0.,   0.,   0.],
   [  0.,   0.,   0.,   0.],
   [  0.,   0.,   0.,   0.],
   [  0.,   0.,   0.,   0.],
   [  0.,   0.,   0.,   0.]]]]

🔹 Layer: average_pooling2d_2
   📐 Output Shape: (1, 14, 14, 4)
   🔢 Output Values:
[[[[ 0.  ,  0.  ,  0.  ,  0.  ],
   [ 0.  ,  0.  ,  0.  ,  0.  ],
   [ 0.  ,  0.  ,  0.  ,  0.  ],
   [ 0.  ,  0.  ,  0.  ,  0.  ],
   [ 0.  ,  0.  ,  0.  ,  0.  ],
   [ 0.  ,  0.  ,  0.  ,  0.  ],
   [ 0.  ,  0.  ,  0.  ,  0.  ],
   [ 0.  ,  0.  ,  0.  ,  0.  ],
   [ 0.  ,  0.  ,  0.  ,  0.  ],
   [ 0.  ,  0.  ,  0.  ,  0.  ],
   [ 0.  ,  0.  ,  0.  ,  0.  ],
   [ 0.  ,  0.  ,  0.  ,  0.  ],
   [ 0.  ,  0.  ,  0.  ,  0.  ],
   [ 0.  ,  0.  ,  0.  ,  0.  ]],

  [[ 0.  ,  0.  ,  0.  ,  0.  ],
   [ 0.  ,  0.  ,  0.  ,  0.  ],
   [ 0.  ,  0.  ,  0.  ,  0.  ],
   [ 0.  ,  0.  ,  0.  ,  0.  ],
   [ 0.  ,  0.  ,  0.  ,  0.  ],
   [ 0.  ,  0.  ,  0.  ,  0.  ],
   [ 0.  ,  0.  ,  0.  ,  0.  ],
   [ 0.  ,  0.  ,  0.  ,  0.  ],
   [ 0.  ,  0.  ,  0.  ,  0.  ],
   [ 0.  ,  0.  ,  0.  ,  0.  ],
   [ 0.  ,  0.  ,  0.  ,  0.  ],
   [ 0.  ,  0.  ,  0.  ,  0.  ],
   [ 0.  ,  0.  ,  0.  ,  0.  ],
   [ 0.  ,  0.  ,  0.  ,  0.  ]],

  [[ 0.  ,  0.  ,  0.  ,  0.  ],
   [ 0.  ,  0.  ,  0.  ,  0.  ],
   [ 0.  ,  0.  ,  0.  ,  0.  ],
   [ 0.  ,  0.  ,  0.  ,  0.  ],
   [ 0.  ,  0.  ,  0.  ,  0.  ],
   [ 0.  ,  0.  ,  0.  ,  0.  ],
   [ 0.  ,  0.  ,  0.  ,  0.  ],
   [ 0.  ,  0.  ,  0.  ,  0.  ],
   [ 0.  ,  0.  ,  0.  ,  0.  ],
   [ 0.  ,  0.  ,  0.  ,  0.  ],
   [ 0.  ,  0.  ,  0.  ,  0.  ],
   [ 0.  ,  0.  ,  0.  ,  0.  ],
   [ 0.  ,  0.  ,  0.  ,  0.  ],
   [ 0.  ,  0.  ,  0.  ,  0.  ]],

  [[ 0.  ,  0.  ,  0.  ,  0.  ],
   [ 0.  ,  0.  ,  0.  ,  0.  ],
   [ 0.  ,  0.  , 11.5 ,  8.5 ],
   [12.25,  0.  ,  8.  , 40.  ],
   [26.5 ,  0.  ,  0.  , 11.5 ],
   [21.75,  0.  ,  0.  ,  3.5 ],
   [10.5 ,  0.  ,  0.  ,  9.25],
   [10.  ,  0.  ,  0.  , 10.  ],
   [10.  ,  0.  ,  0.  , 10.  ],
   [11.  ,  0.  ,  0.  ,  9.25],
   [11.  ,  0.  ,  0.  ,  1.  ],
   [ 0.5 ,  0.  ,  0.  ,  0.  ],
   [ 0.  ,  0.  ,  0.  ,  0.  ],
   [ 0.  ,  0.  ,  0.  ,  0.  ]],

  [[ 0.  ,  0.  ,  0.  ,  0.  ],
   [ 0.  ,  0.  ,  0.  ,  0.  ],
   [ 0.5 ,  9.25,  4.25, 19.5 ],
   [14.5 , 26.5 ,  0.  , 34.  ],
   [42.5 , 24.25,  7.  ,  3.75],
   [39.75, 19.75,  4.25, 10.25],
   [39.5 , 12.5 ,  0.5 , 10.25],
   [37.  ,  9.5 ,  1.  , 12.5 ],
   [38.5 ,  9.  ,  0.  , 12.  ],
   [33.75,  0.75, 11.  , 21.25],
   [60.  ,  0.  ,  0.  ,  0.  ],
   [ 9.25,  0.  ,  2.  ,  0.  ],
   [ 0.  ,  0.  ,  0.  ,  0.  ],
   [ 0.  ,  0.  ,  0.  ,  0.  ]],

  [[ 0.  ,  0.  ,  0.  ,  0.  ],
   [ 0.  ,  0.  ,  0.  ,  0.  ],
   [ 0.  ,  1.5 ,  0.  ,  1.25],
   [ 3.25,  8.25,  0.  ,  3.5 ],
   [ 1.75, 13.5 ,  0.  ,  3.  ],
   [ 5.  , 26.  ,  0.  ,  6.25],
   [16.75, 28.75,  0.25,  0.  ],
   [16.  , 30.5 ,  0.  ,  1.25],
   [14.5 , 26.5 ,  9.25,  5.5 ],
   [24.  ,  2.25,  9.75, 69.75],
   [82.75,  0.  ,  5.5 ,  0.  ],
   [11.25,  0.75,  3.  ,  0.  ],
   [ 0.  ,  0.  ,  0.  ,  0.  ],
   [ 0.  ,  0.  ,  0.  ,  0.  ]],

  [[ 0.  ,  0.  ,  0.  ,  0.  ],
   [ 0.  ,  0.  ,  0.  ,  0.  ],
   [ 0.  ,  0.  ,  0.  ,  0.  ],
   [ 0.  ,  0.  ,  0.  ,  0.  ],
   [ 0.  ,  0.  ,  0.  ,  0.  ],
   [ 0.  ,  0.  ,  0.  ,  0.  ],
   [ 0.  ,  0.  ,  0.  ,  0.  ],
   [ 0.  ,  0.  ,  1.25,  0.75],
   [ 0.  ,  0.  , 21.  , 55.25],
   [35.5 ,  0.  ,  0.  , 41.75],
   [63.  ,  0.25,  9.75,  0.  ],
   [ 0.  ,  0.  ,  0.  ,  0.  ],
   [ 0.  ,  0.  ,  0.  ,  0.  ],
   [ 0.  ,  0.  ,  0.  ,  0.  ]],

  [[ 0.  ,  0.  ,  0.  ,  0.  ],
   [ 0.  ,  0.  ,  0.  ,  0.  ],
   [ 0.  ,  0.  ,  0.  ,  0.  ],
   [ 0.  ,  0.  ,  0.  ,  0.  ],
   [ 0.  ,  0.  ,  0.  ,  0.  ],
   [ 0.  ,  0.  ,  0.  ,  0.  ],
   [ 0.  ,  0.  ,  0.  ,  0.  ],
   [ 0.  ,  0.  , 12.25, 12.25],
   [ 7.75,  0.  ,  5.75, 79.75],
   [73.25,  0.  ,  8.25,  0.  ],
   [16.25,  2.25,  1.75,  0.  ],
   [ 0.  ,  0.  ,  0.  ,  0.  ],
   [ 0.  ,  0.  ,  0.  ,  0.  ],
   [ 0.  ,  0.  ,  0.  ,  0.  ]],

  [[ 0.  ,  0.  ,  0.  ,  0.  ],
   [ 0.  ,  0.  ,  0.  ,  0.  ],
   [ 0.  ,  0.  ,  0.  ,  0.  ],
   [ 0.  ,  0.  ,  0.  ,  0.  ],
   [ 0.  ,  0.  ,  0.  ,  0.  ],
   [ 0.  ,  0.  ,  0.  ,  0.  ],
   [ 0.  ,  0.  ,  2.5 ,  1.5 ],
   [ 0.  ,  0.  , 18.75, 54.25],
   [34.75,  0.  ,  0.  , 34.75],
   [52.25,  1.25, 10.  ,  0.  ],
   [ 0.  ,  0.  ,  0.  ,  0.  ],
   [ 0.  ,  0.  ,  0.  ,  0.  ],
   [ 0.  ,  0.  ,  0.  ,  0.  ],
   [ 0.  ,  0.  ,  0.  ,  0.  ]],

  [[ 0.  ,  0.  ,  0.  ,  0.  ],
   [ 0.  ,  0.  ,  0.  ,  0.  ],
   [ 0.  ,  0.  ,  0.  ,  0.  ],
   [ 0.  ,  0.  ,  0.  ,  0.  ],
   [ 0.  ,  0.  ,  0.  ,  0.  ],
   [ 0.  ,  0.  ,  0.  ,  0.  ],
   [ 3.  ,  0.  , 22.  , 30.25],
   [14.  ,  0.  ,  1.75, 67.75],
   [72.  ,  1.  ,  9.5 ,  0.  ],
   [10.  ,  1.  ,  1.5 ,  0.  ],
   [ 0.  ,  0.  ,  0.  ,  0.  ],
   [ 0.  ,  0.  ,  0.  ,  0.  ],
   [ 0.  ,  0.  ,  0.  ,  0.  ],
   [ 0.  ,  0.  ,  0.  ,  0.  ]],

  [[ 0.  ,  0.  ,  0.  ,  0.  ],
   [ 0.  ,  0.  ,  0.  ,  0.  ],
   [ 0.  ,  0.  ,  0.  ,  0.  ],
   [ 0.  ,  0.  ,  0.  ,  0.  ],
   [ 0.  ,  0.  ,  0.  ,  0.  ],
   [ 0.  ,  0.  ,  9.5 ,  6.5 ],
   [ 1.75,  0.  , 12.5 , 82.5 ],
   [59.5 ,  0.  ,  3.25, 10.75],
   [43.  ,  2.  , 10.5 ,  0.  ],
   [ 0.  ,  0.  ,  0.  ,  0.  ],
   [ 0.  ,  0.  ,  0.  ,  0.  ],
   [ 0.  ,  0.  ,  0.  ,  0.  ],
   [ 0.  ,  0.  ,  0.  ,  0.  ],
   [ 0.  ,  0.  ,  0.  ,  0.  ]],

  [[ 0.  ,  0.  ,  0.  ,  0.  ],
   [ 0.  ,  0.  ,  0.  ,  0.  ],
   [ 0.  ,  0.  ,  0.  ,  0.  ],
   [ 0.  ,  0.  ,  0.  ,  0.  ],
   [ 0.  ,  0.  ,  1.25,  0.75],
   [ 1.5 ,  0.  , 21.75, 54.  ],
   [35.  ,  0.  ,  0.  , 46.5 ],
   [68.75,  0.25,  4.  ,  0.  ],
   [ 3.5 ,  0.5 ,  0.  ,  0.  ],
   [ 0.  ,  0.  ,  0.  ,  0.  ],
   [ 0.  ,  0.  ,  0.  ,  0.  ],
   [ 0.  ,  0.  ,  0.  ,  0.  ],
   [ 0.  ,  0.  ,  0.  ,  0.  ],
   [ 0.  ,  0.  ,  0.  ,  0.  ]],

  [[ 0.  ,  0.  ,  0.  ,  0.  ],
   [ 0.  ,  0.  ,  0.  ,  0.  ],
   [ 0.  ,  0.  ,  0.  ,  0.  ],
   [ 0.  ,  0.  ,  0.  ,  0.  ],
   [ 0.  ,  0.  ,  9.75, 10.75],
   [ 3.5 ,  0.  ,  6.  , 84.25],
   [74.25,  0.  ,  0.  ,  8.25],
   [46.  ,  0.5 ,  9.25,  0.  ],
   [ 0.  ,  0.  ,  0.  ,  0.  ],
   [ 0.  ,  0.  ,  0.  ,  0.  ],
   [ 0.  ,  0.  ,  0.  ,  0.  ],
   [ 0.  ,  0.  ,  0.  ,  0.  ],
   [ 0.  ,  0.  ,  0.  ,  0.  ],
   [ 0.  ,  0.  ,  0.  ,  0.  ]],

  [[ 0.  ,  0.  ,  0.  ,  0.  ],
   [ 0.  ,  0.  ,  0.  ,  0.  ],
   [ 0.  ,  0.  ,  0.  ,  0.  ],
   [ 0.  ,  0.  ,  0.  ,  0.  ],
   [ 0.  ,  8.25,  0.  , 11.25],
   [ 4.5 , 41.5 ,  0.  , 29.75],
   [53.  , 22.  ,  9.5 ,  0.  ],
   [13.25,  2.25,  0.25,  0.  ],
   [ 0.  ,  0.  ,  0.  ,  0.  ],
   [ 0.  ,  0.  ,  0.  ,  0.  ],
   [ 0.  ,  0.  ,  0.  ,  0.  ],
   [ 0.  ,  0.  ,  0.  ,  0.  ],
   [ 0.  ,  0.  ,  0.  ,  0.  ],
   [ 0.  ,  0.  ,  0.  ,  0.  ]]]]

🔹 Layer: conv2d_3
   📐 Output Shape: (1, 12, 12, 8)
   🔢 Output Values:
[[[[0.00000e+00, 0.00000e+00, 0.00000e+00, 0.00000e+00, 0.00000e+00, 0.00000e+00, 0.00000e+00, 0.00000e+00],
   [0.00000e+00, 0.00000e+00, 0.00000e+00, 0.00000e+00, 0.00000e+00, 0.00000e+00, 0.00000e+00, 0.00000e+00],
   [0.00000e+00, 0.00000e+00, 0.00000e+00, 0.00000e+00, 0.00000e+00, 0.00000e+00, 0.00000e+00, 0.00000e+00],
   [0.00000e+00, 0.00000e+00, 0.00000e+00, 0.00000e+00, 0.00000e+00, 0.00000e+00, 0.00000e+00, 0.00000e+00],
   [0.00000e+00, 0.00000e+00, 0.00000e+00, 0.00000e+00, 0.00000e+00, 0.00000e+00, 0.00000e+00, 0.00000e+00],
   [0.00000e+00, 0.00000e+00, 0.00000e+00, 0.00000e+00, 0.00000e+00, 0.00000e+00, 0.00000e+00, 0.00000e+00],
   [0.00000e+00, 0.00000e+00, 0.00000e+00, 0.00000e+00, 0.00000e+00, 0.00000e+00, 0.00000e+00, 0.00000e+00],
   [0.00000e+00, 0.00000e+00, 0.00000e+00, 0.00000e+00, 0.00000e+00, 0.00000e+00, 0.00000e+00, 0.00000e+00],
   [0.00000e+00, 0.00000e+00, 0.00000e+00, 0.00000e+00, 0.00000e+00, 0.00000e+00, 0.00000e+00, 0.00000e+00],
   [0.00000e+00, 0.00000e+00, 0.00000e+00, 0.00000e+00, 0.00000e+00, 0.00000e+00, 0.00000e+00, 0.00000e+00],
   [0.00000e+00, 0.00000e+00, 0.00000e+00, 0.00000e+00, 0.00000e+00, 0.00000e+00, 0.00000e+00, 0.00000e+00],
   [0.00000e+00, 0.00000e+00, 0.00000e+00, 0.00000e+00, 0.00000e+00, 0.00000e+00, 0.00000e+00, 0.00000e+00]],

  [[4.30000e+01, 3.45000e+01, 0.00000e+00, 6.35000e+01, 0.00000e+00, 1.65000e+01, 5.45000e+01, 0.00000e+00],
   [2.03000e+02, 0.00000e+00, 0.00000e+00, 0.00000e+00, 0.00000e+00, 2.16000e+02, 0.00000e+00, 0.00000e+00],
   [3.27750e+02, 0.00000e+00, 2.03500e+02, 0.00000e+00, 3.05000e+01, 2.16000e+02, 0.00000e+00, 0.00000e+00],
   [1.09500e+02, 0.00000e+00, 0.00000e+00, 4.62500e+01, 2.43750e+02, 0.00000e+00, 0.00000e+00, 0.00000e+00],
   [2.88500e+02, 9.17500e+01, 0.00000e+00, 1.73250e+02, 3.65000e+01, 0.00000e+00, 0.00000e+00, 0.00000e+00],
   [2.78250e+02, 7.02500e+01, 0.00000e+00, 7.67500e+01, 0.00000e+00, 3.25000e+00, 0.00000e+00, 0.00000e+00],
   [1.77500e+02, 0.00000e+00, 0.00000e+00, 4.00000e+00, 1.55000e+01, 4.07500e+01, 0.00000e+00, 0.00000e+00],
   [1.75250e+02, 0.00000e+00, 0.00000e+00, 0.00000e+00, 2.85000e+01, 3.95000e+01, 0.00000e+00, 0.00000e+00],
   [1.68250e+02, 0.00000e+00, 2.25000e+01, 2.05000e+01, 8.27500e+01, 0.00000e+00, 0.00000e+00, 0.00000e+00],
   [7.35000e+01, 3.52500e+01, 2.02500e+01, 1.08500e+02, 4.90000e+01, 0.00000e+00, 0.00000e+00, 0.00000e+00],
   [6.25000e+01, 5.25000e+01, 0.00000e+00, 5.65000e+01, 0.00000e+00, 0.00000e+00, 0.00000e+00, 3.80000e+01],
   [3.00000e+00, 2.50000e+00, 0.00000e+00, 2.50000e+00, 0.00000e+00, 0.00000e+00, 0.00000e+00, 2.00000e+00]],

  [[1.47000e+02, 0.00000e+00, 0.00000e+00, 0.00000e+00, 0.00000e+00, 2.74000e+02, 0.00000e+00, 0.00000e+00],
   [4.27750e+02, 1.88000e+02, 0.00000e+00, 0.00000e+00, 0.00000e+00, 6.07750e+02, 0.00000e+00, 0.00000e+00],
   [1.71000e+02, 0.00000e+00, 7.75000e+01, 0.00000e+00, 2.81500e+02, 2.52750e+02, 0.00000e+00, 0.00000e+00],
   [0.00000e+00, 0.00000e+00, 3.56250e+02, 0.00000e+00, 4.97000e+02, 0.00000e+00, 0.00000e+00, 0.00000e+00],
   [3.50500e+02, 0.00000e+00, 3.05250e+02, 0.00000e+00, 2.53250e+02, 0.00000e+00, 0.00000e+00, 0.00000e+00],
   [4.57500e+02, 6.27500e+01, 8.47500e+01, 0.00000e+00, 2.12750e+02, 0.00000e+00, 0.00000e+00, 0.00000e+00],
   [5.26500e+02, 8.72500e+01, 5.27500e+01, 0.00000e+00, 2.24000e+02, 0.00000e+00, 0.00000e+00, 0.00000e+00],
   [4.70750e+02, 1.29250e+02, 0.00000e+00, 3.02500e+01, 2.16500e+02, 0.00000e+00, 0.00000e+00, 0.00000e+00],
   [6.33250e+02, 2.62500e+01, 4.95000e+01, 0.00000e+00, 3.93750e+02, 0.00000e+00, 0.00000e+00, 0.00000e+00],
   [2.61250e+02, 1.40000e+01, 2.48500e+02, 5.43250e+02, 3.25500e+02, 0.00000e+00, 0.00000e+00, 0.00000e+00],
   [3.93750e+02, 2.71750e+02, 0.00000e+00, 3.69750e+02, 0.00000e+00, 0.00000e+00, 0.00000e+00, 1.64000e+02],
   [4.30000e+01, 4.07500e+01, 0.00000e+00, 5.62500e+01, 0.00000e+00, 0.00000e+00, 1.20000e+01, 2.15000e+01]],

  [[1.62000e+02, 1.47000e+02, 0.00000e+00, 0.00000e+00, 3.07500e+01, 1.92000e+02, 0.00000e+00, 9.85000e+01],
   [3.13500e+02, 3.97000e+02, 0.00000e+00, 0.00000e+00, 9.70000e+01, 4.80750e+02, 0.00000e+00, 1.13000e+02],
   [0.00000e+00, 0.00000e+00, 0.00000e+00, 0.00000e+00, 0.00000e+00, 0.00000e+00, 2.48250e+02, 3.69500e+02],
   [0.00000e+00, 0.00000e+00, 0.00000e+00, 1.48750e+02, 0.00000e+00, 0.00000e+00, 0.00000e+00, 1.37500e+02],
   [0.00000e+00, 0.00000e+00, 0.00000e+00, 0.00000e+00, 5.97500e+01, 0.00000e+00, 0.00000e+00, 0.00000e+00],
   [0.00000e+00, 0.00000e+00, 2.11500e+02, 0.00000e+00, 1.93750e+02, 0.00000e+00, 0.00000e+00, 0.00000e+00],
   [0.00000e+00, 0.00000e+00, 4.57500e+01, 0.00000e+00, 1.18250e+02, 0.00000e+00, 0.00000e+00, 0.00000e+00],
   [0.00000e+00, 0.00000e+00, 0.00000e+00, 0.00000e+00, 0.00000e+00, 0.00000e+00, 0.00000e+00, 0.00000e+00],
   [2.79250e+02, 0.00000e+00, 0.00000e+00, 0.00000e+00, 2.91750e+02, 0.00000e+00, 0.00000e+00, 0.00000e+00],
   [0.00000e+00, 0.00000e+00, 3.87250e+02, 6.74250e+02, 8.61500e+02, 0.00000e+00, 0.00000e+00, 0.00000e+00],
   [3.87500e+02, 2.25250e+02, 0.00000e+00, 5.56000e+02, 0.00000e+00, 0.00000e+00, 0.00000e+00, 3.47500e+01],
   [3.55000e+01, 1.40000e+01, 0.00000e+00, 6.75000e+01, 0.00000e+00, 0.00000e+00, 0.00000e+00, 1.50000e+00]],

  [[1.58500e+02, 0.00000e+00, 3.40000e+01, 1.37250e+02, 1.57500e+01, 2.15500e+02, 0.00000e+00, 0.00000e+00],
   [1.68750e+02, 0.00000e+00, 1.19750e+02, 1.51000e+02, 0.00000e+00, 4.21000e+02, 0.00000e+00, 2.07500e+01],
   [4.95000e+01, 0.00000e+00, 0.00000e+00, 0.00000e+00, 0.00000e+00, 1.54500e+02, 4.03000e+02, 2.45000e+01],
   [2.19750e+02, 0.00000e+00, 0.00000e+00, 1.76500e+02, 0.00000e+00, 0.00000e+00, 1.24000e+02, 0.00000e+00],
   [0.00000e+00, 6.80000e+01, 0.00000e+00, 1.40500e+02, 0.00000e+00, 0.00000e+00, 1.90500e+02, 0.00000e+00],
   [0.00000e+00, 0.00000e+00, 0.00000e+00, 3.18000e+02, 0.00000e+00, 0.00000e+00, 9.35000e+01, 0.00000e+00],
   [1.45000e+02, 0.00000e+00, 0.00000e+00, 3.49750e+02, 0.00000e+00, 0.00000e+00, 1.70750e+02, 0.00000e+00],
   [1.06450e+03, 1.70250e+02, 0.00000e+00, 0.00000e+00, 0.00000e+00, 2.55250e+02, 0.00000e+00, 0.00000e+00],
   [0.00000e+00, 4.16000e+02, 0.00000e+00, 0.00000e+00, 1.04250e+02, 0.00000e+00, 1.05000e+01, 0.00000e+00],
   [0.00000e+00, 0.00000e+00, 3.07000e+02, 1.06625e+03, 5.54750e+02, 0.00000e+00, 0.00000e+00, 4.70250e+02],
   [1.27000e+02, 1.04000e+02, 0.00000e+00, 5.43000e+02, 0.00000e+00, 0.00000e+00, 0.00000e+00, 0.00000e+00],
   [0.00000e+00, 0.00000e+00, 1.15000e+01, 2.70000e+01, 4.00000e+00, 0.00000e+00, 0.00000e+00, 0.00000e+00]],

  [[1.20000e+01, 0.00000e+00, 9.00000e+00, 1.65000e+01, 0.00000e+00, 1.77500e+01, 0.00000e+00, 0.00000e+00],
   [3.35000e+01, 0.00000e+00, 4.35000e+01, 4.22500e+01, 0.00000e+00, 8.85000e+01, 1.05000e+01, 0.00000e+00],
   [7.72500e+01, 0.00000e+00, 8.37500e+01, 8.60000e+01, 0.00000e+00, 9.37500e+01, 2.82500e+01, 0.00000e+00],
   [1.02250e+02, 0.00000e+00, 1.94500e+02, 1.24000e+02, 0.00000e+00, 1.85500e+02, 7.60000e+01, 0.00000e+00],
   [3.47500e+01, 0.00000e+00, 2.17750e+02, 0.00000e+00, 0.00000e+00, 2.22250e+02, 1.91750e+02, 0.00000e+00],
   [1.20250e+02, 0.00000e+00, 6.12500e+01, 1.12000e+02, 0.00000e+00, 1.95250e+02, 2.53000e+02, 0.00000e+00],
   [6.01000e+02, 1.03500e+02, 0.00000e+00, 0.00000e+00, 0.00000e+00, 9.65750e+02, 3.52500e+01, 0.00000e+00],
   [1.13350e+03, 4.46000e+02, 0.00000e+00, 0.00000e+00, 0.00000e+00, 1.03700e+03, 0.00000e+00, 0.00000e+00],
   [0.00000e+00, 0.00000e+00, 0.00000e+00, 0.00000e+00, 3.40000e+01, 0.00000e+00, 1.24250e+02, 1.94500e+02],
   [5.99500e+02, 0.00000e+00, 0.00000e+00, 1.47500e+03, 0.00000e+00, 0.00000e+00, 0.00000e+00, 4.07250e+02],
   [0.00000e+00, 0.00000e+00, 2.10000e+01, 3.43000e+02, 0.00000e+00, 0.00000e+00, 0.00000e+00, 0.00000e+00],
   [0.00000e+00, 2.17500e+01, 3.60000e+01, 3.37500e+01, 0.00000e+00, 0.00000e+00, 0.00000e+00, 0.00000e+00]],

  [[0.00000e+00, 0.00000e+00, 0.00000e+00, 0.00000e+00, 0.00000e+00, 0.00000e+00, 0.00000e+00, 0.00000e+00],
   [0.00000e+00, 0.00000e+00, 0.00000e+00, 0.00000e+00, 0.00000e+00, 0.00000e+00, 0.00000e+00, 0.00000e+00],
   [0.00000e+00, 0.00000e+00, 0.00000e+00, 0.00000e+00, 0.00000e+00, 0.00000e+00, 0.00000e+00, 0.00000e+00],
   [0.00000e+00, 0.00000e+00, 0.00000e+00, 0.00000e+00, 0.00000e+00, 0.00000e+00, 0.00000e+00, 0.00000e+00],
   [9.00000e+00, 7.50000e+00, 0.00000e+00, 1.45000e+01, 0.00000e+00, 1.50000e+00, 1.15000e+01, 0.00000e+00],
   [2.18250e+02, 6.10000e+01, 0.00000e+00, 0.00000e+00, 0.00000e+00, 3.93500e+02, 9.65000e+01, 0.00000e+00],
   [1.29850e+03, 3.47000e+02, 0.00000e+00, 0.00000e+00, 8.17500e+01, 1.17225e+03, 0.00000e+00, 0.00000e+00],
   [0.00000e+00, 1.17250e+02, 0.00000e+00, 0.00000e+00, 3.15500e+02, 5.17000e+02, 1.23250e+02, 0.00000e+00],
   [0.00000e+00, 0.00000e+00, 0.00000e+00, 4.99000e+02, 1.41500e+02, 0.00000e+00, 0.00000e+00, 5.18000e+02],
   [5.42500e+02, 0.00000e+00, 0.00000e+00, 1.07650e+03, 0.00000e+00, 0.00000e+00, 0.00000e+00, 0.00000e+00],
   [0.00000e+00, 9.05000e+01, 1.41000e+02, 1.83500e+02, 0.00000e+00, 0.00000e+00, 0.00000e+00, 0.00000e+00],
   [0.00000e+00, 0.00000e+00, 0.00000e+00, 0.00000e+00, 0.00000e+00, 0.00000e+00, 0.00000e+00, 0.00000e+00]],

  [[0.00000e+00, 0.00000e+00, 0.00000e+00, 0.00000e+00, 0.00000e+00, 0.00000e+00, 0.00000e+00, 0.00000e+00],
   [0.00000e+00, 0.00000e+00, 0.00000e+00, 0.00000e+00, 0.00000e+00, 0.00000e+00, 0.00000e+00, 0.00000e+00],
   [0.00000e+00, 0.00000e+00, 0.00000e+00, 0.00000e+00, 0.00000e+00, 0.00000e+00, 0.00000e+00, 0.00000e+00],
   [0.00000e+00, 0.00000e+00, 0.00000e+00, 0.00000e+00, 0.00000e+00, 0.00000e+00, 0.00000e+00, 0.00000e+00],
   [1.26750e+02, 5.50000e+01, 0.00000e+00, 6.50000e+01, 0.00000e+00, 1.48500e+02, 1.12750e+02, 0.00000e+00],
   [7.95500e+02, 1.80000e+02, 0.00000e+00, 0.00000e+00, 0.00000e+00, 8.81750e+02, 0.00000e+00, 0.00000e+00],
   [1.05975e+03, 2.07250e+02, 0.00000e+00, 0.00000e+00, 5.07000e+02, 1.06900e+03, 0.00000e+00, 0.00000e+00],
   [0.00000e+00, 0.00000e+00, 0.00000e+00, 0.00000e+00, 2.12250e+02, 0.00000e+00, 6.82500e+01, 4.12500e+02],
   [6.71500e+02, 0.00000e+00, 0.00000e+00, 1.38300e+03, 0.00000e+00, 0.00000e+00, 0.00000e+00, 3.42500e+02],
   [2.27500e+01, 0.00000e+00, 1.15000e+01, 3.42750e+02, 0.00000e+00, 0.00000e+00, 0.00000e+00, 0.00000e+00],
   [0.00000e+00, 4.90000e+01, 4.40000e+01, 3.00000e+01, 0.00000e+00, 0.00000e+00, 0.00000e+00, 0.00000e+00],
   [0.00000e+00, 0.00000e+00, 0.00000e+00, 0.00000e+00, 0.00000e+00, 0.00000e+00, 0.00000e+00, 0.00000e+00]],

  [[0.00000e+00, 0.00000e+00, 0.00000e+00, 0.00000e+00, 0.00000e+00, 0.00000e+00, 0.00000e+00, 0.00000e+00],
   [0.00000e+00, 0.00000e+00, 0.00000e+00, 0.00000e+00, 0.00000e+00, 0.00000e+00, 0.00000e+00, 0.00000e+00],
   [0.00000e+00, 0.00000e+00, 0.00000e+00, 0.00000e+00, 0.00000e+00, 0.00000e+00, 0.00000e+00, 0.00000e+00],
   [3.50000e+01, 2.85000e+01, 0.00000e+00, 5.35000e+01, 0.00000e+00, 1.05000e+01, 4.45000e+01, 0.00000e+00],
   [3.75250e+02, 9.72500e+01, 0.00000e+00, 0.00000e+00, 0.00000e+00, 6.87000e+02, 0.00000e+00, 0.00000e+00],
   [1.37425e+03, 3.49250e+02, 0.00000e+00, 0.00000e+00, 3.03000e+02, 1.10050e+03, 0.00000e+00, 0.00000e+00],
   [0.00000e+00, 0.00000e+00, 0.00000e+00, 0.00000e+00, 5.56250e+02, 1.85500e+02, 0.00000e+00, 0.00000e+00],
   [1.82500e+01, 0.00000e+00, 0.00000e+00, 7.27250e+02, 0.00000e+00, 0.00000e+00, 0.00000e+00, 5.81750e+02],
   [4.39500e+02, 0.00000e+00, 0.00000e+00, 9.08750e+02, 0.00000e+00, 0.00000e+00, 0.00000e+00, 0.00000e+00],
   [0.00000e+00, 7.72500e+01, 1.32000e+02, 1.51250e+02, 0.00000e+00, 0.00000e+00, 0.00000e+00, 0.00000e+00],
   [0.00000e+00, 0.00000e+00, 0.00000e+00, 0.00000e+00, 0.00000e+00, 0.00000e+00, 0.00000e+00, 0.00000e+00],
   [0.00000e+00, 0.00000e+00, 0.00000e+00, 0.00000e+00, 0.00000e+00, 0.00000e+00, 0.00000e+00, 0.00000e+00]],

  [[0.00000e+00, 0.00000e+00, 0.00000e+00, 0.00000e+00, 0.00000e+00, 0.00000e+00, 0.00000e+00, 0.00000e+00],
   [0.00000e+00, 0.00000e+00, 0.00000e+00, 0.00000e+00, 0.00000e+00, 0.00000e+00, 0.00000e+00, 0.00000e+00],
   [4.50000e+00, 3.75000e+00, 0.00000e+00, 7.25000e+00, 0.00000e+00, 7.50000e-01, 5.75000e+00, 0.00000e+00],
   [1.86000e+02, 4.70000e+01, 0.00000e+00, 0.00000e+00, 0.00000e+00, 3.42250e+02, 1.26250e+02, 0.00000e+00],
   [1.23925e+03, 3.51500e+02, 0.00000e+00, 0.00000e+00, 0.00000e+00, 1.13875e+03, 0.00000e+00, 0.00000e+00],
   [5.07500e+02, 1.73250e+02, 0.00000e+00, 0.00000e+00, 5.75750e+02, 8.43750e+02, 0.00000e+00, 0.00000e+00],
   [0.00000e+00, 0.00000e+00, 0.00000e+00, 5.35000e+01, 1.32250e+02, 0.00000e+00, 0.00000e+00, 5.78250e+02],
   [6.68500e+02, 0.00000e+00, 0.00000e+00, 1.26250e+03, 0.00000e+00, 0.00000e+00, 0.00000e+00, 2.24750e+02],
   [0.00000e+00, 0.00000e+00, 7.40000e+01, 2.64000e+02, 0.00000e+00, 0.00000e+00, 0.00000e+00, 0.00000e+00],
   [0.00000e+00, 2.65000e+01, 2.80000e+01, 2.25000e+01, 0.00000e+00, 0.00000e+00, 0.00000e+00, 0.00000e+00],
   [0.00000e+00, 0.00000e+00, 0.00000e+00, 0.00000e+00, 0.00000e+00, 0.00000e+00, 0.00000e+00, 0.00000e+00],
   [0.00000e+00, 0.00000e+00, 0.00000e+00, 0.00000e+00, 0.00000e+00, 0.00000e+00, 0.00000e+00, 0.00000e+00]],

  [[0.00000e+00, 0.00000e+00, 0.00000e+00, 0.00000e+00, 0.00000e+00, 0.00000e+00, 0.00000e+00, 0.00000e+00],
   [0.00000e+00, 0.00000e+00, 0.00000e+00, 0.00000e+00, 0.00000e+00, 0.00000e+00, 0.00000e+00, 0.00000e+00],
   [4.62500e+01, 2.67500e+01, 0.00000e+00, 4.15000e+01, 0.00000e+00, 4.57500e+01, 5.00000e+01, 0.00000e+00],
   [5.75000e+02, 2.17500e+02, 0.00000e+00, 0.00000e+00, 0.00000e+00, 9.06750e+02, 0.00000e+00, 0.00000e+00],
   [1.38050e+03, 3.14750e+02, 0.00000e+00, 0.00000e+00, 4.45750e+02, 1.24775e+03, 0.00000e+00, 0.00000e+00],
   [0.00000e+00, 0.00000e+00, 0.00000e+00, 0.00000e+00, 5.53750e+02, 0.00000e+00, 0.00000e+00, 2.17000e+02],
   [6.23250e+02, 0.00000e+00, 0.00000e+00, 1.27900e+03, 0.00000e+00, 0.00000e+00, 0.00000e+00, 3.65750e+02],
   [3.32500e+02, 0.00000e+00, 0.00000e+00, 7.79000e+02, 0.00000e+00, 0.00000e+00, 0.00000e+00, 0.00000e+00],
   [0.00000e+00, 7.55000e+01, 1.26000e+02, 1.31500e+02, 0.00000e+00, 0.00000e+00, 0.00000e+00, 0.00000e+00],
   [0.00000e+00, 0.00000e+00, 0.00000e+00, 0.00000e+00, 0.00000e+00, 0.00000e+00, 0.00000e+00, 0.00000e+00],
   [0.00000e+00, 0.00000e+00, 0.00000e+00, 0.00000e+00, 0.00000e+00, 0.00000e+00, 0.00000e+00, 0.00000e+00],
   [0.00000e+00, 0.00000e+00, 0.00000e+00, 0.00000e+00, 0.00000e+00, 0.00000e+00, 0.00000e+00, 0.00000e+00]],

  [[0.00000e+00, 0.00000e+00, 0.00000e+00, 0.00000e+00, 0.00000e+00, 0.00000e+00, 0.00000e+00, 0.00000e+00],
   [0.00000e+00, 0.00000e+00, 0.00000e+00, 0.00000e+00, 0.00000e+00, 0.00000e+00, 0.00000e+00, 0.00000e+00],
   [1.35250e+02, 0.00000e+00, 0.00000e+00, 0.00000e+00, 0.00000e+00, 2.39500e+02, 0.00000e+00, 0.00000e+00],
   [1.08675e+03, 3.60000e+02, 0.00000e+00, 0.00000e+00, 0.00000e+00, 1.39325e+03, 0.00000e+00, 0.00000e+00],
   [1.25000e+00, 1.93250e+02, 0.00000e+00, 0.00000e+00, 1.63000e+02, 6.42250e+02, 5.57500e+01, 5.90000e+01],
   [0.00000e+00, 0.00000e+00, 5.97500e+01, 5.00000e-01, 1.07250e+02, 0.00000e+00, 0.00000e+00, 2.75250e+02],
   [3.22500e+02, 0.00000e+00, 0.00000e+00, 1.17700e+03, 0.00000e+00, 0.00000e+00, 0.00000e+00, 0.00000e+00],
   [0.00000e+00, 4.42500e+01, 4.82500e+01, 2.29500e+02, 0.00000e+00, 0.00000e+00, 0.00000e+00, 0.00000e+00],
   [0.00000e+00, 1.25000e+01, 8.00000e+00, 4.50000e+00, 0.00000e+00, 0.00000e+00, 0.00000e+00, 0.00000e+00],
   [0.00000e+00, 0.00000e+00, 0.00000e+00, 0.00000e+00, 0.00000e+00, 0.00000e+00, 0.00000e+00, 0.00000e+00],
   [0.00000e+00, 0.00000e+00, 0.00000e+00, 0.00000e+00, 0.00000e+00, 0.00000e+00, 0.00000e+00, 0.00000e+00],
   [0.00000e+00, 0.00000e+00, 0.00000e+00, 0.00000e+00, 0.00000e+00, 0.00000e+00, 0.00000e+00, 0.00000e+00]]]]

🔹 Layer: average_pooling2d_3
   📐 Output Shape: (1, 6, 6, 8)
   🔢 Output Values:
[[[[6.150000e+01, 8.625000e+00, 0.000000e+00, 1.587500e+01, 0.000000e+00, 5.812500e+01, 1.362500e+01, 0.000000e+00],
   [1.093125e+02, 0.000000e+00, 5.087500e+01, 1.156250e+01, 6.856250e+01, 5.400000e+01, 0.000000e+00, 0.000000e+00],
   [1.416875e+02, 4.050000e+01, 0.000000e+00, 6.250000e+01, 9.125000e+00, 8.125000e-01, 0.000000e+00, 0.000000e+00],
   [8.818750e+01, 0.000000e+00, 0.000000e+00, 1.000000e+00, 1.100000e+01, 2.006250e+01, 0.000000e+00, 0.000000e+00],
   [6.043750e+01, 8.812500e+00, 1.068750e+01, 3.225000e+01, 3.293750e+01, 0.000000e+00, 0.000000e+00, 0.000000e+00],
   [1.637500e+01, 1.375000e+01, 0.000000e+00, 1.475000e+01, 0.000000e+00, 0.000000e+00, 0.000000e+00, 1.000000e+01]],

  [[2.625625e+02, 1.830000e+02, 0.000000e+00, 0.000000e+00, 3.193750e+01, 3.886250e+02, 0.000000e+00, 5.287500e+01],
   [4.275000e+01, 0.000000e+00, 1.084375e+02, 3.718750e+01, 1.946250e+02, 6.318750e+01, 6.206250e+01, 1.267500e+02],
   [2.020000e+02, 1.568750e+01, 1.503750e+02, 0.000000e+00, 1.798750e+02, 0.000000e+00, 0.000000e+00, 0.000000e+00],
   [2.493125e+02, 5.412500e+01, 2.462500e+01, 7.562500e+00, 1.396875e+02, 0.000000e+00, 0.000000e+00, 0.000000e+00],
   [2.934375e+02, 1.006250e+01, 1.713125e+02, 3.043750e+02, 4.681250e+02, 0.000000e+00, 0.000000e+00, 0.000000e+00],
   [2.149375e+02, 1.379375e+02, 0.000000e+00, 2.623750e+02, 0.000000e+00, 0.000000e+00, 3.000000e+00, 5.543750e+01]],

  [[9.318750e+01, 0.000000e+00, 5.156250e+01, 8.675000e+01, 3.937500e+00, 1.856875e+02, 2.625000e+00, 5.187500e+00],
   [1.121875e+02, 0.000000e+00, 6.956250e+01, 9.662500e+01, 0.000000e+00, 1.084375e+02, 1.578125e+02, 6.125000e+00],
   [3.875000e+01, 1.700000e+01, 6.975000e+01, 1.426250e+02, 0.000000e+00, 1.043750e+02, 1.821875e+02, 0.000000e+00],
   [7.360000e+02, 1.799375e+02, 0.000000e+00, 8.743750e+01, 0.000000e+00, 5.645000e+02, 5.150000e+01, 0.000000e+00],
   [1.498750e+02, 1.040000e+02, 7.675000e+01, 6.353125e+02, 1.732500e+02, 0.000000e+00, 3.368750e+01, 2.680000e+02],
   [3.175000e+01, 3.143750e+01, 1.712500e+01, 2.366875e+02, 1.000000e+00, 0.000000e+00, 0.000000e+00, 0.000000e+00]],

  [[0.000000e+00, 0.000000e+00, 0.000000e+00, 0.000000e+00, 0.000000e+00, 0.000000e+00, 0.000000e+00, 0.000000e+00],
   [0.000000e+00, 0.000000e+00, 0.000000e+00, 0.000000e+00, 0.000000e+00, 0.000000e+00, 0.000000e+00, 0.000000e+00],
   [2.873750e+02, 7.587500e+01, 0.000000e+00, 1.987500e+01, 0.000000e+00, 3.563125e+02, 5.518750e+01, 0.000000e+00],
   [5.895625e+02, 1.678750e+02, 0.000000e+00, 0.000000e+00, 2.791250e+02, 6.895625e+02, 4.787500e+01, 1.031250e+02],
   [3.091875e+02, 0.000000e+00, 2.875000e+00, 8.253125e+02, 3.537500e+01, 0.000000e+00, 0.000000e+00, 2.151250e+02],
   [0.000000e+00, 3.487500e+01, 4.625000e+01, 5.337500e+01, 0.000000e+00, 0.000000e+00, 0.000000e+00, 0.000000e+00]],

  [[0.000000e+00, 0.000000e+00, 0.000000e+00, 0.000000e+00, 0.000000e+00, 0.000000e+00, 0.000000e+00, 0.000000e+00],
   [5.637500e+01, 1.981250e+01, 0.000000e+00, 1.518750e+01, 0.000000e+00, 8.837500e+01, 4.412500e+01, 0.000000e+00],
   [8.740625e+02, 2.428125e+02, 0.000000e+00, 0.000000e+00, 2.196875e+02, 9.425000e+02, 0.000000e+00, 0.000000e+00],
   [1.716875e+02, 0.000000e+00, 0.000000e+00, 5.108125e+02, 1.721250e+02, 4.637500e+01, 0.000000e+00, 3.461875e+02],
   [1.098750e+02, 2.593750e+01, 5.850000e+01, 3.366250e+02, 0.000000e+00, 0.000000e+00, 0.000000e+00, 0.000000e+00],
   [0.000000e+00, 0.000000e+00, 0.000000e+00, 0.000000e+00, 0.000000e+00, 0.000000e+00, 0.000000e+00, 0.000000e+00]],

  [[0.000000e+00, 0.000000e+00, 0.000000e+00, 0.000000e+00, 0.000000e+00, 0.000000e+00, 0.000000e+00, 0.000000e+00],
   [4.608125e+02, 1.510625e+02, 0.000000e+00, 1.037500e+01, 0.000000e+00, 6.463125e+02, 1.250000e+01, 0.000000e+00],
   [3.454375e+02, 1.270000e+02, 1.493750e+01, 1.250000e-01, 3.174375e+02, 4.725000e+02, 1.393750e+01, 1.378125e+02],
   [3.195625e+02, 1.106250e+01, 1.206250e+01, 8.661250e+02, 0.000000e+00, 0.000000e+00, 0.000000e+00, 9.143750e+01],
   [0.000000e+00, 2.200000e+01, 3.350000e+01, 3.400000e+01, 0.000000e+00, 0.000000e+00, 0.000000e+00, 0.000000e+00],
   [0.000000e+00, 0.000000e+00, 0.000000e+00, 0.000000e+00, 0.000000e+00, 0.000000e+00, 0.000000e+00, 0.000000e+00]]]]

🔹 Layer: flatten_1
   📐 Output Shape: (1, 288)
   🔢 Output Values:
[[6.150000e+01, 8.625000e+00, 0.000000e+00, 1.587500e+01, 0.000000e+00, 5.812500e+01, 1.362500e+01, 0.000000e+00, 1.093125e+02, 0.000000e+00, 5.087500e+01, 1.156250e+01, 6.856250e+01, 5.400000e+01, 0.000000e+00, 0.000000e+00, 1.416875e+02, 4.050000e+01, 0.000000e+00, 6.250000e+01, 9.125000e+00, 8.125000e-01, 0.000000e+00, 0.000000e+00, 8.818750e+01, 0.000000e+00, 0.000000e+00, 1.000000e+00, 1.100000e+01, 2.006250e+01, 0.000000e+00, 0.000000e+00, 6.043750e+01, 8.812500e+00, 1.068750e+01, 3.225000e+01, 3.293750e+01, 0.000000e+00, 0.000000e+00, 0.000000e+00, 1.637500e+01, 1.375000e+01, 0.000000e+00, 1.475000e+01, 0.000000e+00, 0.000000e+00, 0.000000e+00, 1.000000e+01, 2.625625e+02, 1.830000e+02, 0.000000e+00, 0.000000e+00, 3.193750e+01, 3.886250e+02, 0.000000e+00, 5.287500e+01, 4.275000e+01, 0.000000e+00, 1.084375e+02, 3.718750e+01, 1.946250e+02, 6.318750e+01, 6.206250e+01, 1.267500e+02, 2.020000e+02, 1.568750e+01, 1.503750e+02, 0.000000e+00, 1.798750e+02, 0.000000e+00, 0.000000e+00, 0.000000e+00, 2.493125e+02, 5.412500e+01, 2.462500e+01, 7.562500e+00, 1.396875e+02, 0.000000e+00, 0.000000e+00, 0.000000e+00, 2.934375e+02, 1.006250e+01, 1.713125e+02, 3.043750e+02, 4.681250e+02, 0.000000e+00, 0.000000e+00, 0.000000e+00, 2.149375e+02, 1.379375e+02, 0.000000e+00, 2.623750e+02, 0.000000e+00, 0.000000e+00, 3.000000e+00, 5.543750e+01, 9.318750e+01, 0.000000e+00, 5.156250e+01, 8.675000e+01, 3.937500e+00, 1.856875e+02, 2.625000e+00, 5.187500e+00, 1.121875e+02, 0.000000e+00, 6.956250e+01, 9.662500e+01, 0.000000e+00, 1.084375e+02, 1.578125e+02, 6.125000e+00, 3.875000e+01, 1.700000e+01, 6.975000e+01, 1.426250e+02, 0.000000e+00, 1.043750e+02, 1.821875e+02, 0.000000e+00, 7.360000e+02, 1.799375e+02, 0.000000e+00, 8.743750e+01, 0.000000e+00, 5.645000e+02, 5.150000e+01, 0.000000e+00, 1.498750e+02, 1.040000e+02, 7.675000e+01, 6.353125e+02, 1.732500e+02, 0.000000e+00, 3.368750e+01, 2.680000e+02, 3.175000e+01, 3.143750e+01, 1.712500e+01, 2.366875e+02, 1.000000e+00, 0.000000e+00, 0.000000e+00, 0.000000e+00, 0.000000e+00, 0.000000e+00, 0.000000e+00, 0.000000e+00, 0.000000e+00, 0.000000e+00, 0.000000e+00, 0.000000e+00, 0.000000e+00, 0.000000e+00, 0.000000e+00, 0.000000e+00, 0.000000e+00, 0.000000e+00, 0.000000e+00, 0.000000e+00, 2.873750e+02, 7.587500e+01, 0.000000e+00, 1.987500e+01, 0.000000e+00, 3.563125e+02, 5.518750e+01, 0.000000e+00, 5.895625e+02, 1.678750e+02, 0.000000e+00, 0.000000e+00, 2.791250e+02, 6.895625e+02, 4.787500e+01, 1.031250e+02, 3.091875e+02, 0.000000e+00, 2.875000e+00, 8.253125e+02, 3.537500e+01, 0.000000e+00, 0.000000e+00, 2.151250e+02, 0.000000e+00, 3.487500e+01, 4.625000e+01, 5.337500e+01, 0.000000e+00, 0.000000e+00, 0.000000e+00, 0.000000e+00, 0.000000e+00, 0.000000e+00, 0.000000e+00, 0.000000e+00, 0.000000e+00, 0.000000e+00, 0.000000e+00, 0.000000e+00, 5.637500e+01, 1.981250e+01, 0.000000e+00, 1.518750e+01, 0.000000e+00, 8.837500e+01, 4.412500e+01, 0.000000e+00, 8.740625e+02, 2.428125e+02, 0.000000e+00, 0.000000e+00, 2.196875e+02, 9.425000e+02, 0.000000e+00, 0.000000e+00, 1.716875e+02, 0.000000e+00, 0.000000e+00, 5.108125e+02, 1.721250e+02, 4.637500e+01, 0.000000e+00, 3.461875e+02, 1.098750e+02, 2.593750e+01, 5.850000e+01, 3.366250e+02, 0.000000e+00, 0.000000e+00, 0.000000e+00, 0.000000e+00, 0.000000e+00, 0.000000e+00, 0.000000e+00, 0.000000e+00, 0.000000e+00, 0.000000e+00, 0.000000e+00, 0.000000e+00, 0.000000e+00, 0.000000e+00, 0.000000e+00, 0.000000e+00, 0.000000e+00, 0.000000e+00, 0.000000e+00, 0.000000e+00, 4.608125e+02, 1.510625e+02, 0.000000e+00, 1.037500e+01, 0.000000e+00, 6.463125e+02, 1.250000e+01, 0.000000e+00, 3.454375e+02, 1.270000e+02, 1.493750e+01, 1.250000e-01, 3.174375e+02, 4.725000e+02, 1.393750e+01, 1.378125e+02, 3.195625e+02, 1.106250e+01, 1.206250e+01, 8.661250e+02, 0.000000e+00, 0.000000e+00, 0.000000e+00, 9.143750e+01, 0.000000e+00, 2.200000e+01, 3.350000e+01, 3.400000e+01, 0.000000e+00, 0.000000e+00, 0.000000e+00, 0.000000e+00, 0.000000e+00, 0.000000e+00, 0.000000e+00, 0.000000e+00, 0.000000e+00, 0.000000e+00, 0.000000e+00, 0.000000e+00]]

🔹 Layer: lambda_1
   📐 Output Shape: (1, 288)
   🔢 Output Values:
[[0., 0., 0., 0., 0., 0., 0., 0., 1., 0., 0., 0., 1., 0., 0., 0., 1., 0., 0., 0., 0., 0., 0., 0., 1., 0., 0., 0., 0., 0., 0., 0., 0., 0., 0., 0., 0., 0., 0., 0., 0., 0., 0., 0., 0., 0., 0., 0., 2., 1., 0., 0., 0., 3., 0., 0., 0., 0., 1., 0., 1., 0., 0., 1., 2., 0., 1., 0., 1., 0., 0., 0., 2., 0., 0., 0., 1., 0., 0., 0., 2., 0., 1., 2., 3., 0., 0., 0., 2., 1., 0., 2., 0., 0., 0., 0., 1., 0., 0., 1., 0., 1., 0., 0., 1., 0., 1., 1., 0., 1., 1., 0., 0., 0., 1., 1., 0., 1., 1., 0., 5., 1., 0., 1., 0., 4., 0., 0., 1., 1., 1., 5., 1., 0., 0., 2., 0., 0., 0., 2., 0., 0., 0., 0., 0., 0., 0., 0., 0., 0., 0., 0., 0., 0., 0., 0., 0., 0., 0., 0., 2., 1., 0., 0., 0., 3., 0., 0., 4., 1., 0., 0., 2., 5., 0., 1., 2., 0., 0., 6., 0., 0., 0., 2., 0., 0., 0., 0., 0., 0., 0., 0., 0., 0., 0., 0., 0., 0., 0., 0., 0., 0., 0., 0., 0., 1., 0., 0., 6., 2., 0., 0., 2., 7., 0., 0., 1., 0., 0., 4., 1., 0., 0., 3., 1., 0., 0., 3., 0., 0., 0., 0., 0., 0., 0., 0., 0., 0., 0., 0., 0., 0., 0., 0., 0., 0., 0., 0., 3., 1., 0., 0., 0., 5., 0., 0., 3., 1., 0., 0., 2., 4., 0., 1., 2., 0., 0., 6., 0., 0., 0., 1., 0., 0., 0., 0., 0., 0., 0., 0., 0., 0., 0., 0., 0., 0., 0., 0.]]

🔹 Layer: dense_3
   📐 Output Shape: (1, 120)
   🔢 Output Values:
[[  0.,  47.,   9.,  46.,   0.,  44.,   0.,   0.,   1.,   0.,   3.,   0.,   0.,   0.,  18.,   0.,   0.,  45.,  32.,   0.,  16.,  15.,   0.,  79.,   0.,   0.,  35.,   0.,   0.,  48.,  15.,   0.,  42.,  80., 114.,   0.,  47.,  14.,   0.,   0.,   7.,  39.,   0.,  64.,   0.,   0.,   0.,   0.,  74.,   0.,  71.,   0.,  40.,  52.,  49.,   0.,   0.,   0.,  54.,  49.,   0.,  44.,   0.,   0.,   4.,   0.,   0.,   0.,   0.,   0.,   0.,  37.,  79.,   0.,   0.,   0.,  41.,   0.,  21.,   0.,   0.,   0.,   0.,   5.,  30.,   0.,   0.,   0.,   0.,   0.,   0.,   0.,   0.,  34.,  14.,   0.,   0.,   0.,  14.,   0.,  31.,  36.,   0.,  43.,  75.,  12.,   0.,  16.,  53.,   0.,   0.,   0.,  23.,   0.,   0.,  43.,   0.,   0.,   1.,   0.]]

🔹 Layer: dense_4
   📐 Output Shape: (1, 84)
   🔢 Output Values:
[[   0.,    0., 1063.,  331., 2133.,    0.,    0.,  677.,    0.,    0.,  271.,    0.,    0.,  336.,    0., 1428.,  360.,    0.,  538.,  273.,  213.,    0.,    0., 1764., 1245., 1618.,    0.,    0., 1987.,  435.,    0.,    0.,    0., 2792.,    0., 1287.,    0.,    0.,    0., 2560.,    0., 1091.,    0.,    0.,    0.,  160., 1156., 1681.,  174.,    0.,    0.,    0.,    0.,    0., 1290.,  761.,  316.,  499.,  661.,    0., 1941.,    0.,    0.,  437.,    0., 1319.,    0., 2353.,    0.,  224.,    0.,    0.,    0., 1357.,    0.,  787.,    0.,    0.,    0.,    0., 1579.,    0.,    0.,    0.]]

🔹 Layer: dense_5
   📐 Output Shape: (1, 10)
   🔢 Output Values:
[[0., 0., 0., 0., 0., 0., 0., 1., 0., 0.]]

🎯 Prediction for Image 1:
   ✅ Predicted Label: 7
   🎯 True Label: 7
   ✅ Result: Correct Prediction
