=============================
  🔍 Inference for Image 1000  
=============================

🔹 Layer: input_2
   📐 Output Shape: (1, 28, 28, 1)
   🔢 Output Values:
[[[[0.],
   [0.],
   [0.],
   [0.],
   [0.],
   [0.],
   [0.],
   [0.],
   [0.],
   [0.],
   [0.],
   [0.],
   [0.],
   [0.],
   [0.],
   [0.],
   [0.],
   [0.],
   [0.],
   [0.],
   [0.],
   [0.],
   [0.],
   [0.],
   [0.],
   [0.],
   [0.],
   [0.]],

  [[0.],
   [0.],
   [0.],
   [0.],
   [0.],
   [0.],
   [0.],
   [0.],
   [0.],
   [0.],
   [0.],
   [0.],
   [0.],
   [0.],
   [0.],
   [0.],
   [0.],
   [0.],
   [0.],
   [0.],
   [0.],
   [0.],
   [0.],
   [0.],
   [0.],
   [0.],
   [0.],
   [0.]],

  [[0.],
   [0.],
   [0.],
   [0.],
   [0.],
   [0.],
   [0.],
   [0.],
   [0.],
   [0.],
   [0.],
   [0.],
   [0.],
   [0.],
   [0.],
   [0.],
   [0.],
   [0.],
   [0.],
   [0.],
   [0.],
   [0.],
   [0.],
   [0.],
   [0.],
   [0.],
   [0.],
   [0.]],

  [[0.],
   [0.],
   [0.],
   [0.],
   [0.],
   [0.],
   [0.],
   [0.],
   [0.],
   [0.],
   [0.],
   [0.],
   [0.],
   [0.],
   [0.],
   [0.],
   [0.],
   [0.],
   [0.],
   [0.],
   [0.],
   [0.],
   [0.],
   [0.],
   [0.],
   [0.],
   [0.],
   [0.]],

  [[0.],
   [0.],
   [0.],
   [0.],
   [0.],
   [0.],
   [0.],
   [0.],
   [0.],
   [0.],
   [0.],
   [0.],
   [0.],
   [0.],
   [0.],
   [0.],
   [0.],
   [0.],
   [0.],
   [0.],
   [0.],
   [0.],
   [0.],
   [0.],
   [0.],
   [0.],
   [0.],
   [0.]],

  [[0.],
   [0.],
   [0.],
   [0.],
   [0.],
   [0.],
   [0.],
   [0.],
   [0.],
   [0.],
   [0.],
   [0.],
   [0.],
   [0.],
   [0.],
   [0.],
   [0.],
   [0.],
   [0.],
   [0.],
   [0.],
   [0.],
   [0.],
   [0.],
   [0.],
   [0.],
   [0.],
   [0.]],

  [[0.],
   [0.],
   [0.],
   [0.],
   [0.],
   [0.],
   [0.],
   [0.],
   [0.],
   [0.],
   [3.],
   [6.],
   [6.],
   [6.],
   [4.],
   [0.],
   [0.],
   [0.],
   [0.],
   [0.],
   [0.],
   [0.],
   [0.],
   [0.],
   [0.],
   [0.],
   [0.],
   [0.]],

  [[0.],
   [0.],
   [0.],
   [0.],
   [0.],
   [0.],
   [0.],
   [0.],
   [0.],
   [3.],
   [6.],
   [5.],
   [3.],
   [5.],
   [6.],
   [6.],
   [1.],
   [0.],
   [0.],
   [0.],
   [0.],
   [0.],
   [0.],
   [0.],
   [0.],
   [0.],
   [0.],
   [0.]],

  [[0.],
   [0.],
   [0.],
   [0.],
   [0.],
   [0.],
   [0.],
   [0.],
   [3.],
   [7.],
   [4.],
   [0.],
   [0.],
   [0.],
   [1.],
   [6.],
   [6.],
   [1.],
   [0.],
   [0.],
   [0.],
   [0.],
   [0.],
   [0.],
   [0.],
   [0.],
   [0.],
   [0.]],

  [[0.],
   [0.],
   [0.],
   [0.],
   [0.],
   [0.],
   [0.],
   [0.],
   [6.],
   [6.],
   [0.],
   [0.],
   [0.],
   [0.],
   [0.],
   [1.],
   [6.],
   [5.],
   [3.],
   [0.],
   [0.],
   [0.],
   [0.],
   [0.],
   [0.],
   [0.],
   [0.],
   [0.]],

  [[0.],
   [0.],
   [0.],
   [0.],
   [0.],
   [0.],
   [0.],
   [1.],
   [6.],
   [3.],
   [0.],
   [0.],
   [0.],
   [0.],
   [0.],
   [0.],
   [4.],
   [6.],
   [6.],
   [0.],
   [0.],
   [0.],
   [0.],
   [0.],
   [0.],
   [0.],
   [0.],
   [0.]],

  [[0.],
   [0.],
   [0.],
   [0.],
   [0.],
   [0.],
   [0.],
   [3.],
   [6.],
   [0.],
   [0.],
   [0.],
   [0.],
   [0.],
   [0.],
   [0.],
   [3.],
   [6.],
   [5.],
   [0.],
   [0.],
   [0.],
   [0.],
   [0.],
   [0.],
   [0.],
   [0.],
   [0.]],

  [[0.],
   [0.],
   [0.],
   [0.],
   [0.],
   [0.],
   [0.],
   [5.],
   [4.],
   [0.],
   [0.],
   [0.],
   [0.],
   [0.],
   [0.],
   [0.],
   [3.],
   [6.],
   [4.],
   [0.],
   [0.],
   [0.],
   [0.],
   [0.],
   [0.],
   [0.],
   [0.],
   [0.]],

  [[0.],
   [0.],
   [0.],
   [0.],
   [0.],
   [0.],
   [0.],
   [5.],
   [5.],
   [0.],
   [0.],
   [0.],
   [0.],
   [0.],
   [0.],
   [0.],
   [3.],
   [6.],
   [3.],
   [0.],
   [0.],
   [0.],
   [0.],
   [0.],
   [0.],
   [0.],
   [0.],
   [0.]],

  [[0.],
   [0.],
   [0.],
   [0.],
   [0.],
   [0.],
   [0.],
   [1.],
   [6.],
   [5.],
   [2.],
   [0.],
   [0.],
   [0.],
   [0.],
   [0.],
   [3.],
   [6.],
   [2.],
   [0.],
   [3.],
   [0.],
   [0.],
   [0.],
   [0.],
   [0.],
   [0.],
   [0.]],

  [[0.],
   [0.],
   [0.],
   [0.],
   [0.],
   [0.],
   [0.],
   [0.],
   [3.],
   [6.],
   [6.],
   [2.],
   [0.],
   [0.],
   [0.],
   [0.],
   [3.],
   [6.],
   [3.],
   [5.],
   [4.],
   [0.],
   [0.],
   [0.],
   [0.],
   [0.],
   [0.],
   [0.]],

  [[0.],
   [0.],
   [0.],
   [0.],
   [0.],
   [0.],
   [0.],
   [0.],
   [0.],
   [3.],
   [6.],
   [6.],
   [3.],
   [0.],
   [0.],
   [0.],
   [5.],
   [6.],
   [6.],
   [5.],
   [0.],
   [0.],
   [0.],
   [0.],
   [0.],
   [0.],
   [0.],
   [0.]],

  [[0.],
   [0.],
   [0.],
   [0.],
   [0.],
   [0.],
   [0.],
   [0.],
   [0.],
   [0.],
   [0.],
   [3.],
   [6.],
   [6.],
   [6.],
   [5.],
   [6.],
   [6.],
   [5.],
   [0.],
   [0.],
   [0.],
   [0.],
   [0.],
   [0.],
   [0.],
   [0.],
   [0.]],

  [[0.],
   [0.],
   [0.],
   [0.],
   [0.],
   [0.],
   [0.],
   [0.],
   [0.],
   [0.],
   [0.],
   [0.],
   [0.],
   [3.],
   [3.],
   [3.],
   [6.],
   [6.],
   [0.],
   [0.],
   [0.],
   [0.],
   [0.],
   [0.],
   [0.],
   [0.],
   [0.],
   [0.]],

  [[0.],
   [0.],
   [0.],
   [0.],
   [0.],
   [0.],
   [0.],
   [0.],
   [0.],
   [0.],
   [0.],
   [0.],
   [0.],
   [0.],
   [0.],
   [0.],
   [5.],
   [6.],
   [0.],
   [0.],
   [0.],
   [0.],
   [0.],
   [0.],
   [0.],
   [0.],
   [0.],
   [0.]],

  [[0.],
   [0.],
   [0.],
   [0.],
   [0.],
   [0.],
   [0.],
   [0.],
   [0.],
   [0.],
   [0.],
   [0.],
   [0.],
   [0.],
   [0.],
   [0.],
   [5.],
   [5.],
   [0.],
   [0.],
   [0.],
   [0.],
   [0.],
   [0.],
   [0.],
   [0.],
   [0.],
   [0.]],

  [[0.],
   [0.],
   [0.],
   [0.],
   [0.],
   [0.],
   [0.],
   [0.],
   [0.],
   [0.],
   [0.],
   [0.],
   [0.],
   [0.],
   [0.],
   [1.],
   [6.],
   [2.],
   [0.],
   [0.],
   [0.],
   [0.],
   [0.],
   [0.],
   [0.],
   [0.],
   [0.],
   [0.]],

  [[0.],
   [0.],
   [0.],
   [0.],
   [0.],
   [0.],
   [0.],
   [0.],
   [0.],
   [0.],
   [0.],
   [0.],
   [0.],
   [0.],
   [0.],
   [4.],
   [6.],
   [0.],
   [0.],
   [0.],
   [0.],
   [0.],
   [0.],
   [0.],
   [0.],
   [0.],
   [0.],
   [0.]],

  [[0.],
   [0.],
   [0.],
   [0.],
   [0.],
   [0.],
   [0.],
   [0.],
   [0.],
   [0.],
   [0.],
   [0.],
   [0.],
   [0.],
   [0.],
   [6.],
   [6.],
   [0.],
   [0.],
   [0.],
   [0.],
   [0.],
   [0.],
   [0.],
   [0.],
   [0.],
   [0.],
   [0.]],

  [[0.],
   [0.],
   [0.],
   [0.],
   [0.],
   [0.],
   [0.],
   [0.],
   [0.],
   [0.],
   [0.],
   [0.],
   [0.],
   [0.],
   [1.],
   [6.],
   [3.],
   [0.],
   [0.],
   [0.],
   [0.],
   [0.],
   [0.],
   [0.],
   [0.],
   [0.],
   [0.],
   [0.]],

  [[0.],
   [0.],
   [0.],
   [0.],
   [0.],
   [0.],
   [0.],
   [0.],
   [0.],
   [0.],
   [0.],
   [0.],
   [0.],
   [0.],
   [1.],
   [6.],
   [0.],
   [0.],
   [0.],
   [0.],
   [0.],
   [0.],
   [0.],
   [0.],
   [0.],
   [0.],
   [0.],
   [0.]],

  [[0.],
   [0.],
   [0.],
   [0.],
   [0.],
   [0.],
   [0.],
   [0.],
   [0.],
   [0.],
   [0.],
   [0.],
   [0.],
   [0.],
   [0.],
   [0.],
   [0.],
   [0.],
   [0.],
   [0.],
   [0.],
   [0.],
   [0.],
   [0.],
   [0.],
   [0.],
   [0.],
   [0.]],

  [[0.],
   [0.],
   [0.],
   [0.],
   [0.],
   [0.],
   [0.],
   [0.],
   [0.],
   [0.],
   [0.],
   [0.],
   [0.],
   [0.],
   [0.],
   [0.],
   [0.],
   [0.],
   [0.],
   [0.],
   [0.],
   [0.],
   [0.],
   [0.],
   [0.],
   [0.],
   [0.],
   [0.]]]]

🔹 Layer: zero_padding2d_1
   📐 Output Shape: (1, 30, 30, 1)
   🔢 Output Values:
[[[[0.],
   [0.],
   [0.],
   [0.],
   [0.],
   [0.],
   [0.],
   [0.],
   [0.],
   [0.],
   [0.],
   [0.],
   [0.],
   [0.],
   [0.],
   [0.],
   [0.],
   [0.],
   [0.],
   [0.],
   [0.],
   [0.],
   [0.],
   [0.],
   [0.],
   [0.],
   [0.],
   [0.],
   [0.],
   [0.]],

  [[0.],
   [0.],
   [0.],
   [0.],
   [0.],
   [0.],
   [0.],
   [0.],
   [0.],
   [0.],
   [0.],
   [0.],
   [0.],
   [0.],
   [0.],
   [0.],
   [0.],
   [0.],
   [0.],
   [0.],
   [0.],
   [0.],
   [0.],
   [0.],
   [0.],
   [0.],
   [0.],
   [0.],
   [0.],
   [0.]],

  [[0.],
   [0.],
   [0.],
   [0.],
   [0.],
   [0.],
   [0.],
   [0.],
   [0.],
   [0.],
   [0.],
   [0.],
   [0.],
   [0.],
   [0.],
   [0.],
   [0.],
   [0.],
   [0.],
   [0.],
   [0.],
   [0.],
   [0.],
   [0.],
   [0.],
   [0.],
   [0.],
   [0.],
   [0.],
   [0.]],

  [[0.],
   [0.],
   [0.],
   [0.],
   [0.],
   [0.],
   [0.],
   [0.],
   [0.],
   [0.],
   [0.],
   [0.],
   [0.],
   [0.],
   [0.],
   [0.],
   [0.],
   [0.],
   [0.],
   [0.],
   [0.],
   [0.],
   [0.],
   [0.],
   [0.],
   [0.],
   [0.],
   [0.],
   [0.],
   [0.]],

  [[0.],
   [0.],
   [0.],
   [0.],
   [0.],
   [0.],
   [0.],
   [0.],
   [0.],
   [0.],
   [0.],
   [0.],
   [0.],
   [0.],
   [0.],
   [0.],
   [0.],
   [0.],
   [0.],
   [0.],
   [0.],
   [0.],
   [0.],
   [0.],
   [0.],
   [0.],
   [0.],
   [0.],
   [0.],
   [0.]],

  [[0.],
   [0.],
   [0.],
   [0.],
   [0.],
   [0.],
   [0.],
   [0.],
   [0.],
   [0.],
   [0.],
   [0.],
   [0.],
   [0.],
   [0.],
   [0.],
   [0.],
   [0.],
   [0.],
   [0.],
   [0.],
   [0.],
   [0.],
   [0.],
   [0.],
   [0.],
   [0.],
   [0.],
   [0.],
   [0.]],

  [[0.],
   [0.],
   [0.],
   [0.],
   [0.],
   [0.],
   [0.],
   [0.],
   [0.],
   [0.],
   [0.],
   [0.],
   [0.],
   [0.],
   [0.],
   [0.],
   [0.],
   [0.],
   [0.],
   [0.],
   [0.],
   [0.],
   [0.],
   [0.],
   [0.],
   [0.],
   [0.],
   [0.],
   [0.],
   [0.]],

  [[0.],
   [0.],
   [0.],
   [0.],
   [0.],
   [0.],
   [0.],
   [0.],
   [0.],
   [0.],
   [0.],
   [3.],
   [6.],
   [6.],
   [6.],
   [4.],
   [0.],
   [0.],
   [0.],
   [0.],
   [0.],
   [0.],
   [0.],
   [0.],
   [0.],
   [0.],
   [0.],
   [0.],
   [0.],
   [0.]],

  [[0.],
   [0.],
   [0.],
   [0.],
   [0.],
   [0.],
   [0.],
   [0.],
   [0.],
   [0.],
   [3.],
   [6.],
   [5.],
   [3.],
   [5.],
   [6.],
   [6.],
   [1.],
   [0.],
   [0.],
   [0.],
   [0.],
   [0.],
   [0.],
   [0.],
   [0.],
   [0.],
   [0.],
   [0.],
   [0.]],

  [[0.],
   [0.],
   [0.],
   [0.],
   [0.],
   [0.],
   [0.],
   [0.],
   [0.],
   [3.],
   [7.],
   [4.],
   [0.],
   [0.],
   [0.],
   [1.],
   [6.],
   [6.],
   [1.],
   [0.],
   [0.],
   [0.],
   [0.],
   [0.],
   [0.],
   [0.],
   [0.],
   [0.],
   [0.],
   [0.]],

  [[0.],
   [0.],
   [0.],
   [0.],
   [0.],
   [0.],
   [0.],
   [0.],
   [0.],
   [6.],
   [6.],
   [0.],
   [0.],
   [0.],
   [0.],
   [0.],
   [1.],
   [6.],
   [5.],
   [3.],
   [0.],
   [0.],
   [0.],
   [0.],
   [0.],
   [0.],
   [0.],
   [0.],
   [0.],
   [0.]],

  [[0.],
   [0.],
   [0.],
   [0.],
   [0.],
   [0.],
   [0.],
   [0.],
   [1.],
   [6.],
   [3.],
   [0.],
   [0.],
   [0.],
   [0.],
   [0.],
   [0.],
   [4.],
   [6.],
   [6.],
   [0.],
   [0.],
   [0.],
   [0.],
   [0.],
   [0.],
   [0.],
   [0.],
   [0.],
   [0.]],

  [[0.],
   [0.],
   [0.],
   [0.],
   [0.],
   [0.],
   [0.],
   [0.],
   [3.],
   [6.],
   [0.],
   [0.],
   [0.],
   [0.],
   [0.],
   [0.],
   [0.],
   [3.],
   [6.],
   [5.],
   [0.],
   [0.],
   [0.],
   [0.],
   [0.],
   [0.],
   [0.],
   [0.],
   [0.],
   [0.]],

  [[0.],
   [0.],
   [0.],
   [0.],
   [0.],
   [0.],
   [0.],
   [0.],
   [5.],
   [4.],
   [0.],
   [0.],
   [0.],
   [0.],
   [0.],
   [0.],
   [0.],
   [3.],
   [6.],
   [4.],
   [0.],
   [0.],
   [0.],
   [0.],
   [0.],
   [0.],
   [0.],
   [0.],
   [0.],
   [0.]],

  [[0.],
   [0.],
   [0.],
   [0.],
   [0.],
   [0.],
   [0.],
   [0.],
   [5.],
   [5.],
   [0.],
   [0.],
   [0.],
   [0.],
   [0.],
   [0.],
   [0.],
   [3.],
   [6.],
   [3.],
   [0.],
   [0.],
   [0.],
   [0.],
   [0.],
   [0.],
   [0.],
   [0.],
   [0.],
   [0.]],

  [[0.],
   [0.],
   [0.],
   [0.],
   [0.],
   [0.],
   [0.],
   [0.],
   [1.],
   [6.],
   [5.],
   [2.],
   [0.],
   [0.],
   [0.],
   [0.],
   [0.],
   [3.],
   [6.],
   [2.],
   [0.],
   [3.],
   [0.],
   [0.],
   [0.],
   [0.],
   [0.],
   [0.],
   [0.],
   [0.]],

  [[0.],
   [0.],
   [0.],
   [0.],
   [0.],
   [0.],
   [0.],
   [0.],
   [0.],
   [3.],
   [6.],
   [6.],
   [2.],
   [0.],
   [0.],
   [0.],
   [0.],
   [3.],
   [6.],
   [3.],
   [5.],
   [4.],
   [0.],
   [0.],
   [0.],
   [0.],
   [0.],
   [0.],
   [0.],
   [0.]],

  [[0.],
   [0.],
   [0.],
   [0.],
   [0.],
   [0.],
   [0.],
   [0.],
   [0.],
   [0.],
   [3.],
   [6.],
   [6.],
   [3.],
   [0.],
   [0.],
   [0.],
   [5.],
   [6.],
   [6.],
   [5.],
   [0.],
   [0.],
   [0.],
   [0.],
   [0.],
   [0.],
   [0.],
   [0.],
   [0.]],

  [[0.],
   [0.],
   [0.],
   [0.],
   [0.],
   [0.],
   [0.],
   [0.],
   [0.],
   [0.],
   [0.],
   [0.],
   [3.],
   [6.],
   [6.],
   [6.],
   [5.],
   [6.],
   [6.],
   [5.],
   [0.],
   [0.],
   [0.],
   [0.],
   [0.],
   [0.],
   [0.],
   [0.],
   [0.],
   [0.]],

  [[0.],
   [0.],
   [0.],
   [0.],
   [0.],
   [0.],
   [0.],
   [0.],
   [0.],
   [0.],
   [0.],
   [0.],
   [0.],
   [0.],
   [3.],
   [3.],
   [3.],
   [6.],
   [6.],
   [0.],
   [0.],
   [0.],
   [0.],
   [0.],
   [0.],
   [0.],
   [0.],
   [0.],
   [0.],
   [0.]],

  [[0.],
   [0.],
   [0.],
   [0.],
   [0.],
   [0.],
   [0.],
   [0.],
   [0.],
   [0.],
   [0.],
   [0.],
   [0.],
   [0.],
   [0.],
   [0.],
   [0.],
   [5.],
   [6.],
   [0.],
   [0.],
   [0.],
   [0.],
   [0.],
   [0.],
   [0.],
   [0.],
   [0.],
   [0.],
   [0.]],

  [[0.],
   [0.],
   [0.],
   [0.],
   [0.],
   [0.],
   [0.],
   [0.],
   [0.],
   [0.],
   [0.],
   [0.],
   [0.],
   [0.],
   [0.],
   [0.],
   [0.],
   [5.],
   [5.],
   [0.],
   [0.],
   [0.],
   [0.],
   [0.],
   [0.],
   [0.],
   [0.],
   [0.],
   [0.],
   [0.]],

  [[0.],
   [0.],
   [0.],
   [0.],
   [0.],
   [0.],
   [0.],
   [0.],
   [0.],
   [0.],
   [0.],
   [0.],
   [0.],
   [0.],
   [0.],
   [0.],
   [1.],
   [6.],
   [2.],
   [0.],
   [0.],
   [0.],
   [0.],
   [0.],
   [0.],
   [0.],
   [0.],
   [0.],
   [0.],
   [0.]],

  [[0.],
   [0.],
   [0.],
   [0.],
   [0.],
   [0.],
   [0.],
   [0.],
   [0.],
   [0.],
   [0.],
   [0.],
   [0.],
   [0.],
   [0.],
   [0.],
   [4.],
   [6.],
   [0.],
   [0.],
   [0.],
   [0.],
   [0.],
   [0.],
   [0.],
   [0.],
   [0.],
   [0.],
   [0.],
   [0.]],

  [[0.],
   [0.],
   [0.],
   [0.],
   [0.],
   [0.],
   [0.],
   [0.],
   [0.],
   [0.],
   [0.],
   [0.],
   [0.],
   [0.],
   [0.],
   [0.],
   [6.],
   [6.],
   [0.],
   [0.],
   [0.],
   [0.],
   [0.],
   [0.],
   [0.],
   [0.],
   [0.],
   [0.],
   [0.],
   [0.]],

  [[0.],
   [0.],
   [0.],
   [0.],
   [0.],
   [0.],
   [0.],
   [0.],
   [0.],
   [0.],
   [0.],
   [0.],
   [0.],
   [0.],
   [0.],
   [1.],
   [6.],
   [3.],
   [0.],
   [0.],
   [0.],
   [0.],
   [0.],
   [0.],
   [0.],
   [0.],
   [0.],
   [0.],
   [0.],
   [0.]],

  [[0.],
   [0.],
   [0.],
   [0.],
   [0.],
   [0.],
   [0.],
   [0.],
   [0.],
   [0.],
   [0.],
   [0.],
   [0.],
   [0.],
   [0.],
   [1.],
   [6.],
   [0.],
   [0.],
   [0.],
   [0.],
   [0.],
   [0.],
   [0.],
   [0.],
   [0.],
   [0.],
   [0.],
   [0.],
   [0.]],

  [[0.],
   [0.],
   [0.],
   [0.],
   [0.],
   [0.],
   [0.],
   [0.],
   [0.],
   [0.],
   [0.],
   [0.],
   [0.],
   [0.],
   [0.],
   [0.],
   [0.],
   [0.],
   [0.],
   [0.],
   [0.],
   [0.],
   [0.],
   [0.],
   [0.],
   [0.],
   [0.],
   [0.],
   [0.],
   [0.]],

  [[0.],
   [0.],
   [0.],
   [0.],
   [0.],
   [0.],
   [0.],
   [0.],
   [0.],
   [0.],
   [0.],
   [0.],
   [0.],
   [0.],
   [0.],
   [0.],
   [0.],
   [0.],
   [0.],
   [0.],
   [0.],
   [0.],
   [0.],
   [0.],
   [0.],
   [0.],
   [0.],
   [0.],
   [0.],
   [0.]],

  [[0.],
   [0.],
   [0.],
   [0.],
   [0.],
   [0.],
   [0.],
   [0.],
   [0.],
   [0.],
   [0.],
   [0.],
   [0.],
   [0.],
   [0.],
   [0.],
   [0.],
   [0.],
   [0.],
   [0.],
   [0.],
   [0.],
   [0.],
   [0.],
   [0.],
   [0.],
   [0.],
   [0.],
   [0.],
   [0.]]]]

🔹 Layer: conv2d_2
   📐 Output Shape: (1, 28, 28, 4)
   🔢 Output Values:
[[[[  0.,   0.,   0.,   0.],
   [  0.,   0.,   0.,   0.],
   [  0.,   0.,   0.,   0.],
   [  0.,   0.,   0.,   0.],
   [  0.,   0.,   0.,   0.],
   [  0.,   0.,   0.,   0.],
   [  0.,   0.,   0.,   0.],
   [  0.,   0.,   0.,   0.],
   [  0.,   0.,   0.,   0.],
   [  0.,   0.,   0.,   0.],
   [  0.,   0.,   0.,   0.],
   [  0.,   0.,   0.,   0.],
   [  0.,   0.,   0.,   0.],
   [  0.,   0.,   0.,   0.],
   [  0.,   0.,   0.,   0.],
   [  0.,   0.,   0.,   0.],
   [  0.,   0.,   0.,   0.],
   [  0.,   0.,   0.,   0.],
   [  0.,   0.,   0.,   0.],
   [  0.,   0.,   0.,   0.],
   [  0.,   0.,   0.,   0.],
   [  0.,   0.,   0.,   0.],
   [  0.,   0.,   0.,   0.],
   [  0.,   0.,   0.,   0.],
   [  0.,   0.,   0.,   0.],
   [  0.,   0.,   0.,   0.],
   [  0.,   0.,   0.,   0.],
   [  0.,   0.,   0.,   0.]],

  [[  0.,   0.,   0.,   0.],
   [  0.,   0.,   0.,   0.],
   [  0.,   0.,   0.,   0.],
   [  0.,   0.,   0.,   0.],
   [  0.,   0.,   0.,   0.],
   [  0.,   0.,   0.,   0.],
   [  0.,   0.,   0.,   0.],
   [  0.,   0.,   0.,   0.],
   [  0.,   0.,   0.,   0.],
   [  0.,   0.,   0.,   0.],
   [  0.,   0.,   0.,   0.],
   [  0.,   0.,   0.,   0.],
   [  0.,   0.,   0.,   0.],
   [  0.,   0.,   0.,   0.],
   [  0.,   0.,   0.,   0.],
   [  0.,   0.,   0.,   0.],
   [  0.,   0.,   0.,   0.],
   [  0.,   0.,   0.,   0.],
   [  0.,   0.,   0.,   0.],
   [  0.,   0.,   0.,   0.],
   [  0.,   0.,   0.,   0.],
   [  0.,   0.,   0.,   0.],
   [  0.,   0.,   0.,   0.],
   [  0.,   0.,   0.,   0.],
   [  0.,   0.,   0.,   0.],
   [  0.,   0.,   0.,   0.],
   [  0.,   0.,   0.,   0.],
   [  0.,   0.,   0.,   0.]],

  [[  0.,   0.,   0.,   0.],
   [  0.,   0.,   0.,   0.],
   [  0.,   0.,   0.,   0.],
   [  0.,   0.,   0.,   0.],
   [  0.,   0.,   0.,   0.],
   [  0.,   0.,   0.,   0.],
   [  0.,   0.,   0.,   0.],
   [  0.,   0.,   0.,   0.],
   [  0.,   0.,   0.,   0.],
   [  0.,   0.,   0.,   0.],
   [  0.,   0.,   0.,   0.],
   [  0.,   0.,   0.,   0.],
   [  0.,   0.,   0.,   0.],
   [  0.,   0.,   0.,   0.],
   [  0.,   0.,   0.,   0.],
   [  0.,   0.,   0.,   0.],
   [  0.,   0.,   0.,   0.],
   [  0.,   0.,   0.,   0.],
   [  0.,   0.,   0.,   0.],
   [  0.,   0.,   0.,   0.],
   [  0.,   0.,   0.,   0.],
   [  0.,   0.,   0.,   0.],
   [  0.,   0.,   0.,   0.],
   [  0.,   0.,   0.,   0.],
   [  0.,   0.,   0.,   0.],
   [  0.,   0.,   0.,   0.],
   [  0.,   0.,   0.,   0.],
   [  0.,   0.,   0.,   0.]],

  [[  0.,   0.,   0.,   0.],
   [  0.,   0.,   0.,   0.],
   [  0.,   0.,   0.,   0.],
   [  0.,   0.,   0.,   0.],
   [  0.,   0.,   0.,   0.],
   [  0.,   0.,   0.,   0.],
   [  0.,   0.,   0.,   0.],
   [  0.,   0.,   0.,   0.],
   [  0.,   0.,   0.,   0.],
   [  0.,   0.,   0.,   0.],
   [  0.,   0.,   0.,   0.],
   [  0.,   0.,   0.,   0.],
   [  0.,   0.,   0.,   0.],
   [  0.,   0.,   0.,   0.],
   [  0.,   0.,   0.,   0.],
   [  0.,   0.,   0.,   0.],
   [  0.,   0.,   0.,   0.],
   [  0.,   0.,   0.,   0.],
   [  0.,   0.,   0.,   0.],
   [  0.,   0.,   0.,   0.],
   [  0.,   0.,   0.,   0.],
   [  0.,   0.,   0.,   0.],
   [  0.,   0.,   0.,   0.],
   [  0.,   0.,   0.,   0.],
   [  0.,   0.,   0.,   0.],
   [  0.,   0.,   0.,   0.],
   [  0.,   0.,   0.,   0.],
   [  0.,   0.,   0.,   0.]],

  [[  0.,   0.,   0.,   0.],
   [  0.,   0.,   0.,   0.],
   [  0.,   0.,   0.,   0.],
   [  0.,   0.,   0.,   0.],
   [  0.,   0.,   0.,   0.],
   [  0.,   0.,   0.,   0.],
   [  0.,   0.,   0.,   0.],
   [  0.,   0.,   0.,   0.],
   [  0.,   0.,   0.,   0.],
   [  0.,   0.,   0.,   0.],
   [  0.,   0.,   0.,   0.],
   [  0.,   0.,   0.,   0.],
   [  0.,   0.,   0.,   0.],
   [  0.,   0.,   0.,   0.],
   [  0.,   0.,   0.,   0.],
   [  0.,   0.,   0.,   0.],
   [  0.,   0.,   0.,   0.],
   [  0.,   0.,   0.,   0.],
   [  0.,   0.,   0.,   0.],
   [  0.,   0.,   0.,   0.],
   [  0.,   0.,   0.,   0.],
   [  0.,   0.,   0.,   0.],
   [  0.,   0.,   0.,   0.],
   [  0.,   0.,   0.,   0.],
   [  0.,   0.,   0.,   0.],
   [  0.,   0.,   0.,   0.],
   [  0.,   0.,   0.,   0.],
   [  0.,   0.,   0.,   0.]],

  [[  0.,   0.,   0.,   0.],
   [  0.,   0.,   0.,   0.],
   [  0.,   0.,   0.,   0.],
   [  0.,   0.,   0.,   0.],
   [  0.,   0.,   0.,   0.],
   [  0.,   0.,   0.,   0.],
   [  0.,   0.,   0.,   0.],
   [  0.,   0.,   0.,   0.],
   [  0.,   0.,   0.,   0.],
   [  0.,   0.,  15.,   9.],
   [  0.,   0.,  21.,  30.],
   [ 18.,   0.,   0.,  33.],
   [ 24.,   0.,   0.,  24.],
   [ 32.,   0.,   0.,  18.],
   [ 36.,   0.,   0.,   0.],
   [  8.,   0.,   0.,   0.],
   [  0.,   0.,   0.,   0.],
   [  0.,   0.,   0.,   0.],
   [  0.,   0.,   0.,   0.],
   [  0.,   0.,   0.,   0.],
   [  0.,   0.,   0.,   0.],
   [  0.,   0.,   0.,   0.],
   [  0.,   0.,   0.,   0.],
   [  0.,   0.,   0.,   0.],
   [  0.,   0.,   0.,   0.],
   [  0.,   0.,   0.,   0.],
   [  0.,   0.,   0.,   0.],
   [  0.,   0.,   0.,   0.]],

  [[  0.,   0.,   0.,   0.],
   [  0.,   0.,   0.,   0.],
   [  0.,   0.,   0.,   0.],
   [  0.,   0.,   0.,   0.],
   [  0.,   0.,   0.,   0.],
   [  0.,   0.,   0.,   0.],
   [  0.,   0.,   0.,   0.],
   [  0.,   0.,   0.,   0.],
   [  0.,   0.,  15.,   9.],
   [  3.,   0.,  30.,  45.],
   [ 22.,   0.,   0.,  66.],
   [ 27.,   0.,   0.,  32.],
   [ 20.,   0.,   3.,  12.],
   [ 18.,   0.,   6.,  19.],
   [ 28.,   0.,   0.,   0.],
   [ 64.,   0.,   0.,   0.],
   [ 18.,   0.,   0.,   0.],
   [  2.,   0.,   0.,   0.],
   [  0.,   0.,   0.,   0.],
   [  0.,   0.,   0.,   0.],
   [  0.,   0.,   0.,   0.],
   [  0.,   0.,   0.,   0.],
   [  0.,   0.,   0.,   0.],
   [  0.,   0.,   0.,   0.],
   [  0.,   0.,   0.,   0.],
   [  0.,   0.,   0.,   0.],
   [  0.,   0.,   0.,   0.],
   [  0.,   0.,   0.,   0.]],

  [[  0.,   0.,   0.,   0.],
   [  0.,   0.,   0.,   0.],
   [  0.,   0.,   0.,   0.],
   [  0.,   0.,   0.,   0.],
   [  0.,   0.,   0.,   0.],
   [  0.,   0.,   0.,   0.],
   [  0.,   0.,   0.,   0.],
   [  0.,   0.,  15.,   9.],
   [  0.,   0.,  35.,  48.],
   [ 14.,   0.,   0.,  82.],
   [  8.,   0.,   0.,  38.],
   [ 26.,  18.,   0.,   0.],
   [ 52.,  44.,  12.,   0.],
   [ 41.,  29.,   0.,   6.],
   [ 47.,   0.,  37.,   0.],
   [ 39.,   0.,   4.,   0.],
   [ 68.,   0.,   0.,   0.],
   [ 23.,   0.,   0.,   0.],
   [  2.,   0.,   0.,   0.],
   [  0.,   0.,   0.,   0.],
   [  0.,   0.,   0.,   0.],
   [  0.,   0.,   0.,   0.],
   [  0.,   0.,   0.,   0.],
   [  0.,   0.,   0.,   0.],
   [  0.,   0.,   0.,   0.],
   [  0.,   0.,   0.,   0.],
   [  0.,   0.,   0.,   0.],
   [  0.,   0.,   0.,   0.]],

  [[  0.,   0.,   0.,   0.],
   [  0.,   0.,   0.,   0.],
   [  0.,   0.,   0.,   0.],
   [  0.,   0.,   0.,   0.],
   [  0.,   0.,   0.,   0.],
   [  0.,   0.,   0.,   0.],
   [  0.,   0.,   0.,   0.],
   [  0.,   0.,  39.,  33.],
   [  0.,   0.,   3.,  98.],
   [  9.,   0.,   0.,  46.],
   [ 38.,   2.,   0.,   0.],
   [ 64.,  30.,  20.,   0.],
   [ 17.,  41.,   0.,   0.],
   [  8.,  48.,   0.,  15.],
   [ 31.,  43.,   4.,  34.],
   [ 29.,   0.,  12.,  26.],
   [ 61.,   0.,   0.,   0.],
   [ 61.,   0.,   0.,   0.],
   [ 33.,   0.,   0.,   0.],
   [  6.,   0.,   0.,   0.],
   [  0.,   0.,   0.,   0.],
   [  0.,   0.,   0.,   0.],
   [  0.,   0.,   0.,   0.],
   [  0.,   0.,   0.,   0.],
   [  0.,   0.,   0.,   0.],
   [  0.,   0.,   0.,   0.],
   [  0.,   0.,   0.,   0.],
   [  0.,   0.,   0.,   0.]],

  [[  0.,   0.,   0.,   0.],
   [  0.,   0.,   0.,   0.],
   [  0.,   0.,   0.,   0.],
   [  0.,   0.,   0.,   0.],
   [  0.,   0.,   0.,   0.],
   [  0.,   0.,   0.,   0.],
   [  0.,   0.,   5.,   3.],
   [  0.,   0.,  36.,  67.],
   [  0.,   0.,   0., 104.],
   [ 49.,   0.,   0.,   0.],
   [101.,   0.,  25.,   0.],
   [ 28.,   4.,   0.,   0.],
   [  0.,   0.,   0.,   0.],
   [  0.,   6.,   0.,   5.],
   [  0.,  37.,   0.,  34.],
   [  0.,  27.,  19.,  63.],
   [ 44.,   0.,   0.,  33.],
   [ 75.,   0.,   3.,   0.],
   [ 62.,   0.,   0.,   0.],
   [ 27.,   0.,   0.,   0.],
   [  0.,   0.,   0.,   0.],
   [  0.,   0.,   0.,   0.],
   [  0.,   0.,   0.,   0.],
   [  0.,   0.,   0.,   0.],
   [  0.,   0.,   0.,   0.],
   [  0.,   0.,   0.,   0.],
   [  0.,   0.,   0.,   0.],
   [  0.,   0.,   0.,   0.]],

  [[  0.,   0.,   0.,   0.],
   [  0.,   0.,   0.,   0.],
   [  0.,   0.,   0.,   0.],
   [  0.,   0.,   0.,   0.],
   [  0.,   0.,   0.,   0.],
   [  0.,   0.,   0.,   0.],
   [  0.,   0.,  18.,  14.],
   [  0.,   0.,  14.,  92.],
   [  8.,   0.,   0.,  59.],
   [ 90.,   0.,   0.,   0.],
   [ 57.,   3.,  18.,   0.],
   [  0.,   0.,   0.,   0.],
   [  0.,   0.,   0.,   0.],
   [  0.,   0.,   0.,   0.],
   [  0.,   6.,   0.,   5.],
   [  0.,  22.,  10.,  58.],
   [  0.,   0.,   2.,  82.],
   [ 68.,   0.,   0.,  24.],
   [ 83.,   0.,   0.,   0.],
   [ 61.,   0.,  11.,   0.],
   [  0.,   0.,   0.,   0.],
   [  0.,   0.,   0.,   0.],
   [  0.,   0.,   0.,   0.],
   [  0.,   0.,   0.,   0.],
   [  0.,   0.,   0.,   0.],
   [  0.,   0.,   0.,   0.],
   [  0.,   0.,   0.,   0.],
   [  0.,   0.,   0.,   0.]],

  [[  0.,   0.,   0.,   0.],
   [  0.,   0.,   0.,   0.],
   [  0.,   0.,   0.,   0.],
   [  0.,   0.,   0.,   0.],
   [  0.,   0.,   0.,   0.],
   [  0.,   0.,   0.,   0.],
   [  0.,   0.,  31.,  35.],
   [  0.,   0.,   0.,  97.],
   [ 26.,   0.,   0.,   0.],
   [ 92.,   0.,  19.,   0.],
   [ 21.,   3.,   0.,   0.],
   [  0.,   0.,   0.,   0.],
   [  0.,   0.,   0.,   0.],
   [  0.,   0.,   0.,   0.],
   [  0.,   0.,   0.,   0.],
   [  0.,   9.,  12.,  44.],
   [  0.,   0.,   4.,  92.],
   [ 36.,   0.,   0.,  47.],
   [102.,   0.,   0.,   0.],
   [ 75.,   0.,  10.,   0.],
   [  0.,   0.,   0.,   0.],
   [  0.,   0.,   0.,   0.],
   [  0.,   0.,   0.,   0.],
   [  0.,   0.,   0.,   0.],
   [  0.,   0.,   0.,   0.],
   [  0.,   0.,   0.,   0.],
   [  0.,   0.,   0.,   0.],
   [  0.,   0.,   0.,   0.]],

  [[  0.,   0.,   0.,   0.],
   [  0.,   0.,   0.,   0.],
   [  0.,   0.,   0.,   0.],
   [  0.,   0.,   0.,   0.],
   [  0.,   0.,   0.,   0.],
   [  0.,   0.,   0.,   0.],
   [  0.,   0.,  31.,  55.],
   [  0.,   0.,   0.,  92.],
   [ 86.,   0.,   0.,   0.],
   [ 72.,   0.,   0.,   0.],
   [  0.,   0.,   0.,   0.],
   [  0.,   0.,   0.,   0.],
   [  0.,   0.,   0.,   0.],
   [  0.,   0.,   0.,   0.],
   [  0.,   0.,   0.,   0.],
   [  0.,   3.,  15.,  39.],
   [  0.,   0.,   3.,  93.],
   [ 36.,   0.,   0.,  39.],
   [ 98.,   0.,   0.,   0.],
   [ 61.,   0.,   9.,   0.],
   [  0.,   0.,   0.,   0.],
   [  0.,   0.,   0.,   0.],
   [  0.,   0.,   0.,   0.],
   [  0.,   0.,   0.,   0.],
   [  0.,   0.,   0.,   0.],
   [  0.,   0.,   0.,   0.],
   [  0.,   0.,   0.,   0.],
   [  0.,   0.,   0.,   0.]],

  [[  0.,   0.,   0.,   0.],
   [  0.,   0.,   0.,   0.],
   [  0.,   0.,   0.,   0.],
   [  0.,   0.,   0.,   0.],
   [  0.,   0.,   0.,   0.],
   [  0.,   0.,   0.,   0.],
   [  0.,  21.,   5.,  53.],
   [  0.,   0.,   0.,  72.],
   [ 64.,   0.,   1.,   0.],
   [ 87.,   0.,   0.,   0.],
   [ 22.,   0.,   0.,   0.],
   [  4.,   0.,   0.,   0.],
   [  0.,   0.,   0.,   0.],
   [  0.,   0.,   0.,   0.],
   [  0.,   0.,   0.,   0.],
   [  0.,   3.,  15.,  39.],
   [  0.,   0.,   3.,  93.],
   [ 43.,   0.,   0.,  26.],
   [ 94.,   0.,   0.,   0.],
   [ 35.,   0.,  23.,   0.],
   [ 18.,   0.,   0.,  12.],
   [  6.,   0.,   0.,   0.],
   [  0.,   0.,   0.,   0.],
   [  0.,   0.,   0.,   0.],
   [  0.,   0.,   0.,   0.],
   [  0.,   0.,   0.,   0.],
   [  0.,   0.,   0.,   0.],
   [  0.,   0.,   0.,   0.]],

  [[  0.,   0.,   0.,   0.],
   [  0.,   0.,   0.,   0.],
   [  0.,   0.,   0.,   0.],
   [  0.,   0.,   0.,   0.],
   [  0.,   0.,   0.,   0.],
   [  0.,   0.,   0.,   0.],
   [  0.,  29.,   0.,  30.],
   [  0.,  22.,  16.,  61.],
   [ 33.,   0.,   5.,  30.],
   [ 59.,   0.,   4.,   0.],
   [ 53.,   0.,   0.,   0.],
   [ 34.,   0.,   0.,   0.],
   [  4.,   0.,   0.,   0.],
   [  0.,   0.,   0.,   0.],
   [  0.,   0.,   0.,   0.],
   [  0.,   3.,  15.,  39.],
   [  0.,   0.,   3.,  93.],
   [ 42.,   0.,   0.,  19.],
   [ 82.,   0.,  11.,   0.],
   [ 60.,   0.,  11.,   9.],
   [ 16.,   0.,   0.,   7.],
   [ 23.,   0.,   0.,   0.],
   [  0.,   0.,   0.,   0.],
   [  0.,   0.,   0.,   0.],
   [  0.,   0.,   0.,   0.],
   [  0.,   0.,   0.,   0.],
   [  0.,   0.,   0.,   0.],
   [  0.,   0.,   0.,   0.]],

  [[  0.,   0.,   0.,   0.],
   [  0.,   0.,   0.,   0.],
   [  0.,   0.,   0.,   0.],
   [  0.,   0.,   0.,   0.],
   [  0.,   0.,   0.,   0.],
   [  0.,   0.,   0.,   0.],
   [  0.,   6.,   0.,   5.],
   [  0.,  35.,   0.,  44.],
   [  0.,  25.,   3.,  59.],
   [ 41.,   0.,  14.,  26.],
   [ 61.,   0.,   0.,   0.],
   [ 68.,   0.,   0.,   0.],
   [ 40.,   0.,   0.,   0.],
   [  6.,   0.,   0.,   0.],
   [  0.,   0.,   0.,   0.],
   [  0.,   0.,  25.,  45.],
   [  0.,   0.,   0., 101.],
   [ 43.,   0.,   0.,  22.],
   [105.,   0.,   9.,   0.],
   [ 35.,   0.,   0.,  16.],
   [ 23.,   0.,   0.,   0.],
   [ 41.,   0.,  24.,   0.],
   [  0.,   0.,   0.,   0.],
   [  0.,   0.,   0.,   0.],
   [  0.,   0.,   0.,   0.],
   [  0.,   0.,   0.,   0.],
   [  0.,   0.,   0.,   0.],
   [  0.,   0.,   0.,   0.]],

  [[  0.,   0.,   0.,   0.],
   [  0.,   0.,   0.,   0.],
   [  0.,   0.,   0.,   0.],
   [  0.,   0.,   0.,   0.],
   [  0.,   0.,   0.,   0.],
   [  0.,   0.,   0.,   0.],
   [  0.,   0.,   0.,   0.],
   [  0.,  18.,   0.,  15.],
   [  0.,  39.,   0.,  42.],
   [  9.,  45.,   0.,  45.],
   [ 39.,   9.,   9.,   4.],
   [ 47.,   0.,  26.,   0.],
   [ 44.,   0.,  12.,   0.],
   [ 39.,   0.,   0.,   3.],
   [ 28.,   0.,   0.,  21.],
   [ 15.,   0.,   0.,  60.],
   [  0.,   0.,   0.,  94.],
   [ 62.,   0.,   0.,  22.],
   [ 75.,   0.,   0.,   0.],
   [ 27.,   1.,   0.,   0.],
   [ 76.,   8.,  34.,   0.],
   [ 28.,   4.,   0.,   0.],
   [  0.,   0.,   0.,   0.],
   [  0.,   0.,   0.,   0.],
   [  0.,   0.,   0.,   0.],
   [  0.,   0.,   0.,   0.],
   [  0.,   0.,   0.,   0.],
   [  0.,   0.,   0.,   0.]],

  [[  0.,   0.,   0.,   0.],
   [  0.,   0.,   0.,   0.],
   [  0.,   0.,   0.,   0.],
   [  0.,   0.,   0.,   0.],
   [  0.,   0.,   0.,   0.],
   [  0.,   0.,   0.,   0.],
   [  0.,   0.,   0.,   0.],
   [  0.,   0.,   0.,   0.],
   [  0.,  18.,   0.,  15.],
   [  0.,  42.,   0.,  27.],
   [ 18.,  48.,   0.,  24.],
   [ 48.,  30.,   0.,  15.],
   [ 39.,   0.,  12.,   0.],
   [ 39.,   0.,  18.,   6.],
   [ 21.,   0.,   0.,   7.],
   [  0.,   0.,  10.,  44.],
   [  9.,   0.,   0.,  65.],
   [ 80.,   0.,   0.,   0.],
   [ 48.,   6.,   0.,   0.],
   [ 87.,  11.,  35.,   0.],
   [ 35.,   5.,   0.,   0.],
   [  0.,   0.,   0.,   0.],
   [  0.,   0.,   0.,   0.],
   [  0.,   0.,   0.,   0.],
   [  0.,   0.,   0.,   0.],
   [  0.,   0.,   0.,   0.],
   [  0.,   0.,   0.,   0.],
   [  0.,   0.,   0.,   0.]],

  [[  0.,   0.,   0.,   0.],
   [  0.,   0.,   0.,   0.],
   [  0.,   0.,   0.,   0.],
   [  0.,   0.,   0.,   0.],
   [  0.,   0.,   0.,   0.],
   [  0.,   0.,   0.,   0.],
   [  0.,   0.,   0.,   0.],
   [  0.,   0.,   0.,   0.],
   [  0.,   0.,   0.,   0.],
   [  0.,   0.,   0.,   0.],
   [  0.,  18.,   0.,  15.],
   [  0.,  42.,   0.,  27.],
   [ 18.,  48.,   0.,  24.],
   [ 21.,  51.,   0.,  15.],
   [ 42.,  42.,   0.,   0.],
   [ 21.,  23.,  27.,  25.],
   [ 26.,   0.,   0.,  58.],
   [ 76.,   0.,   0.,   0.],
   [104.,   0.,  11.,   0.],
   [ 35.,   5.,   0.,   0.],
   [  0.,   0.,   0.,   0.],
   [  0.,   0.,   0.,   0.],
   [  0.,   0.,   0.,   0.],
   [  0.,   0.,   0.,   0.],
   [  0.,   0.,   0.,   0.],
   [  0.,   0.,   0.,   0.],
   [  0.,   0.,   0.,   0.],
   [  0.,   0.,   0.,   0.]],

  [[  0.,   0.,   0.,   0.],
   [  0.,   0.,   0.,   0.],
   [  0.,   0.,   0.,   0.],
   [  0.,   0.,   0.,   0.],
   [  0.,   0.,   0.,   0.],
   [  0.,   0.,   0.,   0.],
   [  0.,   0.,   0.,   0.],
   [  0.,   0.,   0.,   0.],
   [  0.,   0.,   0.,   0.],
   [  0.,   0.,   0.,   0.],
   [  0.,   0.,   0.,   0.],
   [  0.,   0.,   0.,   0.],
   [  0.,  18.,   0.,  15.],
   [  0.,  24.,   0.,  12.],
   [ 15.,  27.,   0.,   0.],
   [  0.,  20.,  25.,  52.],
   [  7.,   0.,   0.,  84.],
   [ 95.,   0.,   0.,   0.],
   [ 82.,   0.,  11.,   0.],
   [  0.,   0.,   0.,   0.],
   [  0.,   0.,   0.,   0.],
   [  0.,   0.,   0.,   0.],
   [  0.,   0.,   0.,   0.],
   [  0.,   0.,   0.,   0.],
   [  0.,   0.,   0.,   0.],
   [  0.,   0.,   0.,   0.],
   [  0.,   0.,   0.,   0.],
   [  0.,   0.,   0.,   0.]],

  [[  0.,   0.,   0.,   0.],
   [  0.,   0.,   0.,   0.],
   [  0.,   0.,   0.,   0.],
   [  0.,   0.,   0.,   0.],
   [  0.,   0.,   0.,   0.],
   [  0.,   0.,   0.,   0.],
   [  0.,   0.,   0.,   0.],
   [  0.,   0.,   0.,   0.],
   [  0.,   0.,   0.,   0.],
   [  0.,   0.,   0.,   0.],
   [  0.,   0.,   0.,   0.],
   [  0.,   0.,   0.,   0.],
   [  0.,   0.,   0.,   0.],
   [  0.,   0.,   0.,   0.],
   [  0.,   0.,   5.,   3.],
   [  0.,   0.,  27.,  72.],
   [  0.,   0.,   0.,  87.],
   [ 78.,   0.,   0.,   0.],
   [ 71.,   0.,  20.,   0.],
   [  0.,   0.,   0.,   0.],
   [  0.,   0.,   0.,   0.],
   [  0.,   0.,   0.,   0.],
   [  0.,   0.,   0.,   0.],
   [  0.,   0.,   0.,   0.],
   [  0.,   0.,   0.,   0.],
   [  0.,   0.,   0.,   0.],
   [  0.,   0.,   0.,   0.],
   [  0.,   0.,   0.,   0.]],

  [[  0.,   0.,   0.,   0.],
   [  0.,   0.,   0.,   0.],
   [  0.,   0.,   0.,   0.],
   [  0.,   0.,   0.,   0.],
   [  0.,   0.,   0.,   0.],
   [  0.,   0.,   0.,   0.],
   [  0.,   0.,   0.,   0.],
   [  0.,   0.,   0.,   0.],
   [  0.,   0.,   0.,   0.],
   [  0.,   0.,   0.,   0.],
   [  0.,   0.,   0.,   0.],
   [  0.,   0.,   0.,   0.],
   [  0.,   0.,   0.,   0.],
   [  0.,   0.,   0.,   0.],
   [  0.,   0.,  23.,  17.],
   [  0.,   0.,  14.,  91.],
   [  9.,   0.,   0.,  47.],
   [ 85.,   0.,   0.,   0.],
   [ 45.,   3.,  12.,   0.],
   [  0.,   0.,   0.,   0.],
   [  0.,   0.,   0.,   0.],
   [  0.,   0.,   0.,   0.],
   [  0.,   0.,   0.,   0.],
   [  0.,   0.,   0.,   0.],
   [  0.,   0.,   0.,   0.],
   [  0.,   0.,   0.,   0.],
   [  0.,   0.,   0.,   0.],
   [  0.,   0.,   0.,   0.]],

  [[  0.,   0.,   0.,   0.],
   [  0.,   0.,   0.,   0.],
   [  0.,   0.,   0.,   0.],
   [  0.,   0.,   0.,   0.],
   [  0.,   0.,   0.,   0.],
   [  0.,   0.,   0.,   0.],
   [  0.,   0.,   0.,   0.],
   [  0.,   0.,   0.,   0.],
   [  0.,   0.,   0.,   0.],
   [  0.,   0.,   0.,   0.],
   [  0.,   0.,   0.,   0.],
   [  0.,   0.,   0.,   0.],
   [  0.,   0.,   0.,   0.],
   [  0.,   0.,   0.,   0.],
   [  0.,   0.,  39.,  43.],
   [  0.,   0.,   0., 109.],
   [ 51.,   0.,   0.,   0.],
   [ 92.,   0.,   8.,   0.],
   [ 14.,   2.,   0.,   0.],
   [  0.,   0.,   0.,   0.],
   [  0.,   0.,   0.,   0.],
   [  0.,   0.,   0.,   0.],
   [  0.,   0.,   0.,   0.],
   [  0.,   0.,   0.,   0.],
   [  0.,   0.,   0.,   0.],
   [  0.,   0.,   0.,   0.],
   [  0.,   0.,   0.,   0.],
   [  0.,   0.,   0.,   0.]],

  [[  0.,   0.,   0.,   0.],
   [  0.,   0.,   0.,   0.],
   [  0.,   0.,   0.,   0.],
   [  0.,   0.,   0.,   0.],
   [  0.,   0.,   0.,   0.],
   [  0.,   0.,   0.,   0.],
   [  0.,   0.,   0.,   0.],
   [  0.,   0.,   0.,   0.],
   [  0.,   0.,   0.,   0.],
   [  0.,   0.,   0.,   0.],
   [  0.,   0.,   0.,   0.],
   [  0.,   0.,   0.,   0.],
   [  0.,   0.,   0.,   0.],
   [  0.,   0.,   5.,   3.],
   [  0.,   0.,  33.,  72.],
   [  0.,   0.,   0.,  98.],
   [ 76.,   0.,   0.,   0.],
   [ 78.,   0.,  21.,   0.],
   [  0.,   0.,   0.,   0.],
   [  0.,   0.,   0.,   0.],
   [  0.,   0.,   0.,   0.],
   [  0.,   0.,   0.,   0.],
   [  0.,   0.,   0.,   0.],
   [  0.,   0.,   0.,   0.],
   [  0.,   0.,   0.,   0.],
   [  0.,   0.,   0.,   0.],
   [  0.,   0.,   0.,   0.],
   [  0.,   0.,   0.,   0.]],

  [[  0.,   0.,   0.,   0.],
   [  0.,   0.,   0.,   0.],
   [  0.,   0.,   0.,   0.],
   [  0.,   0.,   0.,   0.],
   [  0.,   0.,   0.,   0.],
   [  0.,   0.,   0.,   0.],
   [  0.,   0.,   0.,   0.],
   [  0.,   0.,   0.,   0.],
   [  0.,   0.,   0.,   0.],
   [  0.,   0.,   0.,   0.],
   [  0.,   0.,   0.,   0.],
   [  0.,   0.,   0.,   0.],
   [  0.,   0.,   0.,   0.],
   [  0.,   0.,   8.,   8.],
   [  0.,   0.,  20.,  84.],
   [  4.,   0.,   0.,  65.],
   [ 90.,   0.,   0.,   0.],
   [ 57.,   3.,  18.,   0.],
   [  0.,   0.,   0.,   0.],
   [  0.,   0.,   0.,   0.],
   [  0.,   0.,   0.,   0.],
   [  0.,   0.,   0.,   0.],
   [  0.,   0.,   0.,   0.],
   [  0.,   0.,   0.,   0.],
   [  0.,   0.,   0.,   0.],
   [  0.,   0.,   0.,   0.],
   [  0.,   0.,   0.,   0.],
   [  0.,   0.,   0.,   0.]],

  [[  0.,   0.,   0.,   0.],
   [  0.,   0.,   0.,   0.],
   [  0.,   0.,   0.,   0.],
   [  0.,   0.,   0.,   0.],
   [  0.,   0.,   0.,   0.],
   [  0.,   0.,   0.,   0.],
   [  0.,   0.,   0.,   0.],
   [  0.,   0.,   0.,   0.],
   [  0.,   0.,   0.,   0.],
   [  0.,   0.,   0.,   0.],
   [  0.,   0.,   0.,   0.],
   [  0.,   0.,   0.,   0.],
   [  0.,   0.,   0.,   0.],
   [  0.,   5.,   0.,  10.],
   [  0.,  32.,   0.,  61.],
   [  0.,  30.,   0.,   9.],
   [ 84.,   6.,  39.,   0.],
   [ 21.,   3.,   0.,   0.],
   [  0.,   0.,   0.,   0.],
   [  0.,   0.,   0.,   0.],
   [  0.,   0.,   0.,   0.],
   [  0.,   0.,   0.,   0.],
   [  0.,   0.,   0.,   0.],
   [  0.,   0.,   0.,   0.],
   [  0.,   0.,   0.,   0.],
   [  0.,   0.,   0.,   0.],
   [  0.,   0.,   0.,   0.],
   [  0.,   0.,   0.,   0.]],

  [[  0.,   0.,   0.,   0.],
   [  0.,   0.,   0.,   0.],
   [  0.,   0.,   0.,   0.],
   [  0.,   0.,   0.,   0.],
   [  0.,   0.,   0.,   0.],
   [  0.,   0.,   0.,   0.],
   [  0.,   0.,   0.,   0.],
   [  0.,   0.,   0.,   0.],
   [  0.,   0.,   0.,   0.],
   [  0.,   0.,   0.,   0.],
   [  0.,   0.,   0.,   0.],
   [  0.,   0.,   0.,   0.],
   [  0.,   0.,   0.,   0.],
   [  0.,   6.,   0.,   5.],
   [  0.,  38.,   0.,  29.],
   [ 31.,  13.,   6.,   0.],
   [ 42.,   6.,   0.,   0.],
   [  0.,   0.,   0.,   0.],
   [  0.,   0.,   0.,   0.],
   [  0.,   0.,   0.,   0.],
   [  0.,   0.,   0.,   0.],
   [  0.,   0.,   0.,   0.],
   [  0.,   0.,   0.,   0.],
   [  0.,   0.,   0.,   0.],
   [  0.,   0.,   0.,   0.],
   [  0.,   0.,   0.,   0.],
   [  0.,   0.,   0.,   0.],
   [  0.,   0.,   0.,   0.]],

  [[  0.,   0.,   0.,   0.],
   [  0.,   0.,   0.,   0.],
   [  0.,   0.,   0.,   0.],
   [  0.,   0.,   0.,   0.],
   [  0.,   0.,   0.,   0.],
   [  0.,   0.,   0.,   0.],
   [  0.,   0.,   0.,   0.],
   [  0.,   0.,   0.,   0.],
   [  0.,   0.,   0.,   0.],
   [  0.,   0.,   0.,   0.],
   [  0.,   0.,   0.,   0.],
   [  0.,   0.,   0.,   0.],
   [  0.,   0.,   0.,   0.],
   [  0.,   0.,   0.,   0.],
   [  0.,   0.,   0.,   0.],
   [  0.,   0.,   0.,   0.],
   [  0.,   0.,   0.,   0.],
   [  0.,   0.,   0.,   0.],
   [  0.,   0.,   0.,   0.],
   [  0.,   0.,   0.,   0.],
   [  0.,   0.,   0.,   0.],
   [  0.,   0.,   0.,   0.],
   [  0.,   0.,   0.,   0.],
   [  0.,   0.,   0.,   0.],
   [  0.,   0.,   0.,   0.],
   [  0.,   0.,   0.,   0.],
   [  0.,   0.,   0.,   0.],
   [  0.,   0.,   0.,   0.]]]]

🔹 Layer: average_pooling2d_2
   📐 Output Shape: (1, 14, 14, 4)
   🔢 Output Values:
[[[[ 0.  ,  0.  ,  0.  ,  0.  ],
   [ 0.  ,  0.  ,  0.  ,  0.  ],
   [ 0.  ,  0.  ,  0.  ,  0.  ],
   [ 0.  ,  0.  ,  0.  ,  0.  ],
   [ 0.  ,  0.  ,  0.  ,  0.  ],
   [ 0.  ,  0.  ,  0.  ,  0.  ],
   [ 0.  ,  0.  ,  0.  ,  0.  ],
   [ 0.  ,  0.  ,  0.  ,  0.  ],
   [ 0.  ,  0.  ,  0.  ,  0.  ],
   [ 0.  ,  0.  ,  0.  ,  0.  ],
   [ 0.  ,  0.  ,  0.  ,  0.  ],
   [ 0.  ,  0.  ,  0.  ,  0.  ],
   [ 0.  ,  0.  ,  0.  ,  0.  ],
   [ 0.  ,  0.  ,  0.  ,  0.  ]],

  [[ 0.  ,  0.  ,  0.  ,  0.  ],
   [ 0.  ,  0.  ,  0.  ,  0.  ],
   [ 0.  ,  0.  ,  0.  ,  0.  ],
   [ 0.  ,  0.  ,  0.  ,  0.  ],
   [ 0.  ,  0.  ,  0.  ,  0.  ],
   [ 0.  ,  0.  ,  0.  ,  0.  ],
   [ 0.  ,  0.  ,  0.  ,  0.  ],
   [ 0.  ,  0.  ,  0.  ,  0.  ],
   [ 0.  ,  0.  ,  0.  ,  0.  ],
   [ 0.  ,  0.  ,  0.  ,  0.  ],
   [ 0.  ,  0.  ,  0.  ,  0.  ],
   [ 0.  ,  0.  ,  0.  ,  0.  ],
   [ 0.  ,  0.  ,  0.  ,  0.  ],
   [ 0.  ,  0.  ,  0.  ,  0.  ]],

  [[ 0.  ,  0.  ,  0.  ,  0.  ],
   [ 0.  ,  0.  ,  0.  ,  0.  ],
   [ 0.  ,  0.  ,  0.  ,  0.  ],
   [ 0.  ,  0.  ,  0.  ,  0.  ],
   [ 0.  ,  0.  ,  3.75,  2.25],
   [ 4.5 ,  0.  ,  5.25, 15.75],
   [14.  ,  0.  ,  0.  , 10.5 ],
   [11.  ,  0.  ,  0.  ,  0.  ],
   [ 0.  ,  0.  ,  0.  ,  0.  ],
   [ 0.  ,  0.  ,  0.  ,  0.  ],
   [ 0.  ,  0.  ,  0.  ,  0.  ],
   [ 0.  ,  0.  ,  0.  ,  0.  ],
   [ 0.  ,  0.  ,  0.  ,  0.  ],
   [ 0.  ,  0.  ,  0.  ,  0.  ]],

  [[ 0.  ,  0.  ,  0.  ,  0.  ],
   [ 0.  ,  0.  ,  0.  ,  0.  ],
   [ 0.  ,  0.  ,  0.  ,  0.  ],
   [ 0.  ,  0.  ,  3.75,  2.25],
   [ 4.25,  0.  , 20.  , 46.  ],
   [20.75,  4.5 ,  0.  , 34.  ],
   [32.75, 18.25,  5.25,  9.25],
   [44.5 ,  0.  , 10.25,  0.  ],
   [27.75,  0.  ,  0.  ,  0.  ],
   [ 0.5 ,  0.  ,  0.  ,  0.  ],
   [ 0.  ,  0.  ,  0.  ,  0.  ],
   [ 0.  ,  0.  ,  0.  ,  0.  ],
   [ 0.  ,  0.  ,  0.  ,  0.  ],
   [ 0.  ,  0.  ,  0.  ,  0.  ]],

  [[ 0.  ,  0.  ,  0.  ,  0.  ],
   [ 0.  ,  0.  ,  0.  ,  0.  ],
   [ 0.  ,  0.  ,  0.  ,  0.  ],
   [ 0.  ,  0.  , 20.  , 25.75],
   [14.5 ,  0.  ,  0.75, 62.  ],
   [57.75,  9.  , 11.25,  0.  ],
   [ 6.25, 23.75,  0.  ,  5.  ],
   [15.  , 26.75,  8.75, 39.25],
   [60.25,  0.  ,  0.75,  8.25],
   [32.  ,  0.  ,  0.  ,  0.  ],
   [ 0.  ,  0.  ,  0.  ,  0.  ],
   [ 0.  ,  0.  ,  0.  ,  0.  ],
   [ 0.  ,  0.  ,  0.  ,  0.  ],
   [ 0.  ,  0.  ,  0.  ,  0.  ]],

  [[ 0.  ,  0.  ,  0.  ,  0.  ],
   [ 0.  ,  0.  ,  0.  ,  0.  ],
   [ 0.  ,  0.  ,  0.  ,  0.  ],
   [ 0.  ,  0.  , 15.75, 59.5 ],
   [54.  ,  0.  ,  4.75, 14.75],
   [19.5 ,  1.5 ,  4.5 ,  0.  ],
   [ 0.  ,  0.  ,  0.  ,  0.  ],
   [ 0.  ,  9.25,  5.5 , 26.75],
   [26.  ,  0.  ,  1.5 , 61.25],
   [80.25,  0.  ,  5.25,  0.  ],
   [ 0.  ,  0.  ,  0.  ,  0.  ],
   [ 0.  ,  0.  ,  0.  ,  0.  ],
   [ 0.  ,  0.  ,  0.  ,  0.  ],
   [ 0.  ,  0.  ,  0.  ,  0.  ]],

  [[ 0.  ,  0.  ,  0.  ,  0.  ],
   [ 0.  ,  0.  ,  0.  ,  0.  ],
   [ 0.  ,  0.  ,  0.  ,  0.  ],
   [ 0.  ,  5.25,  9.  , 68.  ],
   [77.25,  0.  ,  0.25,  0.  ],
   [ 6.5 ,  0.  ,  0.  ,  0.  ],
   [ 0.  ,  0.  ,  0.  ,  0.  ],
   [ 0.  ,  1.5 ,  7.5 , 19.5 ],
   [19.75,  0.  ,  1.5 , 62.75],
   [72.  ,  0.  ,  8.  ,  0.  ],
   [ 6.  ,  0.  ,  0.  ,  3.  ],
   [ 0.  ,  0.  ,  0.  ,  0.  ],
   [ 0.  ,  0.  ,  0.  ,  0.  ],
   [ 0.  ,  0.  ,  0.  ,  0.  ]],

  [[ 0.  ,  0.  ,  0.  ,  0.  ],
   [ 0.  ,  0.  ,  0.  ,  0.  ],
   [ 0.  ,  0.  ,  0.  ,  0.  ],
   [ 0.  , 23.  ,  4.  , 35.  ],
   [33.25,  6.25,  6.5 , 28.75],
   [54.  ,  0.  ,  0.  ,  0.  ],
   [12.5 ,  0.  ,  0.  ,  0.  ],
   [ 0.  ,  0.75, 10.  , 21.  ],
   [21.25,  0.  ,  0.75, 58.75],
   [70.5 ,  0.  ,  7.75,  6.25],
   [25.75,  0.  ,  6.  ,  1.75],
   [ 0.  ,  0.  ,  0.  ,  0.  ],
   [ 0.  ,  0.  ,  0.  ,  0.  ],
   [ 0.  ,  0.  ,  0.  ,  0.  ]],

  [[ 0.  ,  0.  ,  0.  ,  0.  ],
   [ 0.  ,  0.  ,  0.  ,  0.  ],
   [ 0.  ,  0.  ,  0.  ,  0.  ],
   [ 0.  ,  4.5 ,  0.  ,  3.75],
   [ 2.25, 36.  ,  0.  , 32.25],
   [38.  , 21.75,  8.75, 10.75],
   [40.25,  0.  , 10.5 ,  2.25],
   [16.  ,  0.  ,  2.5 , 33.  ],
   [37.75,  0.  ,  0.  , 45.25],
   [59.25,  4.5 ,  8.75,  0.  ],
   [34.75,  4.25,  8.5 ,  0.  ],
   [ 0.  ,  0.  ,  0.  ,  0.  ],
   [ 0.  ,  0.  ,  0.  ,  0.  ],
   [ 0.  ,  0.  ,  0.  ,  0.  ]],

  [[ 0.  ,  0.  ,  0.  ,  0.  ],
   [ 0.  ,  0.  ,  0.  ,  0.  ],
   [ 0.  ,  0.  ,  0.  ,  0.  ],
   [ 0.  ,  0.  ,  0.  ,  0.  ],
   [ 0.  ,  0.  ,  0.  ,  0.  ],
   [ 0.  , 15.  ,  0.  , 10.5 ],
   [ 9.75, 35.25,  0.  , 16.5 ],
   [19.5 , 28.  , 13.  , 19.25],
   [51.  ,  0.  ,  0.  , 35.5 ],
   [55.25,  1.25,  5.5 ,  0.  ],
   [ 0.  ,  0.  ,  0.  ,  0.  ],
   [ 0.  ,  0.  ,  0.  ,  0.  ],
   [ 0.  ,  0.  ,  0.  ,  0.  ],
   [ 0.  ,  0.  ,  0.  ,  0.  ]],

  [[ 0.  ,  0.  ,  0.  ,  0.  ],
   [ 0.  ,  0.  ,  0.  ,  0.  ],
   [ 0.  ,  0.  ,  0.  ,  0.  ],
   [ 0.  ,  0.  ,  0.  ,  0.  ],
   [ 0.  ,  0.  ,  0.  ,  0.  ],
   [ 0.  ,  0.  ,  0.  ,  0.  ],
   [ 0.  ,  0.  ,  0.  ,  0.  ],
   [ 0.  ,  0.  , 17.25, 45.75],
   [43.  ,  0.  ,  0.  , 33.5 ],
   [29.  ,  0.75,  8.  ,  0.  ],
   [ 0.  ,  0.  ,  0.  ,  0.  ],
   [ 0.  ,  0.  ,  0.  ,  0.  ],
   [ 0.  ,  0.  ,  0.  ,  0.  ],
   [ 0.  ,  0.  ,  0.  ,  0.  ]],

  [[ 0.  ,  0.  ,  0.  ,  0.  ],
   [ 0.  ,  0.  ,  0.  ,  0.  ],
   [ 0.  ,  0.  ,  0.  ,  0.  ],
   [ 0.  ,  0.  ,  0.  ,  0.  ],
   [ 0.  ,  0.  ,  0.  ,  0.  ],
   [ 0.  ,  0.  ,  0.  ,  0.  ],
   [ 0.  ,  0.  ,  1.25,  0.75],
   [ 0.  ,  0.  , 18.  , 80.5 ],
   [74.25,  0.  ,  7.25,  0.  ],
   [ 3.5 ,  0.5 ,  0.  ,  0.  ],
   [ 0.  ,  0.  ,  0.  ,  0.  ],
   [ 0.  ,  0.  ,  0.  ,  0.  ],
   [ 0.  ,  0.  ,  0.  ,  0.  ],
   [ 0.  ,  0.  ,  0.  ,  0.  ]],

  [[ 0.  ,  0.  ,  0.  ,  0.  ],
   [ 0.  ,  0.  ,  0.  ,  0.  ],
   [ 0.  ,  0.  ,  0.  ,  0.  ],
   [ 0.  ,  0.  ,  0.  ,  0.  ],
   [ 0.  ,  0.  ,  0.  ,  0.  ],
   [ 0.  ,  0.  ,  0.  ,  0.  ],
   [ 0.  ,  1.25,  2.  ,  4.5 ],
   [ 1.  , 15.5 ,  5.  , 54.75],
   [63.  ,  3.  , 14.25,  0.  ],
   [ 0.  ,  0.  ,  0.  ,  0.  ],
   [ 0.  ,  0.  ,  0.  ,  0.  ],
   [ 0.  ,  0.  ,  0.  ,  0.  ],
   [ 0.  ,  0.  ,  0.  ,  0.  ],
   [ 0.  ,  0.  ,  0.  ,  0.  ]],

  [[ 0.  ,  0.  ,  0.  ,  0.  ],
   [ 0.  ,  0.  ,  0.  ,  0.  ],
   [ 0.  ,  0.  ,  0.  ,  0.  ],
   [ 0.  ,  0.  ,  0.  ,  0.  ],
   [ 0.  ,  0.  ,  0.  ,  0.  ],
   [ 0.  ,  0.  ,  0.  ,  0.  ],
   [ 0.  ,  1.5 ,  0.  ,  1.25],
   [ 7.75, 12.75,  1.5 ,  7.25],
   [10.5 ,  1.5 ,  0.  ,  0.  ],
   [ 0.  ,  0.  ,  0.  ,  0.  ],
   [ 0.  ,  0.  ,  0.  ,  0.  ],
   [ 0.  ,  0.  ,  0.  ,  0.  ],
   [ 0.  ,  0.  ,  0.  ,  0.  ],
   [ 0.  ,  0.  ,  0.  ,  0.  ]]]]

🔹 Layer: conv2d_3
   📐 Output Shape: (1, 12, 12, 8)
   🔢 Output Values:
[[[[0.00000e+00, 0.00000e+00, 0.00000e+00, 0.00000e+00, 0.00000e+00, 0.00000e+00, 0.00000e+00, 0.00000e+00],
   [0.00000e+00, 0.00000e+00, 0.00000e+00, 0.00000e+00, 0.00000e+00, 0.00000e+00, 0.00000e+00, 0.00000e+00],
   [1.35000e+01, 1.12500e+01, 0.00000e+00, 2.17500e+01, 0.00000e+00, 2.25000e+00, 1.72500e+01, 0.00000e+00],
   [7.72500e+01, 6.00000e+00, 0.00000e+00, 0.00000e+00, 0.00000e+00, 8.02500e+01, 0.00000e+00, 0.00000e+00],
   [1.70250e+02, 0.00000e+00, 5.05000e+01, 0.00000e+00, 0.00000e+00, 1.26500e+02, 0.00000e+00, 0.00000e+00],
   [8.95000e+01, 0.00000e+00, 5.72500e+01, 2.82500e+01, 1.12750e+02, 2.05000e+01, 0.00000e+00, 0.00000e+00],
   [7.60000e+01, 4.95000e+01, 6.50000e+00, 1.26000e+02, 4.40000e+01, 0.00000e+00, 0.00000e+00, 0.00000e+00],
   [6.60000e+01, 5.50000e+01, 0.00000e+00, 5.50000e+01, 0.00000e+00, 0.00000e+00, 0.00000e+00, 4.40000e+01],
   [0.00000e+00, 0.00000e+00, 0.00000e+00, 0.00000e+00, 0.00000e+00, 0.00000e+00, 0.00000e+00, 0.00000e+00],
   [0.00000e+00, 0.00000e+00, 0.00000e+00, 0.00000e+00, 0.00000e+00, 0.00000e+00, 0.00000e+00, 0.00000e+00],
   [0.00000e+00, 0.00000e+00, 0.00000e+00, 0.00000e+00, 0.00000e+00, 0.00000e+00, 0.00000e+00, 0.00000e+00],
   [0.00000e+00, 0.00000e+00, 0.00000e+00, 0.00000e+00, 0.00000e+00, 0.00000e+00, 0.00000e+00, 0.00000e+00]],

  [[0.00000e+00, 0.00000e+00, 0.00000e+00, 0.00000e+00, 0.00000e+00, 0.00000e+00, 0.00000e+00, 0.00000e+00],
   [1.35000e+01, 1.12500e+01, 0.00000e+00, 2.17500e+01, 0.00000e+00, 2.25000e+00, 1.72500e+01, 0.00000e+00],
   [1.69000e+02, 4.32500e+01, 0.00000e+00, 1.35000e+01, 0.00000e+00, 2.48000e+02, 8.45000e+01, 0.00000e+00],
   [4.89500e+02, 0.00000e+00, 9.25000e+01, 0.00000e+00, 0.00000e+00, 3.58750e+02, 0.00000e+00, 0.00000e+00],
   [1.35250e+02, 0.00000e+00, 0.00000e+00, 0.00000e+00, 1.73000e+02, 2.23500e+02, 0.00000e+00, 0.00000e+00],
   [1.31000e+02, 0.00000e+00, 4.02500e+01, 0.00000e+00, 5.34250e+02, 0.00000e+00, 0.00000e+00, 0.00000e+00],
   [3.52250e+02, 0.00000e+00, 2.84250e+02, 3.18500e+02, 2.86000e+02, 0.00000e+00, 0.00000e+00, 0.00000e+00],
   [3.36250e+02, 1.95750e+02, 7.40000e+01, 4.65000e+02, 0.00000e+00, 0.00000e+00, 0.00000e+00, 0.00000e+00],
   [1.69000e+02, 1.39250e+02, 0.00000e+00, 1.42250e+02, 0.00000e+00, 0.00000e+00, 0.00000e+00, 1.08000e+02],
   [3.00000e+00, 2.50000e+00, 0.00000e+00, 2.50000e+00, 0.00000e+00, 0.00000e+00, 0.00000e+00, 2.00000e+00],
   [0.00000e+00, 0.00000e+00, 0.00000e+00, 0.00000e+00, 0.00000e+00, 0.00000e+00, 0.00000e+00, 0.00000e+00],
   [0.00000e+00, 0.00000e+00, 0.00000e+00, 0.00000e+00, 0.00000e+00, 0.00000e+00, 0.00000e+00, 0.00000e+00]],

  [[0.00000e+00, 0.00000e+00, 0.00000e+00, 0.00000e+00, 0.00000e+00, 0.00000e+00, 0.00000e+00, 0.00000e+00],
   [1.04500e+02, 5.25000e+01, 0.00000e+00, 7.27500e+01, 0.00000e+00, 1.26000e+02, 1.06500e+02, 0.00000e+00],
   [5.84250e+02, 1.44750e+02, 0.00000e+00, 0.00000e+00, 0.00000e+00, 6.79750e+02, 0.00000e+00, 0.00000e+00],
   [6.71500e+02, 3.14500e+02, 0.00000e+00, 0.00000e+00, 3.36250e+02, 6.16500e+02, 0.00000e+00, 0.00000e+00],
   [0.00000e+00, 0.00000e+00, 1.91500e+02, 0.00000e+00, 5.18500e+02, 0.00000e+00, 0.00000e+00, 1.23750e+02],
   [9.07500e+01, 0.00000e+00, 0.00000e+00, 1.27000e+02, 0.00000e+00, 0.00000e+00, 0.00000e+00, 1.11000e+02],
   [0.00000e+00, 0.00000e+00, 2.95000e+02, 0.00000e+00, 3.94750e+02, 0.00000e+00, 0.00000e+00, 0.00000e+00],
   [0.00000e+00, 0.00000e+00, 3.80500e+02, 2.30000e+02, 5.84250e+02, 0.00000e+00, 0.00000e+00, 0.00000e+00],
   [4.36250e+02, 2.21250e+02, 0.00000e+00, 5.12500e+02, 6.27500e+01, 0.00000e+00, 0.00000e+00, 0.00000e+00],
   [1.91500e+02, 1.58500e+02, 0.00000e+00, 1.60000e+02, 0.00000e+00, 0.00000e+00, 0.00000e+00, 1.26500e+02],
   [0.00000e+00, 0.00000e+00, 0.00000e+00, 0.00000e+00, 0.00000e+00, 0.00000e+00, 0.00000e+00, 0.00000e+00],
   [0.00000e+00, 0.00000e+00, 0.00000e+00, 0.00000e+00, 0.00000e+00, 0.00000e+00, 0.00000e+00, 0.00000e+00]],

  [[0.00000e+00, 0.00000e+00, 0.00000e+00, 0.00000e+00, 0.00000e+00, 0.00000e+00, 0.00000e+00, 0.00000e+00],
   [3.04000e+02, 9.17500e+01, 0.00000e+00, 0.00000e+00, 0.00000e+00, 5.71000e+02, 9.12500e+01, 0.00000e+00],
   [1.24525e+03, 4.58750e+02, 0.00000e+00, 0.00000e+00, 2.19250e+02, 9.93000e+02, 0.00000e+00, 0.00000e+00],
   [0.00000e+00, 0.00000e+00, 0.00000e+00, 0.00000e+00, 4.00500e+02, 1.84500e+02, 0.00000e+00, 2.60000e+01],
   [0.00000e+00, 0.00000e+00, 2.35000e+01, 6.18000e+02, 0.00000e+00, 0.00000e+00, 0.00000e+00, 5.01500e+02],
   [4.28000e+02, 6.72500e+01, 0.00000e+00, 0.00000e+00, 0.00000e+00, 0.00000e+00, 0.00000e+00, 0.00000e+00],
   [1.72250e+02, 4.01250e+02, 0.00000e+00, 0.00000e+00, 0.00000e+00, 0.00000e+00, 4.62500e+01, 0.00000e+00],
   [1.75500e+02, 0.00000e+00, 2.85750e+02, 0.00000e+00, 7.23500e+02, 0.00000e+00, 0.00000e+00, 0.00000e+00],
   [0.00000e+00, 0.00000e+00, 3.95500e+02, 6.41750e+02, 7.88000e+02, 0.00000e+00, 0.00000e+00, 0.00000e+00],
   [4.17500e+02, 2.96250e+02, 0.00000e+00, 4.28500e+02, 0.00000e+00, 0.00000e+00, 0.00000e+00, 1.85250e+02],
   [0.00000e+00, 0.00000e+00, 0.00000e+00, 0.00000e+00, 0.00000e+00, 0.00000e+00, 0.00000e+00, 0.00000e+00],
   [0.00000e+00, 0.00000e+00, 0.00000e+00, 0.00000e+00, 0.00000e+00, 0.00000e+00, 0.00000e+00, 0.00000e+00]],

  [[0.00000e+00, 0.00000e+00, 0.00000e+00, 0.00000e+00, 0.00000e+00, 0.00000e+00, 0.00000e+00, 0.00000e+00],
   [6.84750e+02, 2.78000e+02, 0.00000e+00, 0.00000e+00, 0.00000e+00, 1.05050e+03, 0.00000e+00, 0.00000e+00],
   [8.87000e+02, 2.60500e+02, 0.00000e+00, 0.00000e+00, 2.86750e+02, 8.62250e+02, 0.00000e+00, 0.00000e+00],
   [0.00000e+00, 0.00000e+00, 2.97500e+01, 3.87500e+01, 3.65500e+02, 0.00000e+00, 2.00000e+00, 8.60000e+01],
   [9.72750e+02, 0.00000e+00, 0.00000e+00, 1.34725e+03, 0.00000e+00, 0.00000e+00, 0.00000e+00, 1.39750e+02],
   [4.72750e+02, 0.00000e+00, 5.20000e+01, 1.84750e+02, 0.00000e+00, 3.44250e+02, 0.00000e+00, 0.00000e+00],
   [2.69000e+02, 4.90250e+02, 0.00000e+00, 0.00000e+00, 0.00000e+00, 8.94000e+02, 2.66750e+02, 0.00000e+00],
   [3.03750e+02, 0.00000e+00, 0.00000e+00, 0.00000e+00, 0.00000e+00, 0.00000e+00, 0.00000e+00, 0.00000e+00],
   [0.00000e+00, 0.00000e+00, 5.78750e+02, 8.00250e+02, 8.29250e+02, 0.00000e+00, 0.00000e+00, 0.00000e+00],
   [3.11500e+02, 1.73000e+02, 0.00000e+00, 4.89500e+02, 0.00000e+00, 0.00000e+00, 0.00000e+00, 0.00000e+00],
   [1.80000e+01, 2.10000e+01, 0.00000e+00, 2.40000e+01, 0.00000e+00, 0.00000e+00, 6.00000e+00, 1.50000e+01],
   [0.00000e+00, 0.00000e+00, 0.00000e+00, 0.00000e+00, 0.00000e+00, 0.00000e+00, 0.00000e+00, 0.00000e+00]],

  [[0.00000e+00, 0.00000e+00, 0.00000e+00, 0.00000e+00, 0.00000e+00, 0.00000e+00, 0.00000e+00, 0.00000e+00],
   [9.13750e+02, 1.92750e+02, 0.00000e+00, 0.00000e+00, 0.00000e+00, 1.16450e+03, 0.00000e+00, 0.00000e+00],
   [0.00000e+00, 5.25000e+02, 0.00000e+00, 0.00000e+00, 0.00000e+00, 5.68750e+02, 4.56750e+02, 1.32750e+02],
   [1.31250e+02, 0.00000e+00, 1.26500e+02, 3.42750e+02, 4.62750e+02, 0.00000e+00, 0.00000e+00, 1.29500e+02],
   [3.31750e+02, 0.00000e+00, 1.92500e+01, 7.95750e+02, 2.13500e+02, 0.00000e+00, 0.00000e+00, 0.00000e+00],
   [7.39500e+02, 3.04500e+02, 0.00000e+00, 4.88000e+02, 0.00000e+00, 9.55000e+01, 0.00000e+00, 0.00000e+00],
   [8.31500e+02, 3.15000e+02, 0.00000e+00, 0.00000e+00, 0.00000e+00, 1.11925e+03, 0.00000e+00, 0.00000e+00],
   [0.00000e+00, 0.00000e+00, 0.00000e+00, 0.00000e+00, 0.00000e+00, 1.49000e+02, 2.37750e+02, 9.75000e+00],
   [3.16000e+02, 0.00000e+00, 0.00000e+00, 1.28200e+03, 5.38500e+02, 0.00000e+00, 0.00000e+00, 2.17500e+01],
   [3.16250e+02, 2.93000e+02, 1.37250e+02, 7.26250e+02, 0.00000e+00, 0.00000e+00, 0.00000e+00, 0.00000e+00],
   [9.60000e+01, 8.15000e+01, 0.00000e+00, 1.52250e+02, 0.00000e+00, 0.00000e+00, 3.50000e+00, 5.27500e+01],
   [0.00000e+00, 0.00000e+00, 0.00000e+00, 0.00000e+00, 0.00000e+00, 0.00000e+00, 0.00000e+00, 0.00000e+00]],

  [[0.00000e+00, 0.00000e+00, 0.00000e+00, 0.00000e+00, 0.00000e+00, 0.00000e+00, 0.00000e+00, 0.00000e+00],
   [5.54000e+02, 3.87500e+01, 0.00000e+00, 4.10000e+01, 2.57500e+02, 6.41500e+02, 0.00000e+00, 0.00000e+00],
   [0.00000e+00, 3.37250e+02, 0.00000e+00, 0.00000e+00, 0.00000e+00, 9.47750e+02, 5.63250e+02, 1.35250e+02],
   [4.84750e+02, 0.00000e+00, 0.00000e+00, 2.70000e+02, 0.00000e+00, 0.00000e+00, 0.00000e+00, 5.75000e+01],
   [0.00000e+00, 0.00000e+00, 6.54500e+02, 6.30000e+01, 5.64250e+02, 0.00000e+00, 0.00000e+00, 0.00000e+00],
   [5.40500e+02, 0.00000e+00, 0.00000e+00, 3.13750e+02, 1.00250e+02, 1.67000e+02, 0.00000e+00, 0.00000e+00],
   [1.11600e+03, 4.03000e+02, 0.00000e+00, 0.00000e+00, 0.00000e+00, 1.02475e+03, 0.00000e+00, 0.00000e+00],
   [5.25000e+00, 1.30000e+01, 0.00000e+00, 0.00000e+00, 0.00000e+00, 5.57500e+01, 1.23000e+02, 1.80750e+02],
   [3.52750e+02, 0.00000e+00, 0.00000e+00, 1.12200e+03, 3.89250e+02, 0.00000e+00, 0.00000e+00, 1.78750e+02],
   [1.46000e+02, 6.05000e+01, 3.48750e+02, 7.66500e+02, 2.62500e+01, 0.00000e+00, 0.00000e+00, 0.00000e+00],
   [1.21500e+02, 4.85000e+01, 0.00000e+00, 2.28250e+02, 0.00000e+00, 0.00000e+00, 0.00000e+00, 0.00000e+00],
   [0.00000e+00, 0.00000e+00, 0.00000e+00, 0.00000e+00, 0.00000e+00, 0.00000e+00, 0.00000e+00, 0.00000e+00]],

  [[0.00000e+00, 0.00000e+00, 0.00000e+00, 0.00000e+00, 0.00000e+00, 0.00000e+00, 0.00000e+00, 0.00000e+00],
   [2.91250e+02, 0.00000e+00, 1.21750e+02, 2.87750e+02, 2.65000e+01, 3.95000e+02, 0.00000e+00, 0.00000e+00],
   [6.05000e+01, 8.82500e+01, 0.00000e+00, 0.00000e+00, 0.00000e+00, 3.68500e+02, 1.01250e+02, 2.20750e+02],
   [6.50000e+01, 1.55250e+02, 0.00000e+00, 0.00000e+00, 0.00000e+00, 3.50000e+00, 5.51750e+02, 0.00000e+00],
   [1.91500e+02, 0.00000e+00, 0.00000e+00, 3.59250e+02, 0.00000e+00, 0.00000e+00, 0.00000e+00, 3.95000e+01],
   [3.97500e+01, 0.00000e+00, 2.15500e+02, 0.00000e+00, 1.83750e+02, 0.00000e+00, 0.00000e+00, 0.00000e+00],
   [3.40500e+02, 7.75000e+00, 0.00000e+00, 0.00000e+00, 3.22250e+02, 5.12250e+02, 0.00000e+00, 0.00000e+00],
   [0.00000e+00, 0.00000e+00, 0.00000e+00, 0.00000e+00, 4.40000e+01, 0.00000e+00, 0.00000e+00, 0.00000e+00],
   [1.24250e+02, 0.00000e+00, 0.00000e+00, 1.19900e+03, 0.00000e+00, 0.00000e+00, 0.00000e+00, 2.59500e+02],
   [1.03000e+02, 0.00000e+00, 0.00000e+00, 7.33250e+02, 0.00000e+00, 0.00000e+00, 0.00000e+00, 0.00000e+00],
   [0.00000e+00, 0.00000e+00, 2.27500e+01, 1.00500e+02, 2.35000e+01, 0.00000e+00, 0.00000e+00, 0.00000e+00],
   [0.00000e+00, 0.00000e+00, 0.00000e+00, 0.00000e+00, 0.00000e+00, 0.00000e+00, 0.00000e+00, 0.00000e+00]],

  [[0.00000e+00, 0.00000e+00, 0.00000e+00, 0.00000e+00, 0.00000e+00, 0.00000e+00, 0.00000e+00, 0.00000e+00],
   [3.60000e+01, 0.00000e+00, 2.70000e+01, 4.95000e+01, 0.00000e+00, 5.32500e+01, 0.00000e+00, 0.00000e+00],
   [2.94750e+02, 0.00000e+00, 2.20500e+02, 3.77250e+02, 0.00000e+00, 4.55250e+02, 0.00000e+00, 0.00000e+00],
   [6.00000e+00, 0.00000e+00, 5.52500e+01, 0.00000e+00, 0.00000e+00, 3.65250e+02, 2.81500e+02, 8.17500e+01],
   [3.80000e+01, 1.92750e+02, 0.00000e+00, 0.00000e+00, 0.00000e+00, 0.00000e+00, 3.43750e+02, 0.00000e+00],
   [4.35000e+02, 1.37250e+02, 0.00000e+00, 3.59000e+02, 0.00000e+00, 0.00000e+00, 7.90000e+01, 0.00000e+00],
   [6.19750e+02, 1.30000e+02, 0.00000e+00, 0.00000e+00, 0.00000e+00, 1.25000e+02, 0.00000e+00, 0.00000e+00],
   [0.00000e+00, 0.00000e+00, 0.00000e+00, 0.00000e+00, 1.40000e+02, 0.00000e+00, 0.00000e+00, 7.32500e+01],
   [9.77500e+01, 0.00000e+00, 0.00000e+00, 8.51000e+02, 0.00000e+00, 0.00000e+00, 0.00000e+00, 9.47500e+01],
   [1.75750e+02, 0.00000e+00, 0.00000e+00, 5.63750e+02, 0.00000e+00, 0.00000e+00, 0.00000e+00, 0.00000e+00],
   [0.00000e+00, 7.87500e+01, 1.12000e+02, 9.07500e+01, 0.00000e+00, 0.00000e+00, 0.00000e+00, 0.00000e+00],
   [0.00000e+00, 0.00000e+00, 0.00000e+00, 0.00000e+00, 0.00000e+00, 0.00000e+00, 0.00000e+00, 0.00000e+00]],

  [[0.00000e+00, 0.00000e+00, 0.00000e+00, 0.00000e+00, 0.00000e+00, 0.00000e+00, 0.00000e+00, 0.00000e+00],
   [0.00000e+00, 0.00000e+00, 0.00000e+00, 0.00000e+00, 0.00000e+00, 0.00000e+00, 0.00000e+00, 0.00000e+00],
   [0.00000e+00, 0.00000e+00, 0.00000e+00, 0.00000e+00, 0.00000e+00, 0.00000e+00, 0.00000e+00, 0.00000e+00],
   [1.08000e+02, 0.00000e+00, 9.00000e+01, 1.53000e+02, 0.00000e+00, 1.63500e+02, 0.00000e+00, 0.00000e+00],
   [1.83750e+02, 0.00000e+00, 2.13250e+02, 1.98500e+02, 0.00000e+00, 3.81750e+02, 6.12500e+01, 0.00000e+00],
   [6.45750e+02, 0.00000e+00, 0.00000e+00, 0.00000e+00, 0.00000e+00, 1.09675e+03, 2.62000e+02, 0.00000e+00],
   [8.49750e+02, 4.35500e+02, 0.00000e+00, 0.00000e+00, 0.00000e+00, 5.85000e+02, 0.00000e+00, 0.00000e+00],
   [0.00000e+00, 0.00000e+00, 0.00000e+00, 9.85000e+01, 1.31750e+02, 0.00000e+00, 3.95000e+01, 0.00000e+00],
   [4.77000e+02, 0.00000e+00, 0.00000e+00, 1.10400e+03, 0.00000e+00, 0.00000e+00, 0.00000e+00, 1.84500e+02],
   [0.00000e+00, 3.60000e+01, 9.00000e+01, 1.37250e+02, 0.00000e+00, 0.00000e+00, 0.00000e+00, 0.00000e+00],
   [0.00000e+00, 0.00000e+00, 0.00000e+00, 0.00000e+00, 0.00000e+00, 0.00000e+00, 0.00000e+00, 0.00000e+00],
   [0.00000e+00, 0.00000e+00, 0.00000e+00, 0.00000e+00, 0.00000e+00, 0.00000e+00, 0.00000e+00, 0.00000e+00]],

  [[0.00000e+00, 0.00000e+00, 0.00000e+00, 0.00000e+00, 0.00000e+00, 0.00000e+00, 0.00000e+00, 0.00000e+00],
   [0.00000e+00, 0.00000e+00, 0.00000e+00, 0.00000e+00, 0.00000e+00, 0.00000e+00, 0.00000e+00, 0.00000e+00],
   [0.00000e+00, 0.00000e+00, 0.00000e+00, 0.00000e+00, 0.00000e+00, 0.00000e+00, 0.00000e+00, 0.00000e+00],
   [0.00000e+00, 0.00000e+00, 0.00000e+00, 0.00000e+00, 0.00000e+00, 0.00000e+00, 0.00000e+00, 0.00000e+00],
   [2.30000e+01, 1.00000e+00, 0.00000e+00, 0.00000e+00, 0.00000e+00, 4.02500e+01, 7.75000e+00, 0.00000e+00],
   [9.52750e+02, 2.60750e+02, 0.00000e+00, 0.00000e+00, 0.00000e+00, 1.27475e+03, 0.00000e+00, 0.00000e+00],
   [1.77250e+02, 5.07750e+02, 0.00000e+00, 0.00000e+00, 1.42500e+01, 6.07750e+02, 1.86750e+02, 0.00000e+00],
   [0.00000e+00, 0.00000e+00, 3.11000e+02, 6.13000e+02, 4.32500e+02, 0.00000e+00, 0.00000e+00, 3.35250e+02],
   [4.65250e+02, 0.00000e+00, 0.00000e+00, 8.67750e+02, 0.00000e+00, 0.00000e+00, 0.00000e+00, 0.00000e+00],
   [0.00000e+00, 4.10000e+01, 8.55000e+01, 9.72500e+01, 0.00000e+00, 0.00000e+00, 0.00000e+00, 0.00000e+00],
   [0.00000e+00, 0.00000e+00, 0.00000e+00, 0.00000e+00, 0.00000e+00, 0.00000e+00, 0.00000e+00, 0.00000e+00],
   [0.00000e+00, 0.00000e+00, 0.00000e+00, 0.00000e+00, 0.00000e+00, 0.00000e+00, 0.00000e+00, 0.00000e+00]],

  [[0.00000e+00, 0.00000e+00, 0.00000e+00, 0.00000e+00, 0.00000e+00, 0.00000e+00, 0.00000e+00, 0.00000e+00],
   [0.00000e+00, 0.00000e+00, 0.00000e+00, 0.00000e+00, 0.00000e+00, 0.00000e+00, 0.00000e+00, 0.00000e+00],
   [0.00000e+00, 0.00000e+00, 0.00000e+00, 0.00000e+00, 0.00000e+00, 0.00000e+00, 0.00000e+00, 0.00000e+00],
   [0.00000e+00, 0.00000e+00, 0.00000e+00, 0.00000e+00, 0.00000e+00, 0.00000e+00, 0.00000e+00, 0.00000e+00],
   [3.85000e+01, 1.85000e+01, 0.00000e+00, 0.00000e+00, 0.00000e+00, 5.32500e+01, 0.00000e+00, 1.02500e+01],
   [8.88750e+02, 1.59250e+02, 0.00000e+00, 0.00000e+00, 2.65250e+02, 1.00250e+03, 0.00000e+00, 0.00000e+00],
   [0.00000e+00, 3.96500e+02, 0.00000e+00, 0.00000e+00, 0.00000e+00, 3.92000e+02, 7.32250e+02, 4.36250e+02],
   [3.14250e+02, 0.00000e+00, 0.00000e+00, 1.20525e+03, 0.00000e+00, 0.00000e+00, 0.00000e+00, 3.15500e+02],
   [0.00000e+00, 0.00000e+00, 5.40000e+01, 2.48750e+02, 0.00000e+00, 0.00000e+00, 0.00000e+00, 0.00000e+00],
   [0.00000e+00, 1.25000e+01, 8.00000e+00, 4.50000e+00, 0.00000e+00, 0.00000e+00, 0.00000e+00, 0.00000e+00],
   [0.00000e+00, 0.00000e+00, 0.00000e+00, 0.00000e+00, 0.00000e+00, 0.00000e+00, 0.00000e+00, 0.00000e+00],
   [0.00000e+00, 0.00000e+00, 0.00000e+00, 0.00000e+00, 0.00000e+00, 0.00000e+00, 0.00000e+00, 0.00000e+00]]]]

🔹 Layer: average_pooling2d_3
   📐 Output Shape: (1, 6, 6, 8)
   🔢 Output Values:
[[[[3.375000e+00, 2.812500e+00, 0.000000e+00, 5.437500e+00, 0.000000e+00, 5.625000e-01, 4.312500e+00, 0.000000e+00],
   [1.873125e+02, 1.512500e+01, 2.312500e+01, 8.812500e+00, 0.000000e+00, 1.723125e+02, 2.543750e+01, 0.000000e+00],
   [1.315000e+02, 0.000000e+00, 3.700000e+01, 7.062500e+00, 2.050000e+02, 9.262500e+01, 0.000000e+00, 0.000000e+00],
   [2.076250e+02, 7.506250e+01, 9.118750e+01, 2.411250e+02, 8.250000e+01, 0.000000e+00, 0.000000e+00, 1.100000e+01],
   [4.300000e+01, 3.543750e+01, 0.000000e+00, 3.618750e+01, 0.000000e+00, 0.000000e+00, 0.000000e+00, 2.750000e+01],
   [0.000000e+00, 0.000000e+00, 0.000000e+00, 0.000000e+00, 0.000000e+00, 0.000000e+00, 0.000000e+00, 0.000000e+00]],

  [[1.021250e+02, 3.606250e+01, 0.000000e+00, 1.818750e+01, 0.000000e+00, 1.742500e+02, 4.943750e+01, 0.000000e+00],
   [6.252500e+02, 2.295000e+02, 0.000000e+00, 0.000000e+00, 2.390000e+02, 6.184375e+02, 0.000000e+00, 6.500000e+00],
   [1.296875e+02, 1.681250e+01, 5.375000e+01, 1.862500e+02, 1.296250e+02, 0.000000e+00, 0.000000e+00, 1.840625e+02],
   [8.693750e+01, 1.003125e+02, 2.403125e+02, 5.750000e+01, 4.256250e+02, 0.000000e+00, 1.156250e+01, 0.000000e+00],
   [2.613125e+02, 1.690000e+02, 9.887500e+01, 4.356875e+02, 2.126875e+02, 0.000000e+00, 0.000000e+00, 7.793750e+01],
   [0.000000e+00, 0.000000e+00, 0.000000e+00, 0.000000e+00, 0.000000e+00, 0.000000e+00, 0.000000e+00, 0.000000e+00]],

  [[3.996250e+02, 1.176875e+02, 0.000000e+00, 0.000000e+00, 0.000000e+00, 5.537500e+02, 0.000000e+00, 0.000000e+00],
   [2.545625e+02, 1.963750e+02, 3.906250e+01, 9.537500e+01, 2.787500e+02, 3.577500e+02, 1.146875e+02, 8.706250e+01],
   [6.291875e+02, 7.612500e+01, 1.781250e+01, 7.039375e+02, 5.337500e+01, 1.099375e+02, 0.000000e+00, 3.493750e+01],
   [3.510625e+02, 2.013125e+02, 0.000000e+00, 0.000000e+00, 0.000000e+00, 5.405625e+02, 1.261250e+02, 2.437500e+00],
   [2.359375e+02, 1.165000e+02, 1.790000e+02, 8.245000e+02, 3.419375e+02, 0.000000e+00, 0.000000e+00, 5.437500e+00],
   [2.850000e+01, 2.562500e+01, 0.000000e+00, 4.406250e+01, 0.000000e+00, 0.000000e+00, 2.375000e+00, 1.693750e+01]],

  [[2.113125e+02, 9.687500e+00, 3.043750e+01, 8.218750e+01, 7.100000e+01, 2.591250e+02, 0.000000e+00, 0.000000e+00],
   [1.525625e+02, 1.451875e+02, 0.000000e+00, 6.750000e+01, 0.000000e+00, 3.299375e+02, 3.040625e+02, 1.033750e+02],
   [1.929375e+02, 0.000000e+00, 2.175000e+02, 1.840000e+02, 2.120625e+02, 4.175000e+01, 0.000000e+00, 9.875000e+00],
   [3.654375e+02, 1.059375e+02, 0.000000e+00, 0.000000e+00, 9.156250e+01, 3.981875e+02, 3.075000e+01, 4.518750e+01],
   [1.815000e+02, 1.512500e+01, 8.718750e+01, 9.551875e+02, 1.038750e+02, 0.000000e+00, 0.000000e+00, 1.095625e+02],
   [3.037500e+01, 1.212500e+01, 5.687500e+00, 8.218750e+01, 5.875000e+00, 0.000000e+00, 0.000000e+00, 0.000000e+00]],

  [[9.000000e+00, 0.000000e+00, 6.750000e+00, 1.237500e+01, 0.000000e+00, 1.331250e+01, 0.000000e+00, 0.000000e+00],
   [1.021875e+02, 0.000000e+00, 9.143750e+01, 1.325625e+02, 0.000000e+00, 2.460000e+02, 7.037500e+01, 2.043750e+01],
   [3.256250e+02, 8.250000e+01, 5.331250e+01, 1.393750e+02, 0.000000e+00, 3.696250e+02, 1.865000e+02, 0.000000e+00],
   [3.673750e+02, 1.413750e+02, 0.000000e+00, 2.462500e+01, 6.793750e+01, 1.775000e+02, 9.875000e+00, 1.831250e+01],
   [1.876250e+02, 9.000000e+00, 2.250000e+01, 6.640000e+02, 0.000000e+00, 0.000000e+00, 0.000000e+00, 6.981250e+01],
   [0.000000e+00, 1.968750e+01, 2.800000e+01, 2.268750e+01, 0.000000e+00, 0.000000e+00, 0.000000e+00, 0.000000e+00]],

  [[0.000000e+00, 0.000000e+00, 0.000000e+00, 0.000000e+00, 0.000000e+00, 0.000000e+00, 0.000000e+00, 0.000000e+00],
   [0.000000e+00, 0.000000e+00, 0.000000e+00, 0.000000e+00, 0.000000e+00, 0.000000e+00, 0.000000e+00, 0.000000e+00],
   [4.757500e+02, 1.098750e+02, 0.000000e+00, 0.000000e+00, 6.631250e+01, 5.926875e+02, 1.937500e+00, 2.562500e+00],
   [1.228750e+02, 2.260625e+02, 7.775000e+01, 4.545625e+02, 1.116875e+02, 2.499375e+02, 2.297500e+02, 2.717500e+02],
   [1.163125e+02, 1.337500e+01, 3.687500e+01, 3.045625e+02, 0.000000e+00, 0.000000e+00, 0.000000e+00, 0.000000e+00],
   [0.000000e+00, 0.000000e+00, 0.000000e+00, 0.000000e+00, 0.000000e+00, 0.000000e+00, 0.000000e+00, 0.000000e+00]]]]

🔹 Layer: flatten_1
   📐 Output Shape: (1, 288)
   🔢 Output Values:
[[3.375000e+00, 2.812500e+00, 0.000000e+00, 5.437500e+00, 0.000000e+00, 5.625000e-01, 4.312500e+00, 0.000000e+00, 1.873125e+02, 1.512500e+01, 2.312500e+01, 8.812500e+00, 0.000000e+00, 1.723125e+02, 2.543750e+01, 0.000000e+00, 1.315000e+02, 0.000000e+00, 3.700000e+01, 7.062500e+00, 2.050000e+02, 9.262500e+01, 0.000000e+00, 0.000000e+00, 2.076250e+02, 7.506250e+01, 9.118750e+01, 2.411250e+02, 8.250000e+01, 0.000000e+00, 0.000000e+00, 1.100000e+01, 4.300000e+01, 3.543750e+01, 0.000000e+00, 3.618750e+01, 0.000000e+00, 0.000000e+00, 0.000000e+00, 2.750000e+01, 0.000000e+00, 0.000000e+00, 0.000000e+00, 0.000000e+00, 0.000000e+00, 0.000000e+00, 0.000000e+00, 0.000000e+00, 1.021250e+02, 3.606250e+01, 0.000000e+00, 1.818750e+01, 0.000000e+00, 1.742500e+02, 4.943750e+01, 0.000000e+00, 6.252500e+02, 2.295000e+02, 0.000000e+00, 0.000000e+00, 2.390000e+02, 6.184375e+02, 0.000000e+00, 6.500000e+00, 1.296875e+02, 1.681250e+01, 5.375000e+01, 1.862500e+02, 1.296250e+02, 0.000000e+00, 0.000000e+00, 1.840625e+02, 8.693750e+01, 1.003125e+02, 2.403125e+02, 5.750000e+01, 4.256250e+02, 0.000000e+00, 1.156250e+01, 0.000000e+00, 2.613125e+02, 1.690000e+02, 9.887500e+01, 4.356875e+02, 2.126875e+02, 0.000000e+00, 0.000000e+00, 7.793750e+01, 0.000000e+00, 0.000000e+00, 0.000000e+00, 0.000000e+00, 0.000000e+00, 0.000000e+00, 0.000000e+00, 0.000000e+00, 3.996250e+02, 1.176875e+02, 0.000000e+00, 0.000000e+00, 0.000000e+00, 5.537500e+02, 0.000000e+00, 0.000000e+00, 2.545625e+02, 1.963750e+02, 3.906250e+01, 9.537500e+01, 2.787500e+02, 3.577500e+02, 1.146875e+02, 8.706250e+01, 6.291875e+02, 7.612500e+01, 1.781250e+01, 7.039375e+02, 5.337500e+01, 1.099375e+02, 0.000000e+00, 3.493750e+01, 3.510625e+02, 2.013125e+02, 0.000000e+00, 0.000000e+00, 0.000000e+00, 5.405625e+02, 1.261250e+02, 2.437500e+00, 2.359375e+02, 1.165000e+02, 1.790000e+02, 8.245000e+02, 3.419375e+02, 0.000000e+00, 0.000000e+00, 5.437500e+00, 2.850000e+01, 2.562500e+01, 0.000000e+00, 4.406250e+01, 0.000000e+00, 0.000000e+00, 2.375000e+00, 1.693750e+01, 2.113125e+02, 9.687500e+00, 3.043750e+01, 8.218750e+01, 7.100000e+01, 2.591250e+02, 0.000000e+00, 0.000000e+00, 1.525625e+02, 1.451875e+02, 0.000000e+00, 6.750000e+01, 0.000000e+00, 3.299375e+02, 3.040625e+02, 1.033750e+02, 1.929375e+02, 0.000000e+00, 2.175000e+02, 1.840000e+02, 2.120625e+02, 4.175000e+01, 0.000000e+00, 9.875000e+00, 3.654375e+02, 1.059375e+02, 0.000000e+00, 0.000000e+00, 9.156250e+01, 3.981875e+02, 3.075000e+01, 4.518750e+01, 1.815000e+02, 1.512500e+01, 8.718750e+01, 9.551875e+02, 1.038750e+02, 0.000000e+00, 0.000000e+00, 1.095625e+02, 3.037500e+01, 1.212500e+01, 5.687500e+00, 8.218750e+01, 5.875000e+00, 0.000000e+00, 0.000000e+00, 0.000000e+00, 9.000000e+00, 0.000000e+00, 6.750000e+00, 1.237500e+01, 0.000000e+00, 1.331250e+01, 0.000000e+00, 0.000000e+00, 1.021875e+02, 0.000000e+00, 9.143750e+01, 1.325625e+02, 0.000000e+00, 2.460000e+02, 7.037500e+01, 2.043750e+01, 3.256250e+02, 8.250000e+01, 5.331250e+01, 1.393750e+02, 0.000000e+00, 3.696250e+02, 1.865000e+02, 0.000000e+00, 3.673750e+02, 1.413750e+02, 0.000000e+00, 2.462500e+01, 6.793750e+01, 1.775000e+02, 9.875000e+00, 1.831250e+01, 1.876250e+02, 9.000000e+00, 2.250000e+01, 6.640000e+02, 0.000000e+00, 0.000000e+00, 0.000000e+00, 6.981250e+01, 0.000000e+00, 1.968750e+01, 2.800000e+01, 2.268750e+01, 0.000000e+00, 0.000000e+00, 0.000000e+00, 0.000000e+00, 0.000000e+00, 0.000000e+00, 0.000000e+00, 0.000000e+00, 0.000000e+00, 0.000000e+00, 0.000000e+00, 0.000000e+00, 0.000000e+00, 0.000000e+00, 0.000000e+00, 0.000000e+00, 0.000000e+00, 0.000000e+00, 0.000000e+00, 0.000000e+00, 4.757500e+02, 1.098750e+02, 0.000000e+00, 0.000000e+00, 6.631250e+01, 5.926875e+02, 1.937500e+00, 2.562500e+00, 1.228750e+02, 2.260625e+02, 7.775000e+01, 4.545625e+02, 1.116875e+02, 2.499375e+02, 2.297500e+02, 2.717500e+02, 1.163125e+02, 1.337500e+01, 3.687500e+01, 3.045625e+02, 0.000000e+00, 0.000000e+00, 0.000000e+00, 0.000000e+00, 0.000000e+00, 0.000000e+00, 0.000000e+00, 0.000000e+00, 0.000000e+00, 0.000000e+00, 0.000000e+00, 0.000000e+00]]

🔹 Layer: lambda_1
   📐 Output Shape: (1, 288)
   🔢 Output Values:
[[0., 0., 0., 0., 0., 0., 0., 0., 1., 0., 0., 0., 0., 1., 0., 0., 1., 0., 0., 0., 2., 1., 0., 0., 2., 1., 1., 2., 1., 0., 0., 0., 0., 0., 0., 0., 0., 0., 0., 0., 0., 0., 0., 0., 0., 0., 0., 0., 1., 0., 0., 0., 0., 1., 0., 0., 5., 2., 0., 0., 2., 5., 0., 0., 1., 0., 0., 1., 1., 0., 0., 1., 1., 1., 2., 0., 3., 0., 0., 0., 2., 1., 1., 3., 2., 0., 0., 1., 0., 0., 0., 0., 0., 0., 0., 0., 3., 1., 0., 0., 0., 4., 0., 0., 2., 1., 0., 1., 2., 3., 1., 1., 5., 1., 0., 5., 0., 1., 0., 0., 3., 1., 0., 0., 0., 4., 1., 0., 2., 1., 1., 6., 3., 0., 0., 0., 0., 0., 0., 0., 0., 0., 0., 0., 2., 0., 0., 1., 1., 2., 0., 0., 1., 1., 0., 0., 0., 2., 2., 1., 1., 0., 2., 1., 2., 0., 0., 0., 3., 1., 0., 0., 1., 3., 0., 0., 1., 0., 1., 7., 1., 0., 0., 1., 0., 0., 0., 1., 0., 0., 0., 0., 0., 0., 0., 0., 0., 0., 0., 0., 1., 0., 1., 1., 0., 2., 1., 0., 2., 1., 0., 1., 0., 3., 1., 0., 3., 1., 0., 0., 0., 1., 0., 0., 1., 0., 0., 5., 0., 0., 0., 1., 0., 0., 0., 0., 0., 0., 0., 0., 0., 0., 0., 0., 0., 0., 0., 0., 0., 0., 0., 0., 0., 0., 0., 0., 3., 1., 0., 0., 0., 4., 0., 0., 1., 2., 1., 3., 1., 2., 2., 2., 1., 0., 0., 2., 0., 0., 0., 0., 0., 0., 0., 0., 0., 0., 0., 0.]]

🔹 Layer: dense_3
   📐 Output Shape: (1, 120)
   🔢 Output Values:
[[ 0., 60., 20., 17., 34., 23.,  0.,  0.,  0.,  0.,  0., 32.,  0.,  0., 57.,  6.,  0.,  0., 28.,  0.,  0.,  0., 23., 42.,  0.,  0.,  0.,  0.,  0., 48., 32.,  0.,  3., 46., 67.,  0., 17., 69.,  0.,  0., 19., 15.,  0., 11.,  0.,  0.,  0.,  0., 12.,  0., 39.,  0.,  0., 37., 89.,  0.,  0., 52., 14., 53.,  0.,  6., 56.,  0., 36., 37.,  0., 35.,  0.,  0.,  0., 39., 46.,  0.,  0.,  0.,  9.,  0., 20., 47.,  0.,  4.,  0., 34.,  0.,  0.,  8.,  0.,  0.,  0., 10.,  0.,  0., 53.,  0.,  0.,  0.,  0.,  0.,  3., 66.,  0.,  0., 30., 32.,  0., 50.,  0., 64.,  0.,  0.,  0.,  0.,  0.,  0.,  0.,  3., 16.,  0.,  0.]]

🔹 Layer: dense_4
   📐 Output Shape: (1, 84)
   🔢 Output Values:
[[ 139.,    0.,    0.,  591.,  871., 1076.,    0.,    0.,    0.,    0.,    0.,    0.,    0., 1163.,    0., 1901.,  378.,    0.,    0.,  213.,    0.,    0.,  224.,  799.,  745., 1130., 1006.,    0.,  347.,  980.,    0.,    0.,    0.,  781.,  917., 1253.,    0.,    0.,  730., 1862.,    0.,  655.,    0.,    0.,    0.,   43., 1674.,  242.,    0.,  406.,    0.,    0.,    0.,    0.,  456., 1281.,    0.,   68.,  217.,    0.,  103.,  683.,    0.,  426.,  577., 1390.,  427., 2150.,    0.,   62.,  442.,    0.,    0.,  502.,    0.,  114.,    0.,    0.,  197.,  348., 2427.,    0.,    0.,    0.]]

🔹 Layer: dense_5
   📐 Output Shape: (1, 10)
   🔢 Output Values:
[[0., 0., 0., 0., 0., 0., 0., 0., 0., 1.]]

🎯 Prediction for Image 1000:
   ✅ Predicted Label: 9
   🎯 True Label: 9
   ✅ Result: Correct Prediction
