=============================
  🔍 Inference for Image 1008  
=============================

🔹 Layer: input_2
   📐 Output Shape: (1, 28, 28, 1)
   🔢 Output Values:
[[[[0.],
   [0.],
   [0.],
   [0.],
   [0.],
   [0.],
   [0.],
   [0.],
   [0.],
   [0.],
   [0.],
   [0.],
   [0.],
   [0.],
   [0.],
   [0.],
   [0.],
   [0.],
   [0.],
   [0.],
   [0.],
   [0.],
   [0.],
   [0.],
   [0.],
   [0.],
   [0.],
   [0.]],

  [[0.],
   [0.],
   [0.],
   [0.],
   [0.],
   [0.],
   [0.],
   [0.],
   [0.],
   [0.],
   [0.],
   [0.],
   [0.],
   [0.],
   [0.],
   [0.],
   [0.],
   [0.],
   [0.],
   [0.],
   [0.],
   [0.],
   [0.],
   [0.],
   [0.],
   [0.],
   [0.],
   [0.]],

  [[0.],
   [0.],
   [0.],
   [0.],
   [0.],
   [0.],
   [0.],
   [0.],
   [0.],
   [0.],
   [0.],
   [0.],
   [0.],
   [0.],
   [0.],
   [0.],
   [0.],
   [0.],
   [0.],
   [0.],
   [0.],
   [0.],
   [0.],
   [0.],
   [0.],
   [0.],
   [0.],
   [0.]],

  [[0.],
   [0.],
   [0.],
   [0.],
   [0.],
   [0.],
   [0.],
   [0.],
   [0.],
   [0.],
   [0.],
   [0.],
   [0.],
   [0.],
   [0.],
   [0.],
   [0.],
   [0.],
   [0.],
   [0.],
   [0.],
   [0.],
   [0.],
   [0.],
   [0.],
   [0.],
   [0.],
   [0.]],

  [[0.],
   [0.],
   [0.],
   [0.],
   [0.],
   [0.],
   [0.],
   [0.],
   [0.],
   [0.],
   [0.],
   [0.],
   [0.],
   [0.],
   [0.],
   [0.],
   [0.],
   [0.],
   [0.],
   [0.],
   [0.],
   [0.],
   [0.],
   [0.],
   [0.],
   [0.],
   [0.],
   [0.]],

  [[0.],
   [0.],
   [0.],
   [0.],
   [0.],
   [0.],
   [0.],
   [0.],
   [0.],
   [0.],
   [0.],
   [0.],
   [0.],
   [3.],
   [7.],
   [3.],
   [0.],
   [0.],
   [0.],
   [0.],
   [0.],
   [0.],
   [0.],
   [0.],
   [0.],
   [0.],
   [0.],
   [0.]],

  [[0.],
   [0.],
   [0.],
   [0.],
   [0.],
   [0.],
   [0.],
   [0.],
   [0.],
   [0.],
   [0.],
   [2.],
   [6.],
   [6.],
   [6.],
   [6.],
   [1.],
   [0.],
   [0.],
   [0.],
   [0.],
   [0.],
   [0.],
   [0.],
   [0.],
   [0.],
   [0.],
   [0.]],

  [[0.],
   [0.],
   [0.],
   [0.],
   [0.],
   [0.],
   [0.],
   [0.],
   [0.],
   [0.],
   [2.],
   [6.],
   [6.],
   [4.],
   [3.],
   [6.],
   [5.],
   [2.],
   [0.],
   [0.],
   [0.],
   [0.],
   [0.],
   [0.],
   [0.],
   [0.],
   [0.],
   [0.]],

  [[0.],
   [0.],
   [0.],
   [0.],
   [0.],
   [0.],
   [0.],
   [0.],
   [0.],
   [0.],
   [5.],
   [6.],
   [3.],
   [0.],
   [1.],
   [6.],
   [6.],
   [6.],
   [1.],
   [0.],
   [0.],
   [0.],
   [0.],
   [0.],
   [0.],
   [0.],
   [0.],
   [0.]],

  [[0.],
   [0.],
   [0.],
   [0.],
   [0.],
   [0.],
   [0.],
   [0.],
   [0.],
   [1.],
   [6.],
   [6.],
   [1.],
   [0.],
   [0.],
   [2.],
   [2.],
   [6.],
   [1.],
   [0.],
   [0.],
   [0.],
   [0.],
   [0.],
   [0.],
   [0.],
   [0.],
   [0.]],

  [[0.],
   [0.],
   [0.],
   [0.],
   [0.],
   [0.],
   [0.],
   [0.],
   [0.],
   [2.],
   [6.],
   [6.],
   [0.],
   [0.],
   [0.],
   [0.],
   [4.],
   [6.],
   [1.],
   [0.],
   [0.],
   [0.],
   [0.],
   [0.],
   [0.],
   [0.],
   [0.],
   [0.]],

  [[0.],
   [0.],
   [0.],
   [0.],
   [0.],
   [0.],
   [0.],
   [0.],
   [0.],
   [2.],
   [6.],
   [6.],
   [0.],
   [0.],
   [0.],
   [1.],
   [6.],
   [6.],
   [1.],
   [0.],
   [0.],
   [0.],
   [0.],
   [0.],
   [0.],
   [0.],
   [0.],
   [0.]],

  [[0.],
   [0.],
   [0.],
   [0.],
   [0.],
   [0.],
   [0.],
   [0.],
   [0.],
   [1.],
   [6.],
   [6.],
   [3.],
   [0.],
   [0.],
   [3.],
   [6.],
   [5.],
   [0.],
   [0.],
   [0.],
   [0.],
   [0.],
   [0.],
   [0.],
   [0.],
   [0.],
   [0.]],

  [[0.],
   [0.],
   [0.],
   [0.],
   [0.],
   [0.],
   [0.],
   [0.],
   [0.],
   [0.],
   [2.],
   [6.],
   [6.],
   [4.],
   [1.],
   [6.],
   [6.],
   [0.],
   [0.],
   [0.],
   [0.],
   [0.],
   [0.],
   [0.],
   [0.],
   [0.],
   [0.],
   [0.]],

  [[0.],
   [0.],
   [0.],
   [0.],
   [0.],
   [0.],
   [0.],
   [0.],
   [0.],
   [0.],
   [0.],
   [4.],
   [6.],
   [6.],
   [6.],
   [6.],
   [5.],
   [0.],
   [0.],
   [0.],
   [0.],
   [0.],
   [0.],
   [0.],
   [0.],
   [0.],
   [0.],
   [0.]],

  [[0.],
   [0.],
   [0.],
   [0.],
   [0.],
   [0.],
   [0.],
   [0.],
   [0.],
   [0.],
   [0.],
   [0.],
   [6.],
   [6.],
   [6.],
   [6.],
   [2.],
   [0.],
   [0.],
   [0.],
   [0.],
   [0.],
   [0.],
   [0.],
   [0.],
   [0.],
   [0.],
   [0.]],

  [[0.],
   [0.],
   [0.],
   [0.],
   [0.],
   [0.],
   [0.],
   [0.],
   [0.],
   [0.],
   [0.],
   [0.],
   [0.],
   [6.],
   [6.],
   [6.],
   [3.],
   [0.],
   [0.],
   [0.],
   [0.],
   [0.],
   [0.],
   [0.],
   [0.],
   [0.],
   [0.],
   [0.]],

  [[0.],
   [0.],
   [0.],
   [0.],
   [0.],
   [0.],
   [0.],
   [0.],
   [0.],
   [0.],
   [0.],
   [0.],
   [1.],
   [6.],
   [6.],
   [6.],
   [6.],
   [0.],
   [0.],
   [0.],
   [0.],
   [0.],
   [0.],
   [0.],
   [0.],
   [0.],
   [0.],
   [0.]],

  [[0.],
   [0.],
   [0.],
   [0.],
   [0.],
   [0.],
   [0.],
   [0.],
   [0.],
   [0.],
   [0.],
   [0.],
   [5.],
   [6.],
   [5.],
   [6.],
   [6.],
   [1.],
   [0.],
   [0.],
   [0.],
   [0.],
   [0.],
   [0.],
   [0.],
   [0.],
   [0.],
   [0.]],

  [[0.],
   [0.],
   [0.],
   [0.],
   [0.],
   [0.],
   [0.],
   [0.],
   [0.],
   [0.],
   [0.],
   [1.],
   [6.],
   [5.],
   [0.],
   [1.],
   [6.],
   [5.],
   [0.],
   [0.],
   [0.],
   [0.],
   [0.],
   [0.],
   [0.],
   [0.],
   [0.],
   [0.]],

  [[0.],
   [0.],
   [0.],
   [0.],
   [0.],
   [0.],
   [0.],
   [0.],
   [0.],
   [0.],
   [0.],
   [4.],
   [6.],
   [2.],
   [0.],
   [1.],
   [6.],
   [4.],
   [0.],
   [0.],
   [0.],
   [0.],
   [0.],
   [0.],
   [0.],
   [0.],
   [0.],
   [0.]],

  [[0.],
   [0.],
   [0.],
   [0.],
   [0.],
   [0.],
   [0.],
   [0.],
   [0.],
   [0.],
   [0.],
   [6.],
   [6.],
   [2.],
   [0.],
   [3.],
   [6.],
   [3.],
   [0.],
   [0.],
   [0.],
   [0.],
   [0.],
   [0.],
   [0.],
   [0.],
   [0.],
   [0.]],

  [[0.],
   [0.],
   [0.],
   [0.],
   [0.],
   [0.],
   [0.],
   [0.],
   [0.],
   [0.],
   [2.],
   [6.],
   [6.],
   [4.],
   [6.],
   [6.],
   [5.],
   [0.],
   [0.],
   [0.],
   [0.],
   [0.],
   [0.],
   [0.],
   [0.],
   [0.],
   [0.],
   [0.]],

  [[0.],
   [0.],
   [0.],
   [0.],
   [0.],
   [0.],
   [0.],
   [0.],
   [0.],
   [0.],
   [3.],
   [6.],
   [6.],
   [6.],
   [6.],
   [4.],
   [0.],
   [0.],
   [0.],
   [0.],
   [0.],
   [0.],
   [0.],
   [0.],
   [0.],
   [0.],
   [0.],
   [0.]],

  [[0.],
   [0.],
   [0.],
   [0.],
   [0.],
   [0.],
   [0.],
   [0.],
   [0.],
   [0.],
   [2.],
   [5.],
   [4.],
   [4.],
   [1.],
   [0.],
   [0.],
   [0.],
   [0.],
   [0.],
   [0.],
   [0.],
   [0.],
   [0.],
   [0.],
   [0.],
   [0.],
   [0.]],

  [[0.],
   [0.],
   [0.],
   [0.],
   [0.],
   [0.],
   [0.],
   [0.],
   [0.],
   [0.],
   [0.],
   [0.],
   [0.],
   [0.],
   [0.],
   [0.],
   [0.],
   [0.],
   [0.],
   [0.],
   [0.],
   [0.],
   [0.],
   [0.],
   [0.],
   [0.],
   [0.],
   [0.]],

  [[0.],
   [0.],
   [0.],
   [0.],
   [0.],
   [0.],
   [0.],
   [0.],
   [0.],
   [0.],
   [0.],
   [0.],
   [0.],
   [0.],
   [0.],
   [0.],
   [0.],
   [0.],
   [0.],
   [0.],
   [0.],
   [0.],
   [0.],
   [0.],
   [0.],
   [0.],
   [0.],
   [0.]],

  [[0.],
   [0.],
   [0.],
   [0.],
   [0.],
   [0.],
   [0.],
   [0.],
   [0.],
   [0.],
   [0.],
   [0.],
   [0.],
   [0.],
   [0.],
   [0.],
   [0.],
   [0.],
   [0.],
   [0.],
   [0.],
   [0.],
   [0.],
   [0.],
   [0.],
   [0.],
   [0.],
   [0.]]]]

🔹 Layer: zero_padding2d_1
   📐 Output Shape: (1, 30, 30, 1)
   🔢 Output Values:
[[[[0.],
   [0.],
   [0.],
   [0.],
   [0.],
   [0.],
   [0.],
   [0.],
   [0.],
   [0.],
   [0.],
   [0.],
   [0.],
   [0.],
   [0.],
   [0.],
   [0.],
   [0.],
   [0.],
   [0.],
   [0.],
   [0.],
   [0.],
   [0.],
   [0.],
   [0.],
   [0.],
   [0.],
   [0.],
   [0.]],

  [[0.],
   [0.],
   [0.],
   [0.],
   [0.],
   [0.],
   [0.],
   [0.],
   [0.],
   [0.],
   [0.],
   [0.],
   [0.],
   [0.],
   [0.],
   [0.],
   [0.],
   [0.],
   [0.],
   [0.],
   [0.],
   [0.],
   [0.],
   [0.],
   [0.],
   [0.],
   [0.],
   [0.],
   [0.],
   [0.]],

  [[0.],
   [0.],
   [0.],
   [0.],
   [0.],
   [0.],
   [0.],
   [0.],
   [0.],
   [0.],
   [0.],
   [0.],
   [0.],
   [0.],
   [0.],
   [0.],
   [0.],
   [0.],
   [0.],
   [0.],
   [0.],
   [0.],
   [0.],
   [0.],
   [0.],
   [0.],
   [0.],
   [0.],
   [0.],
   [0.]],

  [[0.],
   [0.],
   [0.],
   [0.],
   [0.],
   [0.],
   [0.],
   [0.],
   [0.],
   [0.],
   [0.],
   [0.],
   [0.],
   [0.],
   [0.],
   [0.],
   [0.],
   [0.],
   [0.],
   [0.],
   [0.],
   [0.],
   [0.],
   [0.],
   [0.],
   [0.],
   [0.],
   [0.],
   [0.],
   [0.]],

  [[0.],
   [0.],
   [0.],
   [0.],
   [0.],
   [0.],
   [0.],
   [0.],
   [0.],
   [0.],
   [0.],
   [0.],
   [0.],
   [0.],
   [0.],
   [0.],
   [0.],
   [0.],
   [0.],
   [0.],
   [0.],
   [0.],
   [0.],
   [0.],
   [0.],
   [0.],
   [0.],
   [0.],
   [0.],
   [0.]],

  [[0.],
   [0.],
   [0.],
   [0.],
   [0.],
   [0.],
   [0.],
   [0.],
   [0.],
   [0.],
   [0.],
   [0.],
   [0.],
   [0.],
   [0.],
   [0.],
   [0.],
   [0.],
   [0.],
   [0.],
   [0.],
   [0.],
   [0.],
   [0.],
   [0.],
   [0.],
   [0.],
   [0.],
   [0.],
   [0.]],

  [[0.],
   [0.],
   [0.],
   [0.],
   [0.],
   [0.],
   [0.],
   [0.],
   [0.],
   [0.],
   [0.],
   [0.],
   [0.],
   [0.],
   [3.],
   [7.],
   [3.],
   [0.],
   [0.],
   [0.],
   [0.],
   [0.],
   [0.],
   [0.],
   [0.],
   [0.],
   [0.],
   [0.],
   [0.],
   [0.]],

  [[0.],
   [0.],
   [0.],
   [0.],
   [0.],
   [0.],
   [0.],
   [0.],
   [0.],
   [0.],
   [0.],
   [0.],
   [2.],
   [6.],
   [6.],
   [6.],
   [6.],
   [1.],
   [0.],
   [0.],
   [0.],
   [0.],
   [0.],
   [0.],
   [0.],
   [0.],
   [0.],
   [0.],
   [0.],
   [0.]],

  [[0.],
   [0.],
   [0.],
   [0.],
   [0.],
   [0.],
   [0.],
   [0.],
   [0.],
   [0.],
   [0.],
   [2.],
   [6.],
   [6.],
   [4.],
   [3.],
   [6.],
   [5.],
   [2.],
   [0.],
   [0.],
   [0.],
   [0.],
   [0.],
   [0.],
   [0.],
   [0.],
   [0.],
   [0.],
   [0.]],

  [[0.],
   [0.],
   [0.],
   [0.],
   [0.],
   [0.],
   [0.],
   [0.],
   [0.],
   [0.],
   [0.],
   [5.],
   [6.],
   [3.],
   [0.],
   [1.],
   [6.],
   [6.],
   [6.],
   [1.],
   [0.],
   [0.],
   [0.],
   [0.],
   [0.],
   [0.],
   [0.],
   [0.],
   [0.],
   [0.]],

  [[0.],
   [0.],
   [0.],
   [0.],
   [0.],
   [0.],
   [0.],
   [0.],
   [0.],
   [0.],
   [1.],
   [6.],
   [6.],
   [1.],
   [0.],
   [0.],
   [2.],
   [2.],
   [6.],
   [1.],
   [0.],
   [0.],
   [0.],
   [0.],
   [0.],
   [0.],
   [0.],
   [0.],
   [0.],
   [0.]],

  [[0.],
   [0.],
   [0.],
   [0.],
   [0.],
   [0.],
   [0.],
   [0.],
   [0.],
   [0.],
   [2.],
   [6.],
   [6.],
   [0.],
   [0.],
   [0.],
   [0.],
   [4.],
   [6.],
   [1.],
   [0.],
   [0.],
   [0.],
   [0.],
   [0.],
   [0.],
   [0.],
   [0.],
   [0.],
   [0.]],

  [[0.],
   [0.],
   [0.],
   [0.],
   [0.],
   [0.],
   [0.],
   [0.],
   [0.],
   [0.],
   [2.],
   [6.],
   [6.],
   [0.],
   [0.],
   [0.],
   [1.],
   [6.],
   [6.],
   [1.],
   [0.],
   [0.],
   [0.],
   [0.],
   [0.],
   [0.],
   [0.],
   [0.],
   [0.],
   [0.]],

  [[0.],
   [0.],
   [0.],
   [0.],
   [0.],
   [0.],
   [0.],
   [0.],
   [0.],
   [0.],
   [1.],
   [6.],
   [6.],
   [3.],
   [0.],
   [0.],
   [3.],
   [6.],
   [5.],
   [0.],
   [0.],
   [0.],
   [0.],
   [0.],
   [0.],
   [0.],
   [0.],
   [0.],
   [0.],
   [0.]],

  [[0.],
   [0.],
   [0.],
   [0.],
   [0.],
   [0.],
   [0.],
   [0.],
   [0.],
   [0.],
   [0.],
   [2.],
   [6.],
   [6.],
   [4.],
   [1.],
   [6.],
   [6.],
   [0.],
   [0.],
   [0.],
   [0.],
   [0.],
   [0.],
   [0.],
   [0.],
   [0.],
   [0.],
   [0.],
   [0.]],

  [[0.],
   [0.],
   [0.],
   [0.],
   [0.],
   [0.],
   [0.],
   [0.],
   [0.],
   [0.],
   [0.],
   [0.],
   [4.],
   [6.],
   [6.],
   [6.],
   [6.],
   [5.],
   [0.],
   [0.],
   [0.],
   [0.],
   [0.],
   [0.],
   [0.],
   [0.],
   [0.],
   [0.],
   [0.],
   [0.]],

  [[0.],
   [0.],
   [0.],
   [0.],
   [0.],
   [0.],
   [0.],
   [0.],
   [0.],
   [0.],
   [0.],
   [0.],
   [0.],
   [6.],
   [6.],
   [6.],
   [6.],
   [2.],
   [0.],
   [0.],
   [0.],
   [0.],
   [0.],
   [0.],
   [0.],
   [0.],
   [0.],
   [0.],
   [0.],
   [0.]],

  [[0.],
   [0.],
   [0.],
   [0.],
   [0.],
   [0.],
   [0.],
   [0.],
   [0.],
   [0.],
   [0.],
   [0.],
   [0.],
   [0.],
   [6.],
   [6.],
   [6.],
   [3.],
   [0.],
   [0.],
   [0.],
   [0.],
   [0.],
   [0.],
   [0.],
   [0.],
   [0.],
   [0.],
   [0.],
   [0.]],

  [[0.],
   [0.],
   [0.],
   [0.],
   [0.],
   [0.],
   [0.],
   [0.],
   [0.],
   [0.],
   [0.],
   [0.],
   [0.],
   [1.],
   [6.],
   [6.],
   [6.],
   [6.],
   [0.],
   [0.],
   [0.],
   [0.],
   [0.],
   [0.],
   [0.],
   [0.],
   [0.],
   [0.],
   [0.],
   [0.]],

  [[0.],
   [0.],
   [0.],
   [0.],
   [0.],
   [0.],
   [0.],
   [0.],
   [0.],
   [0.],
   [0.],
   [0.],
   [0.],
   [5.],
   [6.],
   [5.],
   [6.],
   [6.],
   [1.],
   [0.],
   [0.],
   [0.],
   [0.],
   [0.],
   [0.],
   [0.],
   [0.],
   [0.],
   [0.],
   [0.]],

  [[0.],
   [0.],
   [0.],
   [0.],
   [0.],
   [0.],
   [0.],
   [0.],
   [0.],
   [0.],
   [0.],
   [0.],
   [1.],
   [6.],
   [5.],
   [0.],
   [1.],
   [6.],
   [5.],
   [0.],
   [0.],
   [0.],
   [0.],
   [0.],
   [0.],
   [0.],
   [0.],
   [0.],
   [0.],
   [0.]],

  [[0.],
   [0.],
   [0.],
   [0.],
   [0.],
   [0.],
   [0.],
   [0.],
   [0.],
   [0.],
   [0.],
   [0.],
   [4.],
   [6.],
   [2.],
   [0.],
   [1.],
   [6.],
   [4.],
   [0.],
   [0.],
   [0.],
   [0.],
   [0.],
   [0.],
   [0.],
   [0.],
   [0.],
   [0.],
   [0.]],

  [[0.],
   [0.],
   [0.],
   [0.],
   [0.],
   [0.],
   [0.],
   [0.],
   [0.],
   [0.],
   [0.],
   [0.],
   [6.],
   [6.],
   [2.],
   [0.],
   [3.],
   [6.],
   [3.],
   [0.],
   [0.],
   [0.],
   [0.],
   [0.],
   [0.],
   [0.],
   [0.],
   [0.],
   [0.],
   [0.]],

  [[0.],
   [0.],
   [0.],
   [0.],
   [0.],
   [0.],
   [0.],
   [0.],
   [0.],
   [0.],
   [0.],
   [2.],
   [6.],
   [6.],
   [4.],
   [6.],
   [6.],
   [5.],
   [0.],
   [0.],
   [0.],
   [0.],
   [0.],
   [0.],
   [0.],
   [0.],
   [0.],
   [0.],
   [0.],
   [0.]],

  [[0.],
   [0.],
   [0.],
   [0.],
   [0.],
   [0.],
   [0.],
   [0.],
   [0.],
   [0.],
   [0.],
   [3.],
   [6.],
   [6.],
   [6.],
   [6.],
   [4.],
   [0.],
   [0.],
   [0.],
   [0.],
   [0.],
   [0.],
   [0.],
   [0.],
   [0.],
   [0.],
   [0.],
   [0.],
   [0.]],

  [[0.],
   [0.],
   [0.],
   [0.],
   [0.],
   [0.],
   [0.],
   [0.],
   [0.],
   [0.],
   [0.],
   [2.],
   [5.],
   [4.],
   [4.],
   [1.],
   [0.],
   [0.],
   [0.],
   [0.],
   [0.],
   [0.],
   [0.],
   [0.],
   [0.],
   [0.],
   [0.],
   [0.],
   [0.],
   [0.]],

  [[0.],
   [0.],
   [0.],
   [0.],
   [0.],
   [0.],
   [0.],
   [0.],
   [0.],
   [0.],
   [0.],
   [0.],
   [0.],
   [0.],
   [0.],
   [0.],
   [0.],
   [0.],
   [0.],
   [0.],
   [0.],
   [0.],
   [0.],
   [0.],
   [0.],
   [0.],
   [0.],
   [0.],
   [0.],
   [0.]],

  [[0.],
   [0.],
   [0.],
   [0.],
   [0.],
   [0.],
   [0.],
   [0.],
   [0.],
   [0.],
   [0.],
   [0.],
   [0.],
   [0.],
   [0.],
   [0.],
   [0.],
   [0.],
   [0.],
   [0.],
   [0.],
   [0.],
   [0.],
   [0.],
   [0.],
   [0.],
   [0.],
   [0.],
   [0.],
   [0.]],

  [[0.],
   [0.],
   [0.],
   [0.],
   [0.],
   [0.],
   [0.],
   [0.],
   [0.],
   [0.],
   [0.],
   [0.],
   [0.],
   [0.],
   [0.],
   [0.],
   [0.],
   [0.],
   [0.],
   [0.],
   [0.],
   [0.],
   [0.],
   [0.],
   [0.],
   [0.],
   [0.],
   [0.],
   [0.],
   [0.]],

  [[0.],
   [0.],
   [0.],
   [0.],
   [0.],
   [0.],
   [0.],
   [0.],
   [0.],
   [0.],
   [0.],
   [0.],
   [0.],
   [0.],
   [0.],
   [0.],
   [0.],
   [0.],
   [0.],
   [0.],
   [0.],
   [0.],
   [0.],
   [0.],
   [0.],
   [0.],
   [0.],
   [0.],
   [0.],
   [0.]]]]

🔹 Layer: conv2d_2
   📐 Output Shape: (1, 28, 28, 4)
   🔢 Output Values:
[[[[  0.,   0.,   0.,   0.],
   [  0.,   0.,   0.,   0.],
   [  0.,   0.,   0.,   0.],
   [  0.,   0.,   0.,   0.],
   [  0.,   0.,   0.,   0.],
   [  0.,   0.,   0.,   0.],
   [  0.,   0.,   0.,   0.],
   [  0.,   0.,   0.,   0.],
   [  0.,   0.,   0.,   0.],
   [  0.,   0.,   0.,   0.],
   [  0.,   0.,   0.,   0.],
   [  0.,   0.,   0.,   0.],
   [  0.,   0.,   0.,   0.],
   [  0.,   0.,   0.,   0.],
   [  0.,   0.,   0.,   0.],
   [  0.,   0.,   0.,   0.],
   [  0.,   0.,   0.,   0.],
   [  0.,   0.,   0.,   0.],
   [  0.,   0.,   0.,   0.],
   [  0.,   0.,   0.,   0.],
   [  0.,   0.,   0.,   0.],
   [  0.,   0.,   0.,   0.],
   [  0.,   0.,   0.,   0.],
   [  0.,   0.,   0.,   0.],
   [  0.,   0.,   0.,   0.],
   [  0.,   0.,   0.,   0.],
   [  0.,   0.,   0.,   0.],
   [  0.,   0.,   0.,   0.]],

  [[  0.,   0.,   0.,   0.],
   [  0.,   0.,   0.,   0.],
   [  0.,   0.,   0.,   0.],
   [  0.,   0.,   0.,   0.],
   [  0.,   0.,   0.,   0.],
   [  0.,   0.,   0.,   0.],
   [  0.,   0.,   0.,   0.],
   [  0.,   0.,   0.,   0.],
   [  0.,   0.,   0.,   0.],
   [  0.,   0.,   0.,   0.],
   [  0.,   0.,   0.,   0.],
   [  0.,   0.,   0.,   0.],
   [  0.,   0.,   0.,   0.],
   [  0.,   0.,   0.,   0.],
   [  0.,   0.,   0.,   0.],
   [  0.,   0.,   0.,   0.],
   [  0.,   0.,   0.,   0.],
   [  0.,   0.,   0.,   0.],
   [  0.,   0.,   0.,   0.],
   [  0.,   0.,   0.,   0.],
   [  0.,   0.,   0.,   0.],
   [  0.,   0.,   0.,   0.],
   [  0.,   0.,   0.,   0.],
   [  0.,   0.,   0.,   0.],
   [  0.,   0.,   0.,   0.],
   [  0.,   0.,   0.,   0.],
   [  0.,   0.,   0.,   0.],
   [  0.,   0.,   0.,   0.]],

  [[  0.,   0.,   0.,   0.],
   [  0.,   0.,   0.,   0.],
   [  0.,   0.,   0.,   0.],
   [  0.,   0.,   0.,   0.],
   [  0.,   0.,   0.,   0.],
   [  0.,   0.,   0.,   0.],
   [  0.,   0.,   0.,   0.],
   [  0.,   0.,   0.,   0.],
   [  0.,   0.,   0.,   0.],
   [  0.,   0.,   0.,   0.],
   [  0.,   0.,   0.,   0.],
   [  0.,   0.,   0.,   0.],
   [  0.,   0.,   0.,   0.],
   [  0.,   0.,   0.,   0.],
   [  0.,   0.,   0.,   0.],
   [  0.,   0.,   0.,   0.],
   [  0.,   0.,   0.,   0.],
   [  0.,   0.,   0.,   0.],
   [  0.,   0.,   0.,   0.],
   [  0.,   0.,   0.,   0.],
   [  0.,   0.,   0.,   0.],
   [  0.,   0.,   0.,   0.],
   [  0.,   0.,   0.,   0.],
   [  0.,   0.,   0.,   0.],
   [  0.,   0.,   0.,   0.],
   [  0.,   0.,   0.,   0.],
   [  0.,   0.,   0.,   0.],
   [  0.,   0.,   0.,   0.]],

  [[  0.,   0.,   0.,   0.],
   [  0.,   0.,   0.,   0.],
   [  0.,   0.,   0.,   0.],
   [  0.,   0.,   0.,   0.],
   [  0.,   0.,   0.,   0.],
   [  0.,   0.,   0.,   0.],
   [  0.,   0.,   0.,   0.],
   [  0.,   0.,   0.,   0.],
   [  0.,   0.,   0.,   0.],
   [  0.,   0.,   0.,   0.],
   [  0.,   0.,   0.,   0.],
   [  0.,   0.,   0.,   0.],
   [  0.,   0.,   0.,   0.],
   [  0.,   0.,   0.,   0.],
   [  0.,   0.,   0.,   0.],
   [  0.,   0.,   0.,   0.],
   [  0.,   0.,   0.,   0.],
   [  0.,   0.,   0.,   0.],
   [  0.,   0.,   0.,   0.],
   [  0.,   0.,   0.,   0.],
   [  0.,   0.,   0.,   0.],
   [  0.,   0.,   0.,   0.],
   [  0.,   0.,   0.,   0.],
   [  0.,   0.,   0.,   0.],
   [  0.,   0.,   0.,   0.],
   [  0.,   0.,   0.,   0.],
   [  0.,   0.,   0.,   0.],
   [  0.,   0.,   0.,   0.]],

  [[  0.,   0.,   0.,   0.],
   [  0.,   0.,   0.,   0.],
   [  0.,   0.,   0.,   0.],
   [  0.,   0.,   0.,   0.],
   [  0.,   0.,   0.,   0.],
   [  0.,   0.,   0.,   0.],
   [  0.,   0.,   0.,   0.],
   [  0.,   0.,   0.,   0.],
   [  0.,   0.,   0.,   0.],
   [  0.,   0.,   0.,   0.],
   [  0.,   0.,   0.,   0.],
   [  0.,   0.,   0.,   0.],
   [  0.,   0.,  15.,   9.],
   [  0.,   0.,  26.,  33.],
   [ 36.,   0.,   0.,  28.],
   [ 32.,   0.,   0.,   0.],
   [  6.,   0.,   0.,   0.],
   [  0.,   0.,   0.,   0.],
   [  0.,   0.,   0.,   0.],
   [  0.,   0.,   0.,   0.],
   [  0.,   0.,   0.,   0.],
   [  0.,   0.,   0.,   0.],
   [  0.,   0.,   0.,   0.],
   [  0.,   0.,   0.,   0.],
   [  0.,   0.,   0.,   0.],
   [  0.,   0.,   0.,   0.],
   [  0.,   0.,   0.,   0.],
   [  0.,   0.,   0.,   0.]],

  [[  0.,   0.,   0.,   0.],
   [  0.,   0.,   0.,   0.],
   [  0.,   0.,   0.,   0.],
   [  0.,   0.,   0.,   0.],
   [  0.,   0.,   0.,   0.],
   [  0.,   0.,   0.,   0.],
   [  0.,   0.,   0.,   0.],
   [  0.,   0.,   0.,   0.],
   [  0.,   0.,   0.,   0.],
   [  0.,   0.,   0.,   0.],
   [  0.,   0.,  10.,   6.],
   [  0.,   0.,  24.,  26.],
   [ 25.,   0.,  11.,  51.],
   [ 27.,   0.,   0.,  65.],
   [  6.,   0.,   0.,  32.],
   [ 61.,   0.,   0.,   0.],
   [ 33.,   0.,   0.,   0.],
   [  2.,   0.,   0.,   0.],
   [  0.,   0.,   0.,   0.],
   [  0.,   0.,   0.,   0.],
   [  0.,   0.,   0.,   0.],
   [  0.,   0.,   0.,   0.],
   [  0.,   0.,   0.,   0.],
   [  0.,   0.,   0.,   0.],
   [  0.,   0.,   0.,   0.],
   [  0.,   0.,   0.,   0.],
   [  0.,   0.,   0.,   0.],
   [  0.,   0.,   0.,   0.]],

  [[  0.,   0.,   0.,   0.],
   [  0.,   0.,   0.,   0.],
   [  0.,   0.,   0.,   0.],
   [  0.,   0.,   0.,   0.],
   [  0.,   0.,   0.,   0.],
   [  0.,   0.,   0.,   0.],
   [  0.,   0.,   0.,   0.],
   [  0.,   0.,   0.,   0.],
   [  0.,   0.,   0.,   0.],
   [  0.,   0.,  10.,   6.],
   [  0.,   0.,  30.,  36.],
   [ 22.,   0.,   6.,  70.],
   [  6.,   0.,   0.,  61.],
   [  6.,   0.,   0.,  39.],
   [ 45.,   0.,  11.,  11.],
   [ 80.,   0.,   0.,   0.],
   [ 79.,   0.,   0.,   0.],
   [ 27.,   0.,   0.,   0.],
   [  4.,   0.,   0.,   0.],
   [  0.,   0.,   0.,   0.],
   [  0.,   0.,   0.,   0.],
   [  0.,   0.,   0.,   0.],
   [  0.,   0.,   0.,   0.],
   [  0.,   0.,   0.,   0.],
   [  0.,   0.,   0.,   0.],
   [  0.,   0.,   0.,   0.],
   [  0.,   0.,   0.,   0.],
   [  0.,   0.,   0.,   0.]],

  [[  0.,   0.,   0.,   0.],
   [  0.,   0.,   0.,   0.],
   [  0.,   0.,   0.,   0.],
   [  0.,   0.,   0.,   0.],
   [  0.,   0.,   0.,   0.],
   [  0.,   0.,   0.,   0.],
   [  0.,   0.,   0.,   0.],
   [  0.,   0.,   0.,   0.],
   [  0.,   0.,   0.,   0.],
   [  0.,   0.,  31.,  25.],
   [  0.,   0.,  13.,  82.],
   [  0.,   0.,   0.,  74.],
   [ 38.,   0.,   0.,   0.],
   [ 47.,  23.,   0.,   0.],
   [ 32.,  13.,  36.,  24.],
   [ 68.,   0.,   1.,  24.],
   [ 76.,   0.,   0.,   0.],
   [ 64.,   0.,   0.,   0.],
   [ 28.,   0.,   0.,   0.],
   [  2.,   0.,   0.,   0.],
   [  0.,   0.,   0.,   0.],
   [  0.,   0.,   0.,   0.],
   [  0.,   0.,   0.,   0.],
   [  0.,   0.,   0.,   0.],
   [  0.,   0.,   0.,   0.],
   [  0.,   0.,   0.,   0.],
   [  0.,   0.,   0.,   0.],
   [  0.,   0.,   0.,   0.]],

  [[  0.,   0.,   0.,   0.],
   [  0.,   0.,   0.,   0.],
   [  0.,   0.,   0.,   0.],
   [  0.,   0.,   0.,   0.],
   [  0.,   0.,   0.,   0.],
   [  0.,   0.,   0.,   0.],
   [  0.,   0.,   0.,   0.],
   [  0.,   0.,   0.,   0.],
   [  0.,   0.,   5.,   3.],
   [  0.,   0.,  36.,  57.],
   [  0.,   0.,   0., 107.],
   [ 44.,   0.,   0.,  15.],
   [ 72.,   0.,   0.,   0.],
   [ 60.,  22.,  11.,   0.],
   [  8.,  32.,   6.,  45.],
   [  6.,  16.,   0.,  53.],
   [ 54.,   0.,  25.,   0.],
   [ 76.,   0.,   0.,   0.],
   [ 56.,   0.,   0.,   0.],
   [  7.,   0.,   1.,   0.],
   [  0.,   0.,   0.,   0.],
   [  0.,   0.,   0.,   0.],
   [  0.,   0.,   0.,   0.],
   [  0.,   0.,   0.,   0.],
   [  0.,   0.,   0.,   0.],
   [  0.,   0.,   0.,   0.],
   [  0.,   0.,   0.,   0.],
   [  0.,   0.,   0.,   0.]],

  [[  0.,   0.,   0.,   0.],
   [  0.,   0.,   0.,   0.],
   [  0.,   0.,   0.,   0.],
   [  0.,   0.,   0.,   0.],
   [  0.,   0.,   0.,   0.],
   [  0.,   0.,   0.,   0.],
   [  0.,   0.,   0.,   0.],
   [  0.,   0.,   0.,   0.],
   [  0.,   0.,  13.,  11.],
   [  0.,   0.,  20.,  83.],
   [  0.,   0.,   0.,  96.],
   [ 86.,   0.,   0.,   0.],
   [ 90.,   0.,   2.,   0.],
   [ 20.,   8.,   3.,   0.],
   [  0.,  36.,   0.,  39.],
   [  0.,  31.,   0.,  45.],
   [ 46.,   0.,  22.,  48.],
   [ 77.,   0.,   0.,   0.],
   [ 88.,   0.,   0.,   0.],
   [ 14.,   0.,   1.,   0.],
   [  0.,   0.,   0.,   0.],
   [  0.,   0.,   0.,   0.],
   [  0.,   0.,   0.,   0.],
   [  0.,   0.,   0.,   0.],
   [  0.,   0.,   0.,   0.],
   [  0.,   0.,   0.,   0.],
   [  0.,   0.,   0.,   0.],
   [  0.,   0.,   0.,   0.]],

  [[  0.,   0.,   0.,   0.],
   [  0.,   0.,   0.,   0.],
   [  0.,   0.,   0.,   0.],
   [  0.,   0.,   0.,   0.],
   [  0.,   0.,   0.,   0.],
   [  0.,   0.,   0.,   0.],
   [  0.,   0.,   0.,   0.],
   [  0.,   0.,   0.,   0.],
   [  0.,   0.,  13.,  21.],
   [  0.,   0.,  11.,  89.],
   [  3.,   0.,   0.,  83.],
   [102.,   0.,   0.,   0.],
   [ 88.,   0.,   7.,   0.],
   [  7.,   1.,   0.,   0.],
   [  0.,   8.,   0.,  13.],
   [  0.,   0.,  35.,  50.],
   [  0.,   0.,   0.,  95.],
   [ 63.,   0.,   0.,   0.],
   [ 88.,   0.,   0.,   0.],
   [ 14.,   0.,   1.,   0.],
   [  0.,   0.,   0.,   0.],
   [  0.,   0.,   0.,   0.],
   [  0.,   0.,   0.,   0.],
   [  0.,   0.,   0.,   0.],
   [  0.,   0.,   0.,   0.],
   [  0.,   0.,   0.,   0.],
   [  0.,   0.,   0.,   0.],
   [  0.,   0.,   0.,   0.]],

  [[  0.,   0.,   0.,   0.],
   [  0.,   0.,   0.,   0.],
   [  0.,   0.,   0.,   0.],
   [  0.,   0.,   0.,   0.],
   [  0.,   0.,   0.,   0.],
   [  0.,   0.,   0.,   0.],
   [  0.,   0.,   0.,   0.],
   [  0.,   0.,   0.,   0.],
   [  0.,   6.,   5.,  23.],
   [  0.,   3.,  15.,  84.],
   [  8.,   0.,   0.,  81.],
   [ 96.,   0.,   0.,   0.],
   [102.,   0.,   0.,   0.],
   [  6.,   0.,   0.,   0.],
   [  0.,   0.,  18.,  14.],
   [  0.,   0.,  20.,  82.],
   [  0.,   0.,   0.,  91.],
   [ 85.,   0.,   0.,   0.],
   [ 80.,   0.,   5.,   0.],
   [ 12.,   0.,   6.,   0.],
   [  0.,   0.,   0.,   0.],
   [  0.,   0.,   0.,   0.],
   [  0.,   0.,   0.,   0.],
   [  0.,   0.,   0.,   0.],
   [  0.,   0.,   0.,   0.],
   [  0.,   0.,   0.,   0.],
   [  0.,   0.,   0.,   0.],
   [  0.,   0.,   0.,   0.]],

  [[  0.,   0.,   0.,   0.],
   [  0.,   0.,   0.,   0.],
   [  0.,   0.,   0.,   0.],
   [  0.,   0.,   0.,   0.],
   [  0.,   0.,   0.,   0.],
   [  0.,   0.,   0.,   0.],
   [  0.,   0.,   0.,   0.],
   [  0.,   0.,   0.,   0.],
   [  0.,  11.,   0.,  15.],
   [  0.,  26.,   5.,  66.],
   [  0.,   5.,   0.,  75.],
   [ 85.,   0.,  11.,   0.],
   [ 86.,   0.,   0.,   0.],
   [ 47.,   0.,   0.,   0.],
   [  0.,   0.,  13.,  30.],
   [  0.,   0.,   0., 104.],
   [ 37.,   0.,   0.,  41.],
   [ 72.,   0.,   0.,   0.],
   [ 71.,   3.,  31.,   0.],
   [  7.,   1.,   0.,   0.],
   [  0.,   0.,   0.,   0.],
   [  0.,   0.,   0.,   0.],
   [  0.,   0.,   0.,   0.],
   [  0.,   0.,   0.,   0.],
   [  0.,   0.,   0.,   0.],
   [  0.,   0.,   0.,   0.],
   [  0.,   0.,   0.,   0.],
   [  0.,   0.,   0.,   0.]],

  [[  0.,   0.,   0.,   0.],
   [  0.,   0.,   0.,   0.],
   [  0.,   0.,   0.,   0.],
   [  0.,   0.,   0.,   0.],
   [  0.,   0.,   0.,   0.],
   [  0.,   0.,   0.,   0.],
   [  0.,   0.,   0.,   0.],
   [  0.,   0.,   0.,   0.],
   [  0.,   6.,   0.,   5.],
   [  0.,  36.,   0.,  39.],
   [  0.,  27.,  12.,  65.],
   [ 40.,   0.,   3.,  41.],
   [ 80.,   0.,   1.,   0.],
   [ 54.,   0.,   0.,   0.],
   [ 38.,   0.,   8.,  43.],
   [  0.,   0.,   0.,  83.],
   [ 51.,   0.,   0.,   0.],
   [102.,   0.,  16.,   0.],
   [ 35.,   5.,   0.,   0.],
   [  0.,   0.,   0.,   0.],
   [  0.,   0.,   0.,   0.],
   [  0.,   0.,   0.,   0.],
   [  0.,   0.,   0.,   0.],
   [  0.,   0.,   0.,   0.],
   [  0.,   0.,   0.,   0.],
   [  0.,   0.,   0.,   0.],
   [  0.,   0.,   0.,   0.],
   [  0.,   0.,   0.,   0.]],

  [[  0.,   0.,   0.,   0.],
   [  0.,   0.,   0.,   0.],
   [  0.,   0.,   0.,   0.],
   [  0.,   0.,   0.,   0.],
   [  0.,   0.,   0.,   0.],
   [  0.,   0.,   0.,   0.],
   [  0.,   0.,   0.,   0.],
   [  0.,   0.,   0.,   0.],
   [  0.,   0.,   0.,   0.],
   [  0.,  12.,   0.,  10.],
   [  0.,  36.,   0.,  48.],
   [  0.,  20.,   8.,  70.],
   [ 56.,   0.,   6.,  40.],
   [ 88.,   0.,   0.,   0.],
   [ 32.,   0.,   0.,  33.],
   [ 44.,   0.,   0.,  26.],
   [ 90.,   0.,   0.,   0.],
   [ 71.,   0.,  20.,   0.],
   [  0.,   0.,   0.,   0.],
   [  0.,   0.,   0.,   0.],
   [  0.,   0.,   0.,   0.],
   [  0.,   0.,   0.,   0.],
   [  0.,   0.,   0.,   0.],
   [  0.,   0.,   0.,   0.],
   [  0.,   0.,   0.,   0.],
   [  0.,   0.,   0.,   0.],
   [  0.,   0.,   0.,   0.],
   [  0.,   0.,   0.,   0.]],

  [[  0.,   0.,   0.,   0.],
   [  0.,   0.,   0.,   0.],
   [  0.,   0.,   0.,   0.],
   [  0.,   0.,   0.,   0.],
   [  0.,   0.,   0.,   0.],
   [  0.,   0.,   0.,   0.],
   [  0.,   0.,   0.,   0.],
   [  0.,   0.,   0.,   0.],
   [  0.,   0.,   0.,   0.],
   [  0.,   0.,   0.,   0.],
   [  0.,  24.,   0.,  20.],
   [  0.,  38.,   4.,  56.],
   [  0.,  22.,   0.,  64.],
   [ 54.,   0.,  12.,  36.],
   [ 66.,   0.,   0.,  18.],
   [ 72.,   0.,   0.,   0.],
   [110.,   0.,   0.,   0.],
   [ 51.,   0.,   0.,   0.],
   [  0.,   0.,   0.,   0.],
   [  0.,   0.,   0.,   0.],
   [  0.,   0.,   0.,   0.],
   [  0.,   0.,   0.,   0.],
   [  0.,   0.,   0.,   0.],
   [  0.,   0.,   0.,   0.],
   [  0.,   0.,   0.,   0.],
   [  0.,   0.,   0.,   0.],
   [  0.,   0.,   0.,   0.],
   [  0.,   0.,   0.,   0.]],

  [[  0.,   0.,   0.,   0.],
   [  0.,   0.,   0.,   0.],
   [  0.,   0.,   0.,   0.],
   [  0.,   0.,   0.,   0.],
   [  0.,   0.,   0.,   0.],
   [  0.,   0.,   0.,   0.],
   [  0.,   0.,   0.,   0.],
   [  0.,   0.,   0.,   0.],
   [  0.,   0.,   0.,   0.],
   [  0.,   0.,   0.,   0.],
   [  0.,   0.,   0.,   0.],
   [  0.,  32.,   0.,  33.],
   [  0.,  11.,  33.,  76.],
   [ 26.,   0.,   0.,  75.],
   [ 66.,   0.,   0.,  18.],
   [ 81.,   0.,   0.,   0.],
   [110.,   0.,   0.,   0.],
   [ 41.,   0.,   0.,   0.],
   [  0.,   0.,   0.,   0.],
   [  0.,   0.,   0.,   0.],
   [  0.,   0.,   0.,   0.],
   [  0.,   0.,   0.,   0.],
   [  0.,   0.,   0.,   0.],
   [  0.,   0.,   0.,   0.],
   [  0.,   0.,   0.,   0.],
   [  0.,   0.,   0.,   0.],
   [  0.,   0.,   0.,   0.],
   [  0.,   0.,   0.,   0.]],

  [[  0.,   0.,   0.,   0.],
   [  0.,   0.,   0.,   0.],
   [  0.,   0.,   0.,   0.],
   [  0.,   0.,   0.,   0.],
   [  0.,   0.,   0.,   0.],
   [  0.,   0.,   0.,   0.],
   [  0.,   0.,   0.,   0.],
   [  0.,   0.,   0.,   0.],
   [  0.,   0.,   0.,   0.],
   [  0.,   0.,   0.,   0.],
   [  0.,   0.,   0.,   0.],
   [  0.,   0.,  28.,  20.],
   [  0.,   0.,   8., 100.],
   [  1.,   0.,   0.,  83.],
   [ 60.,   0.,   0.,  14.],
   [ 82.,   0.,   0.,   6.],
   [ 92.,   0.,   0.,   0.],
   [ 69.,   0.,   3.,   0.],
   [  2.,   0.,   0.,   0.],
   [  0.,   0.,   0.,   0.],
   [  0.,   0.,   0.,   0.],
   [  0.,   0.,   0.,   0.],
   [  0.,   0.,   0.,   0.],
   [  0.,   0.,   0.,   0.],
   [  0.,   0.,   0.,   0.],
   [  0.,   0.,   0.,   0.],
   [  0.,   0.,   0.,   0.],
   [  0.,   0.,   0.,   0.]],

  [[  0.,   0.,   0.,   0.],
   [  0.,   0.,   0.,   0.],
   [  0.,   0.,   0.,   0.],
   [  0.,   0.,   0.,   0.],
   [  0.,   0.,   0.,   0.],
   [  0.,   0.,   0.,   0.],
   [  0.,   0.,   0.,   0.],
   [  0.,   0.,   0.,   0.],
   [  0.,   0.,   0.,   0.],
   [  0.,   0.,   0.,   0.],
   [  0.,   0.,   5.,   3.],
   [  0.,   0.,  39.,  52.],
   [  0.,   0.,   0., 105.],
   [ 41.,   0.,   0.,  23.],
   [ 54.,   8.,   0.,   0.],
   [ 19.,  12.,  21.,  23.],
   [ 81.,   0.,   5.,   0.],
   [108.,   0.,   0.,   0.],
   [ 15.,   0.,   0.,   0.],
   [  0.,   0.,   0.,   0.],
   [  0.,   0.,   0.,   0.],
   [  0.,   0.,   0.,   0.],
   [  0.,   0.,   0.,   0.],
   [  0.,   0.,   0.,   0.],
   [  0.,   0.,   0.,   0.],
   [  0.,   0.,   0.,   0.],
   [  0.,   0.,   0.,   0.],
   [  0.,   0.,   0.,   0.]],

  [[  0.,   0.,   0.,   0.],
   [  0.,   0.,   0.,   0.],
   [  0.,   0.,   0.,   0.],
   [  0.,   0.,   0.,   0.],
   [  0.,   0.,   0.,   0.],
   [  0.,   0.,   0.,   0.],
   [  0.,   0.,   0.,   0.],
   [  0.,   0.,   0.,   0.],
   [  0.,   0.,   0.,   0.],
   [  0.,   0.,   0.,   0.],
   [  0.,   0.,  23.,  17.],
   [  0.,   0.,  14.,  91.],
   [  4.,   0.,   0.,  73.],
   [ 53.,   0.,   0.,   0.],
   [ 54.,  30.,  15.,   0.],
   [ 17.,  16.,  26.,  53.],
   [ 66.,   0.,   0.,  32.],
   [ 82.,   0.,   0.,   0.],
   [ 40.,   0.,  10.,   0.],
   [  0.,   0.,   0.,   0.],
   [  0.,   0.,   0.,   0.],
   [  0.,   0.,   0.,   0.],
   [  0.,   0.,   0.,   0.],
   [  0.,   0.,   0.,   0.],
   [  0.,   0.,   0.,   0.],
   [  0.,   0.,   0.,   0.],
   [  0.,   0.,   0.,   0.],
   [  0.,   0.,   0.,   0.]],

  [[  0.,   0.,   0.,   0.],
   [  0.,   0.,   0.,   0.],
   [  0.,   0.,   0.,   0.],
   [  0.,   0.,   0.,   0.],
   [  0.,   0.,   0.,   0.],
   [  0.,   0.,   0.,   0.],
   [  0.,   0.,   0.,   0.],
   [  0.,   0.,   0.,   0.],
   [  0.,   0.,   0.,   0.],
   [  0.,   0.,   0.,   0.],
   [  0.,   0.,  39.,  43.],
   [  0.,   0.,   0., 109.],
   [ 31.,   0.,   0.,  20.],
   [104.,   0.,   0.,   0.],
   [ 34.,   0.,  17.,   0.],
   [  0.,   0.,  15.,  91.],
   [ 12.,   0.,   0.,  63.],
   [ 98.,   0.,   0.,   0.],
   [ 61.,   0.,   9.,   0.],
   [  0.,   0.,   0.,   0.],
   [  0.,   0.,   0.,   0.],
   [  0.,   0.,   0.,   0.],
   [  0.,   0.,   0.,   0.],
   [  0.,   0.,   0.,   0.],
   [  0.,   0.,   0.,   0.],
   [  0.,   0.,   0.,   0.],
   [  0.,   0.,   0.,   0.],
   [  0.,   0.,   0.,   0.]],

  [[  0.,   0.,   0.,   0.],
   [  0.,   0.,   0.,   0.],
   [  0.,   0.,   0.,   0.],
   [  0.,   0.,   0.,   0.],
   [  0.,   0.,   0.,   0.],
   [  0.,   0.,   0.,   0.],
   [  0.,   0.,   0.,   0.],
   [  0.,   0.,   0.,   0.],
   [  0.,   0.,   0.,   0.],
   [  0.,   0.,  10.,   6.],
   [  0.,   0.,  30.,  76.],
   [  0.,   0.,   0., 104.],
   [ 72.,   0.,   0.,   0.],
   [ 80.,   0.,  12.,   0.],
   [ 47.,   0.,  10.,  26.],
   [  0.,   0.,   0.,  86.],
   [ 37.,   0.,   0.,  17.],
   [ 80.,   0.,   0.,   0.],
   [ 43.,   1.,  18.,   0.],
   [  0.,   0.,   0.,   0.],
   [  0.,   0.,   0.,   0.],
   [  0.,   0.,   0.,   0.],
   [  0.,   0.,   0.,   0.],
   [  0.,   0.,   0.,   0.],
   [  0.,   0.,   0.,   0.],
   [  0.,   0.,   0.,   0.],
   [  0.,   0.,   0.,   0.],
   [  0.,   0.,   0.,   0.]],

  [[  0.,   0.,   0.,   0.],
   [  0.,   0.,   0.,   0.],
   [  0.,   0.,   0.,   0.],
   [  0.,   0.,   0.,   0.],
   [  0.,   0.,   0.,   0.],
   [  0.,   0.,   0.,   0.],
   [  0.,   0.,   0.,   0.],
   [  0.,   0.,   0.,   0.],
   [  0.,   0.,   0.,   0.],
   [  0.,   0.,  21.,  19.],
   [  0.,   0.,   7.,  94.],
   [  0.,   0.,   0.,  85.],
   [ 84.,   0.,   0.,   0.],
   [ 98.,   0.,  10.,   0.],
   [ 30.,   0.,   0.,  37.],
   [ 21.,   0.,   0.,  20.],
   [ 35.,   3.,   0.,   0.],
   [ 79.,   7.,  33.,   0.],
   [ 21.,   3.,   0.,   0.],
   [  0.,   0.,   0.,   0.],
   [  0.,   0.,   0.,   0.],
   [  0.,   0.,   0.,   0.],
   [  0.,   0.,   0.,   0.],
   [  0.,   0.,   0.,   0.],
   [  0.,   0.,   0.,   0.],
   [  0.,   0.,   0.,   0.],
   [  0.,   0.,   0.,   0.],
   [  0.,   0.,   0.,   0.]],

  [[  0.,   0.,   0.,   0.],
   [  0.,   0.,   0.,   0.],
   [  0.,   0.,   0.,   0.],
   [  0.,   0.,   0.,   0.],
   [  0.,   0.,   0.,   0.],
   [  0.,   0.,   0.,   0.],
   [  0.,   0.,   0.,   0.],
   [  0.,   0.,   0.,   0.],
   [  0.,   0.,   0.,   0.],
   [  0.,   1.,  13.,  31.],
   [  0.,   0.,   0.,  87.],
   [ 17.,   0.,   0.,  61.],
   [ 72.,   0.,   0.,   0.],
   [ 62.,   0.,   0.,   3.],
   [ 36.,  11.,   0.,   0.],
   [ 44.,  36.,   0.,   0.],
   [ 82.,  12.,  29.,   0.],
   [ 35.,   5.,   0.,   0.],
   [  0.,   0.,   0.,   0.],
   [  0.,   0.,   0.,   0.],
   [  0.,   0.,   0.,   0.],
   [  0.,   0.,   0.,   0.],
   [  0.,   0.,   0.,   0.],
   [  0.,   0.,   0.,   0.],
   [  0.,   0.,   0.,   0.],
   [  0.,   0.,   0.,   0.],
   [  0.,   0.,   0.,   0.],
   [  0.,   0.,   0.,   0.]],

  [[  0.,   0.,   0.,   0.],
   [  0.,   0.,   0.,   0.],
   [  0.,   0.,   0.,   0.],
   [  0.,   0.,   0.,   0.],
   [  0.,   0.,   0.,   0.],
   [  0.,   0.,   0.,   0.],
   [  0.,   0.,   0.,   0.],
   [  0.,   0.,   0.,   0.],
   [  0.,   0.,   0.,   0.],
   [  0.,  16.,   0.,  25.],
   [  0.,  37.,   0.,  56.],
   [  1.,  45.,   0.,  25.],
   [ 43.,  45.,   2.,   0.],
   [ 29.,  49.,   0.,   0.],
   [ 56.,  38.,  11.,   0.],
   [ 63.,  13.,  10.,   0.],
   [ 28.,   4.,   0.,   0.],
   [  0.,   0.,   0.,   0.],
   [  0.,   0.,   0.,   0.],
   [  0.,   0.,   0.,   0.],
   [  0.,   0.,   0.,   0.],
   [  0.,   0.,   0.,   0.],
   [  0.,   0.,   0.,   0.],
   [  0.,   0.,   0.,   0.],
   [  0.,   0.,   0.,   0.],
   [  0.,   0.,   0.,   0.],
   [  0.,   0.,   0.,   0.],
   [  0.,   0.,   0.,   0.]],

  [[  0.,   0.,   0.,   0.],
   [  0.,   0.,   0.,   0.],
   [  0.,   0.,   0.,   0.],
   [  0.,   0.,   0.,   0.],
   [  0.,   0.,   0.,   0.],
   [  0.,   0.,   0.,   0.],
   [  0.,   0.,   0.,   0.],
   [  0.,   0.,   0.,   0.],
   [  0.,   0.,   0.,   0.],
   [  0.,  12.,   0.,  10.],
   [  0.,  34.,   0.,  23.],
   [ 10.,  36.,   0.,   5.],
   [ 27.,  37.,   0.,   0.],
   [ 38.,  18.,   1.,   0.],
   [ 32.,   6.,   1.,   0.],
   [  7.,   1.,   0.,   0.],
   [  0.,   0.,   0.,   0.],
   [  0.,   0.,   0.,   0.],
   [  0.,   0.,   0.,   0.],
   [  0.,   0.,   0.,   0.],
   [  0.,   0.,   0.,   0.],
   [  0.,   0.,   0.,   0.],
   [  0.,   0.,   0.,   0.],
   [  0.,   0.,   0.,   0.],
   [  0.,   0.,   0.,   0.],
   [  0.,   0.,   0.,   0.],
   [  0.,   0.,   0.,   0.],
   [  0.,   0.,   0.,   0.]],

  [[  0.,   0.,   0.,   0.],
   [  0.,   0.,   0.,   0.],
   [  0.,   0.,   0.,   0.],
   [  0.,   0.,   0.,   0.],
   [  0.,   0.,   0.,   0.],
   [  0.,   0.,   0.,   0.],
   [  0.,   0.,   0.,   0.],
   [  0.,   0.,   0.,   0.],
   [  0.,   0.,   0.,   0.],
   [  0.,   0.,   0.,   0.],
   [  0.,   0.,   0.,   0.],
   [  0.,   0.,   0.,   0.],
   [  0.,   0.,   0.,   0.],
   [  0.,   0.,   0.,   0.],
   [  0.,   0.,   0.,   0.],
   [  0.,   0.,   0.,   0.],
   [  0.,   0.,   0.,   0.],
   [  0.,   0.,   0.,   0.],
   [  0.,   0.,   0.,   0.],
   [  0.,   0.,   0.,   0.],
   [  0.,   0.,   0.,   0.],
   [  0.,   0.,   0.,   0.],
   [  0.,   0.,   0.,   0.],
   [  0.,   0.,   0.,   0.],
   [  0.,   0.,   0.,   0.],
   [  0.,   0.,   0.,   0.],
   [  0.,   0.,   0.,   0.],
   [  0.,   0.,   0.,   0.]],

  [[  0.,   0.,   0.,   0.],
   [  0.,   0.,   0.,   0.],
   [  0.,   0.,   0.,   0.],
   [  0.,   0.,   0.,   0.],
   [  0.,   0.,   0.,   0.],
   [  0.,   0.,   0.,   0.],
   [  0.,   0.,   0.,   0.],
   [  0.,   0.,   0.,   0.],
   [  0.,   0.,   0.,   0.],
   [  0.,   0.,   0.,   0.],
   [  0.,   0.,   0.,   0.],
   [  0.,   0.,   0.,   0.],
   [  0.,   0.,   0.,   0.],
   [  0.,   0.,   0.,   0.],
   [  0.,   0.,   0.,   0.],
   [  0.,   0.,   0.,   0.],
   [  0.,   0.,   0.,   0.],
   [  0.,   0.,   0.,   0.],
   [  0.,   0.,   0.,   0.],
   [  0.,   0.,   0.,   0.],
   [  0.,   0.,   0.,   0.],
   [  0.,   0.,   0.,   0.],
   [  0.,   0.,   0.,   0.],
   [  0.,   0.,   0.,   0.],
   [  0.,   0.,   0.,   0.],
   [  0.,   0.,   0.,   0.],
   [  0.,   0.,   0.,   0.],
   [  0.,   0.,   0.,   0.]]]]

🔹 Layer: average_pooling2d_2
   📐 Output Shape: (1, 14, 14, 4)
   🔢 Output Values:
[[[[ 0.  ,  0.  ,  0.  ,  0.  ],
   [ 0.  ,  0.  ,  0.  ,  0.  ],
   [ 0.  ,  0.  ,  0.  ,  0.  ],
   [ 0.  ,  0.  ,  0.  ,  0.  ],
   [ 0.  ,  0.  ,  0.  ,  0.  ],
   [ 0.  ,  0.  ,  0.  ,  0.  ],
   [ 0.  ,  0.  ,  0.  ,  0.  ],
   [ 0.  ,  0.  ,  0.  ,  0.  ],
   [ 0.  ,  0.  ,  0.  ,  0.  ],
   [ 0.  ,  0.  ,  0.  ,  0.  ],
   [ 0.  ,  0.  ,  0.  ,  0.  ],
   [ 0.  ,  0.  ,  0.  ,  0.  ],
   [ 0.  ,  0.  ,  0.  ,  0.  ],
   [ 0.  ,  0.  ,  0.  ,  0.  ]],

  [[ 0.  ,  0.  ,  0.  ,  0.  ],
   [ 0.  ,  0.  ,  0.  ,  0.  ],
   [ 0.  ,  0.  ,  0.  ,  0.  ],
   [ 0.  ,  0.  ,  0.  ,  0.  ],
   [ 0.  ,  0.  ,  0.  ,  0.  ],
   [ 0.  ,  0.  ,  0.  ,  0.  ],
   [ 0.  ,  0.  ,  0.  ,  0.  ],
   [ 0.  ,  0.  ,  0.  ,  0.  ],
   [ 0.  ,  0.  ,  0.  ,  0.  ],
   [ 0.  ,  0.  ,  0.  ,  0.  ],
   [ 0.  ,  0.  ,  0.  ,  0.  ],
   [ 0.  ,  0.  ,  0.  ,  0.  ],
   [ 0.  ,  0.  ,  0.  ,  0.  ],
   [ 0.  ,  0.  ,  0.  ,  0.  ]],

  [[ 0.  ,  0.  ,  0.  ,  0.  ],
   [ 0.  ,  0.  ,  0.  ,  0.  ],
   [ 0.  ,  0.  ,  0.  ,  0.  ],
   [ 0.  ,  0.  ,  0.  ,  0.  ],
   [ 0.  ,  0.  ,  0.  ,  0.  ],
   [ 0.  ,  0.  ,  8.5 ,  8.  ],
   [13.  ,  0.  , 13.  , 39.5 ],
   [33.75,  0.  ,  0.  , 15.  ],
   [10.25,  0.  ,  0.  ,  0.  ],
   [ 0.  ,  0.  ,  0.  ,  0.  ],
   [ 0.  ,  0.  ,  0.  ,  0.  ],
   [ 0.  ,  0.  ,  0.  ,  0.  ],
   [ 0.  ,  0.  ,  0.  ,  0.  ],
   [ 0.  ,  0.  ,  0.  ,  0.  ]],

  [[ 0.  ,  0.  ,  0.  ,  0.  ],
   [ 0.  ,  0.  ,  0.  ,  0.  ],
   [ 0.  ,  0.  ,  0.  ,  0.  ],
   [ 0.  ,  0.  ,  0.  ,  0.  ],
   [ 0.  ,  0.  , 10.25,  7.75],
   [ 5.5 ,  0.  , 12.25, 65.5 ],
   [24.25,  5.75,  0.  , 25.  ],
   [56.25,  3.25, 12.  , 14.75],
   [61.5 ,  0.  ,  0.  ,  0.  ],
   [ 8.5 ,  0.  ,  0.  ,  0.  ],
   [ 0.  ,  0.  ,  0.  ,  0.  ],
   [ 0.  ,  0.  ,  0.  ,  0.  ],
   [ 0.  ,  0.  ,  0.  ,  0.  ],
   [ 0.  ,  0.  ,  0.  ,  0.  ]],

  [[ 0.  ,  0.  ,  0.  ,  0.  ],
   [ 0.  ,  0.  ,  0.  ,  0.  ],
   [ 0.  ,  0.  ,  0.  ,  0.  ],
   [ 0.  ,  0.  ,  0.  ,  0.  ],
   [ 0.  ,  0.  , 18.5 , 38.5 ],
   [32.5 ,  0.  ,  0.  , 54.5 ],
   [60.5 ,  7.5 ,  4.  ,  0.  ],
   [ 3.5 , 28.75,  1.5 , 45.5 ],
   [63.25,  0.  , 11.75, 12.  ],
   [41.25,  0.  ,  0.5 ,  0.  ],
   [ 0.  ,  0.  ,  0.  ,  0.  ],
   [ 0.  ,  0.  ,  0.  ,  0.  ],
   [ 0.  ,  0.  ,  0.  ,  0.  ],
   [ 0.  ,  0.  ,  0.  ,  0.  ]],

  [[ 0.  ,  0.  ,  0.  ,  0.  ],
   [ 0.  ,  0.  ,  0.  ,  0.  ],
   [ 0.  ,  0.  ,  0.  ,  0.  ],
   [ 0.  ,  0.  ,  0.  ,  0.  ],
   [ 0.  ,  2.25, 11.  , 54.25],
   [52.25,  0.  ,  0.  , 41.  ],
   [50.75,  0.25,  1.75,  0.  ],
   [ 0.  ,  2.  , 18.25, 39.75],
   [37.  ,  0.  ,  0.  , 46.5 ],
   [48.5 ,  0.  ,  3.  ,  0.  ],
   [ 0.  ,  0.  ,  0.  ,  0.  ],
   [ 0.  ,  0.  ,  0.  ,  0.  ],
   [ 0.  ,  0.  ,  0.  ,  0.  ],
   [ 0.  ,  0.  ,  0.  ,  0.  ]],

  [[ 0.  ,  0.  ,  0.  ,  0.  ],
   [ 0.  ,  0.  ,  0.  ,  0.  ],
   [ 0.  ,  0.  ,  0.  ,  0.  ],
   [ 0.  ,  0.  ,  0.  ,  0.  ],
   [ 0.  , 19.75,  1.25, 31.25],
   [31.25,  8.  ,  6.5 , 45.25],
   [66.75,  0.  ,  0.25,  0.  ],
   [ 9.5 ,  0.  ,  5.25, 65.  ],
   [65.5 ,  0.  ,  4.  , 10.25],
   [28.25,  2.25,  7.75,  0.  ],
   [ 0.  ,  0.  ,  0.  ,  0.  ],
   [ 0.  ,  0.  ,  0.  ,  0.  ],
   [ 0.  ,  0.  ,  0.  ,  0.  ],
   [ 0.  ,  0.  ,  0.  ,  0.  ]],

  [[ 0.  ,  0.  ,  0.  ,  0.  ],
   [ 0.  ,  0.  ,  0.  ,  0.  ],
   [ 0.  ,  0.  ,  0.  ,  0.  ],
   [ 0.  ,  0.  ,  0.  ,  0.  ],
   [ 0.  ,  3.  ,  0.  ,  2.5 ],
   [ 0.  , 29.5 ,  3.  , 48.5 ],
   [49.5 ,  5.5 ,  4.5 , 35.  ],
   [53.5 ,  0.  ,  0.  , 19.25],
   [80.5 ,  0.  ,  5.  ,  0.  ],
   [ 0.  ,  0.  ,  0.  ,  0.  ],
   [ 0.  ,  0.  ,  0.  ,  0.  ],
   [ 0.  ,  0.  ,  0.  ,  0.  ],
   [ 0.  ,  0.  ,  0.  ,  0.  ],
   [ 0.  ,  0.  ,  0.  ,  0.  ]],

  [[ 0.  ,  0.  ,  0.  ,  0.  ],
   [ 0.  ,  0.  ,  0.  ,  0.  ],
   [ 0.  ,  0.  ,  0.  ,  0.  ],
   [ 0.  ,  0.  ,  0.  ,  0.  ],
   [ 0.  ,  0.  ,  0.  ,  0.  ],
   [ 0.  ,  8.  ,  7.  , 13.25],
   [ 6.75,  2.75, 10.25, 83.5 ],
   [72.25,  0.  ,  0.  ,  9.5 ],
   [78.  ,  0.  ,  0.75,  0.  ],
   [ 0.5 ,  0.  ,  0.  ,  0.  ],
   [ 0.  ,  0.  ,  0.  ,  0.  ],
   [ 0.  ,  0.  ,  0.  ,  0.  ],
   [ 0.  ,  0.  ,  0.  ,  0.  ],
   [ 0.  ,  0.  ,  0.  ,  0.  ]],

  [[ 0.  ,  0.  ,  0.  ,  0.  ],
   [ 0.  ,  0.  ,  0.  ,  0.  ],
   [ 0.  ,  0.  ,  0.  ,  0.  ],
   [ 0.  ,  0.  ,  0.  ,  0.  ],
   [ 0.  ,  0.  ,  0.  ,  0.  ],
   [ 0.  ,  0.  , 20.25, 40.75],
   [24.5 ,  0.  ,  0.  , 50.25],
   [36.  , 16.5 , 15.5 , 19.  ],
   [84.25,  0.  ,  1.25,  8.  ],
   [13.75,  0.  ,  2.5 ,  0.  ],
   [ 0.  ,  0.  ,  0.  ,  0.  ],
   [ 0.  ,  0.  ,  0.  ,  0.  ],
   [ 0.  ,  0.  ,  0.  ,  0.  ],
   [ 0.  ,  0.  ,  0.  ,  0.  ]],

  [[ 0.  ,  0.  ,  0.  ,  0.  ],
   [ 0.  ,  0.  ,  0.  ,  0.  ],
   [ 0.  ,  0.  ,  0.  ,  0.  ],
   [ 0.  ,  0.  ,  0.  ,  0.  ],
   [ 0.  ,  0.  ,  2.5 ,  1.5 ],
   [ 0.  ,  0.  , 17.25, 83.  ],
   [71.75,  0.  ,  3.  ,  5.  ],
   [20.25,  0.  , 10.5 , 50.75],
   [56.75,  0.  ,  0.  , 20.  ],
   [26.  ,  0.25,  6.75,  0.  ],
   [ 0.  ,  0.  ,  0.  ,  0.  ],
   [ 0.  ,  0.  ,  0.  ,  0.  ],
   [ 0.  ,  0.  ,  0.  ,  0.  ],
   [ 0.  ,  0.  ,  0.  ,  0.  ]],

  [[ 0.  ,  0.  ,  0.  ,  0.  ],
   [ 0.  ,  0.  ,  0.  ,  0.  ],
   [ 0.  ,  0.  ,  0.  ,  0.  ],
   [ 0.  ,  0.  ,  0.  ,  0.  ],
   [ 0.  ,  0.25,  8.5 , 12.5 ],
   [ 4.25,  0.  ,  1.75, 81.75],
   [79.  ,  0.  ,  2.5 ,  0.75],
   [32.75, 11.75,  0.  , 14.25],
   [57.75,  6.75, 15.5 ,  0.  ],
   [ 5.25,  0.75,  0.  ,  0.  ],
   [ 0.  ,  0.  ,  0.  ,  0.  ],
   [ 0.  ,  0.  ,  0.  ,  0.  ],
   [ 0.  ,  0.  ,  0.  ,  0.  ],
   [ 0.  ,  0.  ,  0.  ,  0.  ]],

  [[ 0.  ,  0.  ,  0.  ,  0.  ],
   [ 0.  ,  0.  ,  0.  ,  0.  ],
   [ 0.  ,  0.  ,  0.  ,  0.  ],
   [ 0.  ,  0.  ,  0.  ,  0.  ],
   [ 0.  ,  7.  ,  0.  ,  8.75],
   [ 2.75, 38.  ,  0.  , 27.25],
   [34.25, 37.25,  0.75,  0.  ],
   [39.5 , 14.5 ,  5.5 ,  0.  ],
   [ 7.  ,  1.  ,  0.  ,  0.  ],
   [ 0.  ,  0.  ,  0.  ,  0.  ],
   [ 0.  ,  0.  ,  0.  ,  0.  ],
   [ 0.  ,  0.  ,  0.  ,  0.  ],
   [ 0.  ,  0.  ,  0.  ,  0.  ],
   [ 0.  ,  0.  ,  0.  ,  0.  ]],

  [[ 0.  ,  0.  ,  0.  ,  0.  ],
   [ 0.  ,  0.  ,  0.  ,  0.  ],
   [ 0.  ,  0.  ,  0.  ,  0.  ],
   [ 0.  ,  0.  ,  0.  ,  0.  ],
   [ 0.  ,  0.  ,  0.  ,  0.  ],
   [ 0.  ,  0.  ,  0.  ,  0.  ],
   [ 0.  ,  0.  ,  0.  ,  0.  ],
   [ 0.  ,  0.  ,  0.  ,  0.  ],
   [ 0.  ,  0.  ,  0.  ,  0.  ],
   [ 0.  ,  0.  ,  0.  ,  0.  ],
   [ 0.  ,  0.  ,  0.  ,  0.  ],
   [ 0.  ,  0.  ,  0.  ,  0.  ],
   [ 0.  ,  0.  ,  0.  ,  0.  ],
   [ 0.  ,  0.  ,  0.  ,  0.  ]]]]

🔹 Layer: conv2d_3
   📐 Output Shape: (1, 12, 12, 8)
   🔢 Output Values:
[[[[0.00000e+00, 0.00000e+00, 0.00000e+00, 0.00000e+00, 0.00000e+00, 0.00000e+00, 0.00000e+00, 0.00000e+00],
   [0.00000e+00, 0.00000e+00, 0.00000e+00, 0.00000e+00, 0.00000e+00, 0.00000e+00, 0.00000e+00, 0.00000e+00],
   [0.00000e+00, 0.00000e+00, 0.00000e+00, 0.00000e+00, 0.00000e+00, 0.00000e+00, 0.00000e+00, 0.00000e+00],
   [3.35000e+01, 2.55000e+01, 0.00000e+00, 4.35000e+01, 0.00000e+00, 2.25000e+01, 4.20000e+01, 0.00000e+00],
   [2.13500e+02, 5.50000e+00, 0.00000e+00, 0.00000e+00, 0.00000e+00, 2.15500e+02, 0.00000e+00, 0.00000e+00],
   [4.07000e+02, 0.00000e+00, 1.89000e+02, 0.00000e+00, 6.00000e+01, 2.37000e+02, 0.00000e+00, 0.00000e+00],
   [6.82500e+01, 0.00000e+00, 1.33000e+02, 1.95750e+02, 2.15000e+02, 0.00000e+00, 0.00000e+00, 0.00000e+00],
   [1.63750e+02, 1.34000e+02, 0.00000e+00, 2.10500e+02, 0.00000e+00, 0.00000e+00, 0.00000e+00, 2.85000e+01],
   [6.15000e+01, 5.12500e+01, 0.00000e+00, 5.12500e+01, 0.00000e+00, 0.00000e+00, 0.00000e+00, 4.10000e+01],
   [0.00000e+00, 0.00000e+00, 0.00000e+00, 0.00000e+00, 0.00000e+00, 0.00000e+00, 0.00000e+00, 0.00000e+00],
   [0.00000e+00, 0.00000e+00, 0.00000e+00, 0.00000e+00, 0.00000e+00, 0.00000e+00, 0.00000e+00, 0.00000e+00],
   [0.00000e+00, 0.00000e+00, 0.00000e+00, 0.00000e+00, 0.00000e+00, 0.00000e+00, 0.00000e+00, 0.00000e+00]],

  [[0.00000e+00, 0.00000e+00, 0.00000e+00, 0.00000e+00, 0.00000e+00, 0.00000e+00, 0.00000e+00, 0.00000e+00],
   [0.00000e+00, 0.00000e+00, 0.00000e+00, 0.00000e+00, 0.00000e+00, 0.00000e+00, 0.00000e+00, 0.00000e+00],
   [3.85000e+01, 3.07500e+01, 0.00000e+00, 5.62500e+01, 0.00000e+00, 1.57500e+01, 4.87500e+01, 0.00000e+00],
   [2.51500e+02, 1.80000e+01, 0.00000e+00, 0.00000e+00, 0.00000e+00, 4.17750e+02, 0.00000e+00, 0.00000e+00],
   [6.01750e+02, 7.95000e+01, 0.00000e+00, 0.00000e+00, 0.00000e+00, 5.00000e+02, 0.00000e+00, 0.00000e+00],
   [0.00000e+00, 9.40000e+01, 0.00000e+00, 0.00000e+00, 4.93500e+02, 4.55000e+01, 4.25000e+01, 0.00000e+00],
   [3.38750e+02, 0.00000e+00, 3.23000e+02, 0.00000e+00, 7.95500e+02, 0.00000e+00, 0.00000e+00, 0.00000e+00],
   [3.90250e+02, 4.50000e+01, 2.32250e+02, 6.73000e+02, 2.93250e+02, 0.00000e+00, 0.00000e+00, 0.00000e+00],
   [4.01250e+02, 2.85250e+02, 0.00000e+00, 3.67000e+02, 0.00000e+00, 0.00000e+00, 0.00000e+00, 1.64250e+02],
   [5.10000e+01, 4.25000e+01, 0.00000e+00, 4.25000e+01, 0.00000e+00, 0.00000e+00, 0.00000e+00, 3.40000e+01],
   [0.00000e+00, 0.00000e+00, 0.00000e+00, 0.00000e+00, 0.00000e+00, 0.00000e+00, 0.00000e+00, 0.00000e+00],
   [0.00000e+00, 0.00000e+00, 0.00000e+00, 0.00000e+00, 0.00000e+00, 0.00000e+00, 0.00000e+00, 0.00000e+00]],

  [[0.00000e+00, 0.00000e+00, 0.00000e+00, 0.00000e+00, 0.00000e+00, 0.00000e+00, 0.00000e+00, 0.00000e+00],
   [0.00000e+00, 0.00000e+00, 0.00000e+00, 0.00000e+00, 0.00000e+00, 0.00000e+00, 0.00000e+00, 0.00000e+00],
   [1.53250e+02, 4.30000e+01, 0.00000e+00, 0.00000e+00, 0.00000e+00, 2.68000e+02, 1.09750e+02, 0.00000e+00],
   [8.67000e+02, 3.05250e+02, 0.00000e+00, 0.00000e+00, 0.00000e+00, 8.38750e+02, 0.00000e+00, 0.00000e+00],
   [7.49000e+02, 2.69750e+02, 0.00000e+00, 0.00000e+00, 5.71250e+02, 9.02250e+02, 0.00000e+00, 0.00000e+00],
   [0.00000e+00, 0.00000e+00, 0.00000e+00, 0.00000e+00, 0.00000e+00, 0.00000e+00, 0.00000e+00, 1.99750e+02],
   [2.93500e+02, 0.00000e+00, 0.00000e+00, 9.75000e+01, 0.00000e+00, 0.00000e+00, 0.00000e+00, 1.50500e+02],
   [0.00000e+00, 0.00000e+00, 4.95000e+02, 3.16750e+02, 8.22750e+02, 0.00000e+00, 0.00000e+00, 0.00000e+00],
   [3.13000e+02, 1.02250e+02, 5.20000e+01, 6.61750e+02, 1.69750e+02, 0.00000e+00, 0.00000e+00, 0.00000e+00],
   [2.36000e+02, 1.79750e+02, 0.00000e+00, 2.08750e+02, 0.00000e+00, 0.00000e+00, 0.00000e+00, 1.36000e+02],
   [0.00000e+00, 0.00000e+00, 0.00000e+00, 0.00000e+00, 0.00000e+00, 0.00000e+00, 0.00000e+00, 0.00000e+00],
   [0.00000e+00, 0.00000e+00, 0.00000e+00, 0.00000e+00, 0.00000e+00, 0.00000e+00, 0.00000e+00, 0.00000e+00]],

  [[0.00000e+00, 0.00000e+00, 0.00000e+00, 0.00000e+00, 0.00000e+00, 0.00000e+00, 0.00000e+00, 0.00000e+00],
   [0.00000e+00, 0.00000e+00, 0.00000e+00, 0.00000e+00, 0.00000e+00, 0.00000e+00, 0.00000e+00, 0.00000e+00],
   [4.15500e+02, 1.66750e+02, 0.00000e+00, 0.00000e+00, 0.00000e+00, 6.89000e+02, 2.07500e+01, 0.00000e+00],
   [1.14625e+03, 4.57250e+02, 0.00000e+00, 0.00000e+00, 9.67500e+01, 1.19700e+03, 0.00000e+00, 0.00000e+00],
   [0.00000e+00, 0.00000e+00, 0.00000e+00, 0.00000e+00, 5.21250e+02, 1.20000e+01, 0.00000e+00, 9.32500e+01],
   [3.62500e+02, 0.00000e+00, 0.00000e+00, 3.64250e+02, 6.52500e+01, 0.00000e+00, 0.00000e+00, 1.02750e+02],
   [7.40250e+02, 3.25750e+02, 0.00000e+00, 0.00000e+00, 0.00000e+00, 0.00000e+00, 0.00000e+00, 0.00000e+00],
   [0.00000e+00, 0.00000e+00, 2.50000e+01, 5.32250e+02, 3.81500e+02, 0.00000e+00, 0.00000e+00, 0.00000e+00],
   [0.00000e+00, 0.00000e+00, 2.96750e+02, 5.87500e+02, 4.85500e+02, 0.00000e+00, 0.00000e+00, 0.00000e+00],
   [2.22750e+02, 1.35750e+02, 0.00000e+00, 2.73500e+02, 0.00000e+00, 0.00000e+00, 0.00000e+00, 1.25000e+00],
   [0.00000e+00, 0.00000e+00, 0.00000e+00, 0.00000e+00, 0.00000e+00, 0.00000e+00, 0.00000e+00, 0.00000e+00],
   [0.00000e+00, 0.00000e+00, 0.00000e+00, 0.00000e+00, 0.00000e+00, 0.00000e+00, 0.00000e+00, 0.00000e+00]],

  [[0.00000e+00, 0.00000e+00, 0.00000e+00, 0.00000e+00, 0.00000e+00, 0.00000e+00, 0.00000e+00, 0.00000e+00],
   [0.00000e+00, 0.00000e+00, 0.00000e+00, 0.00000e+00, 0.00000e+00, 0.00000e+00, 0.00000e+00, 0.00000e+00],
   [7.20750e+02, 1.82750e+02, 0.00000e+00, 0.00000e+00, 0.00000e+00, 9.72000e+02, 0.00000e+00, 0.00000e+00],
   [4.17250e+02, 4.59750e+02, 0.00000e+00, 0.00000e+00, 0.00000e+00, 1.06750e+03, 0.00000e+00, 0.00000e+00],
   [0.00000e+00, 0.00000e+00, 0.00000e+00, 0.00000e+00, 2.29500e+02, 0.00000e+00, 0.00000e+00, 1.95500e+02],
   [9.71500e+02, 0.00000e+00, 0.00000e+00, 1.30150e+03, 0.00000e+00, 0.00000e+00, 0.00000e+00, 0.00000e+00],
   [9.39250e+02, 8.21250e+02, 0.00000e+00, 0.00000e+00, 0.00000e+00, 1.60500e+02, 0.00000e+00, 0.00000e+00],
   [0.00000e+00, 0.00000e+00, 0.00000e+00, 1.61250e+02, 1.16500e+02, 0.00000e+00, 0.00000e+00, 0.00000e+00],
   [1.93500e+02, 0.00000e+00, 2.10750e+02, 1.03450e+03, 9.07500e+01, 0.00000e+00, 0.00000e+00, 1.63750e+02],
   [2.55000e+01, 8.65000e+01, 0.00000e+00, 2.56750e+02, 0.00000e+00, 0.00000e+00, 0.00000e+00, 0.00000e+00],
   [0.00000e+00, 0.00000e+00, 0.00000e+00, 0.00000e+00, 0.00000e+00, 0.00000e+00, 0.00000e+00, 0.00000e+00],
   [0.00000e+00, 0.00000e+00, 0.00000e+00, 0.00000e+00, 0.00000e+00, 0.00000e+00, 0.00000e+00, 0.00000e+00]],

  [[0.00000e+00, 0.00000e+00, 0.00000e+00, 0.00000e+00, 0.00000e+00, 0.00000e+00, 0.00000e+00, 0.00000e+00],
   [0.00000e+00, 0.00000e+00, 0.00000e+00, 0.00000e+00, 0.00000e+00, 0.00000e+00, 0.00000e+00, 0.00000e+00],
   [4.53750e+02, 9.52500e+01, 0.00000e+00, 0.00000e+00, 2.29000e+02, 5.09250e+02, 0.00000e+00, 1.70000e+01],
   [3.00250e+02, 2.78000e+02, 0.00000e+00, 0.00000e+00, 0.00000e+00, 1.20475e+03, 2.13250e+02, 4.15000e+01],
   [1.49500e+02, 0.00000e+00, 0.00000e+00, 0.00000e+00, 0.00000e+00, 0.00000e+00, 2.90000e+01, 1.13750e+02],
   [7.54750e+02, 0.00000e+00, 0.00000e+00, 1.95750e+02, 6.17500e+02, 0.00000e+00, 0.00000e+00, 0.00000e+00],
   [5.42500e+02, 5.12500e+02, 0.00000e+00, 0.00000e+00, 4.81000e+02, 1.05500e+02, 0.00000e+00, 0.00000e+00],
   [0.00000e+00, 0.00000e+00, 0.00000e+00, 7.67500e+02, 1.46250e+02, 0.00000e+00, 0.00000e+00, 5.18000e+02],
   [5.96750e+02, 0.00000e+00, 0.00000e+00, 1.11600e+03, 0.00000e+00, 0.00000e+00, 0.00000e+00, 6.47500e+01],
   [0.00000e+00, 1.37500e+01, 7.25000e+01, 1.10000e+02, 0.00000e+00, 0.00000e+00, 0.00000e+00, 0.00000e+00],
   [0.00000e+00, 0.00000e+00, 0.00000e+00, 0.00000e+00, 0.00000e+00, 0.00000e+00, 0.00000e+00, 0.00000e+00],
   [0.00000e+00, 0.00000e+00, 0.00000e+00, 0.00000e+00, 0.00000e+00, 0.00000e+00, 0.00000e+00, 0.00000e+00]],

  [[0.00000e+00, 0.00000e+00, 0.00000e+00, 0.00000e+00, 0.00000e+00, 0.00000e+00, 0.00000e+00, 0.00000e+00],
   [0.00000e+00, 0.00000e+00, 0.00000e+00, 0.00000e+00, 0.00000e+00, 0.00000e+00, 0.00000e+00, 0.00000e+00],
   [2.49250e+02, 0.00000e+00, 1.14750e+02, 2.71500e+02, 2.80000e+01, 3.36750e+02, 0.00000e+00, 0.00000e+00],
   [3.67000e+02, 7.95000e+01, 0.00000e+00, 0.00000e+00, 0.00000e+00, 7.20000e+02, 0.00000e+00, 1.15000e+02],
   [1.85500e+02, 4.04750e+02, 0.00000e+00, 0.00000e+00, 0.00000e+00, 5.77250e+02, 6.70000e+02, 0.00000e+00],
   [1.10500e+03, 0.00000e+00, 0.00000e+00, 2.90750e+02, 2.85500e+02, 0.00000e+00, 0.00000e+00, 0.00000e+00],
   [0.00000e+00, 0.00000e+00, 0.00000e+00, 0.00000e+00, 5.93500e+02, 0.00000e+00, 0.00000e+00, 0.00000e+00],
   [6.62000e+02, 0.00000e+00, 0.00000e+00, 1.53025e+03, 1.62750e+02, 0.00000e+00, 0.00000e+00, 1.60500e+02],
   [5.20000e+02, 8.45000e+01, 0.00000e+00, 8.00750e+02, 0.00000e+00, 0.00000e+00, 0.00000e+00, 0.00000e+00],
   [0.00000e+00, 5.75000e+01, 9.10000e+01, 8.65000e+01, 0.00000e+00, 0.00000e+00, 0.00000e+00, 0.00000e+00],
   [0.00000e+00, 0.00000e+00, 0.00000e+00, 0.00000e+00, 0.00000e+00, 0.00000e+00, 0.00000e+00, 0.00000e+00],
   [0.00000e+00, 0.00000e+00, 0.00000e+00, 0.00000e+00, 0.00000e+00, 0.00000e+00, 0.00000e+00, 0.00000e+00]],

  [[0.00000e+00, 0.00000e+00, 0.00000e+00, 0.00000e+00, 0.00000e+00, 0.00000e+00, 0.00000e+00, 0.00000e+00],
   [0.00000e+00, 0.00000e+00, 0.00000e+00, 0.00000e+00, 0.00000e+00, 0.00000e+00, 0.00000e+00, 0.00000e+00],
   [2.40000e+01, 0.00000e+00, 1.80000e+01, 3.30000e+01, 0.00000e+00, 3.55000e+01, 0.00000e+00, 0.00000e+00],
   [5.34750e+02, 0.00000e+00, 0.00000e+00, 3.80500e+02, 0.00000e+00, 7.68250e+02, 0.00000e+00, 0.00000e+00],
   [8.82750e+02, 1.39500e+02, 0.00000e+00, 0.00000e+00, 0.00000e+00, 1.28025e+03, 0.00000e+00, 0.00000e+00],
   [2.37250e+02, 1.02250e+02, 0.00000e+00, 0.00000e+00, 0.00000e+00, 2.45000e+01, 3.05000e+02, 0.00000e+00],
   [0.00000e+00, 0.00000e+00, 0.00000e+00, 0.00000e+00, 2.05250e+02, 0.00000e+00, 0.00000e+00, 3.28250e+02],
   [2.59250e+02, 0.00000e+00, 2.96500e+02, 1.49650e+03, 4.38250e+02, 0.00000e+00, 0.00000e+00, 0.00000e+00],
   [3.81000e+02, 3.87250e+02, 0.00000e+00, 6.99750e+02, 0.00000e+00, 0.00000e+00, 0.00000e+00, 0.00000e+00],
   [6.70000e+01, 6.22500e+01, 0.00000e+00, 8.12500e+01, 0.00000e+00, 0.00000e+00, 1.55000e+01, 3.60000e+01],
   [0.00000e+00, 0.00000e+00, 0.00000e+00, 0.00000e+00, 0.00000e+00, 0.00000e+00, 0.00000e+00, 0.00000e+00],
   [0.00000e+00, 0.00000e+00, 0.00000e+00, 0.00000e+00, 0.00000e+00, 0.00000e+00, 0.00000e+00, 0.00000e+00]],

  [[0.00000e+00, 0.00000e+00, 0.00000e+00, 0.00000e+00, 0.00000e+00, 0.00000e+00, 0.00000e+00, 0.00000e+00],
   [0.00000e+00, 0.00000e+00, 0.00000e+00, 0.00000e+00, 0.00000e+00, 0.00000e+00, 0.00000e+00, 0.00000e+00],
   [9.00000e+00, 7.50000e+00, 0.00000e+00, 1.45000e+01, 0.00000e+00, 1.50000e+00, 1.15000e+01, 0.00000e+00],
   [5.23000e+02, 1.16000e+02, 0.00000e+00, 0.00000e+00, 0.00000e+00, 9.02500e+02, 3.07500e+01, 0.00000e+00],
   [1.52575e+03, 1.89250e+02, 0.00000e+00, 0.00000e+00, 3.71250e+02, 1.22350e+03, 0.00000e+00, 0.00000e+00],
   [0.00000e+00, 0.00000e+00, 0.00000e+00, 0.00000e+00, 2.47500e+01, 3.29250e+02, 3.23750e+02, 0.00000e+00],
   [7.91000e+02, 0.00000e+00, 0.00000e+00, 3.22750e+02, 0.00000e+00, 0.00000e+00, 0.00000e+00, 9.65000e+01],
   [0.00000e+00, 0.00000e+00, 1.02500e+02, 1.03175e+03, 5.57750e+02, 0.00000e+00, 0.00000e+00, 1.27500e+01],
   [8.42500e+01, 1.37500e+02, 1.01250e+02, 5.97250e+02, 1.22000e+02, 0.00000e+00, 0.00000e+00, 0.00000e+00],
   [9.80000e+01, 6.42500e+01, 0.00000e+00, 1.59500e+02, 0.00000e+00, 0.00000e+00, 0.00000e+00, 2.62500e+01],
   [0.00000e+00, 0.00000e+00, 0.00000e+00, 0.00000e+00, 0.00000e+00, 0.00000e+00, 0.00000e+00, 0.00000e+00],
   [0.00000e+00, 0.00000e+00, 0.00000e+00, 0.00000e+00, 0.00000e+00, 0.00000e+00, 0.00000e+00, 0.00000e+00]],

  [[0.00000e+00, 0.00000e+00, 0.00000e+00, 0.00000e+00, 0.00000e+00, 0.00000e+00, 0.00000e+00, 0.00000e+00],
   [0.00000e+00, 0.00000e+00, 0.00000e+00, 0.00000e+00, 0.00000e+00, 0.00000e+00, 0.00000e+00, 0.00000e+00],
   [5.17500e+01, 2.00000e+01, 0.00000e+00, 2.30000e+01, 0.00000e+00, 7.22500e+01, 4.60000e+01, 0.00000e+00],
   [9.62500e+02, 3.31250e+02, 0.00000e+00, 0.00000e+00, 0.00000e+00, 1.31775e+03, 0.00000e+00, 0.00000e+00],
   [6.11000e+02, 3.56750e+02, 0.00000e+00, 0.00000e+00, 1.93250e+02, 8.11500e+02, 0.00000e+00, 0.00000e+00],
   [5.50000e+00, 0.00000e+00, 0.00000e+00, 0.00000e+00, 6.49500e+02, 0.00000e+00, 0.00000e+00, 2.51750e+02],
   [7.87750e+02, 5.67000e+02, 0.00000e+00, 0.00000e+00, 0.00000e+00, 0.00000e+00, 0.00000e+00, 0.00000e+00],
   [6.12500e+01, 0.00000e+00, 6.47500e+01, 9.30250e+02, 6.20000e+01, 0.00000e+00, 0.00000e+00, 3.67000e+02],
   [0.00000e+00, 4.82500e+01, 9.62500e+01, 6.94500e+02, 0.00000e+00, 0.00000e+00, 0.00000e+00, 0.00000e+00],
   [0.00000e+00, 0.00000e+00, 0.00000e+00, 5.35000e+01, 4.50000e+00, 0.00000e+00, 0.00000e+00, 0.00000e+00],
   [0.00000e+00, 0.00000e+00, 0.00000e+00, 0.00000e+00, 0.00000e+00, 0.00000e+00, 0.00000e+00, 0.00000e+00],
   [0.00000e+00, 0.00000e+00, 0.00000e+00, 0.00000e+00, 0.00000e+00, 0.00000e+00, 0.00000e+00, 0.00000e+00]],

  [[0.00000e+00, 0.00000e+00, 0.00000e+00, 0.00000e+00, 0.00000e+00, 0.00000e+00, 0.00000e+00, 0.00000e+00],
   [0.00000e+00, 0.00000e+00, 0.00000e+00, 0.00000e+00, 0.00000e+00, 0.00000e+00, 0.00000e+00, 0.00000e+00],
   [1.41000e+02, 1.72500e+01, 0.00000e+00, 0.00000e+00, 0.00000e+00, 2.26500e+02, 0.00000e+00, 0.00000e+00],
   [1.19675e+03, 2.74000e+02, 0.00000e+00, 0.00000e+00, 3.62500e+01, 1.48550e+03, 0.00000e+00, 0.00000e+00],
   [0.00000e+00, 2.34750e+02, 0.00000e+00, 0.00000e+00, 0.00000e+00, 5.29000e+02, 4.33500e+02, 2.98250e+02],
   [1.77250e+02, 0.00000e+00, 0.00000e+00, 6.14250e+02, 4.43500e+02, 0.00000e+00, 0.00000e+00, 4.15000e+01],
   [0.00000e+00, 0.00000e+00, 0.00000e+00, 1.42500e+02, 0.00000e+00, 0.00000e+00, 0.00000e+00, 0.00000e+00],
   [1.36500e+02, 0.00000e+00, 0.00000e+00, 8.82500e+02, 0.00000e+00, 0.00000e+00, 0.00000e+00, 1.84500e+02],
   [1.29250e+02, 0.00000e+00, 0.00000e+00, 4.69000e+02, 0.00000e+00, 0.00000e+00, 0.00000e+00, 0.00000e+00],
   [0.00000e+00, 3.17500e+01, 7.05000e+01, 8.90000e+01, 0.00000e+00, 0.00000e+00, 0.00000e+00, 0.00000e+00],
   [0.00000e+00, 0.00000e+00, 0.00000e+00, 0.00000e+00, 0.00000e+00, 0.00000e+00, 0.00000e+00, 0.00000e+00],
   [0.00000e+00, 0.00000e+00, 0.00000e+00, 0.00000e+00, 0.00000e+00, 0.00000e+00, 0.00000e+00, 0.00000e+00]],

  [[0.00000e+00, 0.00000e+00, 0.00000e+00, 0.00000e+00, 0.00000e+00, 0.00000e+00, 0.00000e+00, 0.00000e+00],
   [0.00000e+00, 0.00000e+00, 0.00000e+00, 0.00000e+00, 0.00000e+00, 0.00000e+00, 0.00000e+00, 0.00000e+00],
   [1.18500e+02, 7.70000e+01, 0.00000e+00, 0.00000e+00, 5.65000e+01, 1.33000e+02, 0.00000e+00, 4.40000e+01],
   [4.54500e+02, 4.17500e+01, 0.00000e+00, 7.37500e+01, 3.55750e+02, 5.30250e+02, 0.00000e+00, 2.30000e+01],
   [0.00000e+00, 9.82500e+01, 0.00000e+00, 0.00000e+00, 0.00000e+00, 2.00000e+01, 8.63750e+02, 4.05750e+02],
   [5.36750e+02, 0.00000e+00, 0.00000e+00, 1.27800e+03, 0.00000e+00, 0.00000e+00, 0.00000e+00, 2.98000e+02],
   [0.00000e+00, 6.95000e+01, 0.00000e+00, 2.10000e+02, 0.00000e+00, 0.00000e+00, 0.00000e+00, 0.00000e+00],
   [1.86750e+02, 0.00000e+00, 0.00000e+00, 5.47250e+02, 0.00000e+00, 0.00000e+00, 0.00000e+00, 0.00000e+00],
   [0.00000e+00, 6.57500e+01, 1.51250e+02, 2.00500e+02, 0.00000e+00, 0.00000e+00, 0.00000e+00, 0.00000e+00],
   [0.00000e+00, 1.87500e+01, 1.20000e+01, 6.75000e+00, 0.00000e+00, 0.00000e+00, 0.00000e+00, 0.00000e+00],
   [0.00000e+00, 0.00000e+00, 0.00000e+00, 0.00000e+00, 0.00000e+00, 0.00000e+00, 0.00000e+00, 0.00000e+00],
   [0.00000e+00, 0.00000e+00, 0.00000e+00, 0.00000e+00, 0.00000e+00, 0.00000e+00, 0.00000e+00, 0.00000e+00]]]]

🔹 Layer: average_pooling2d_3
   📐 Output Shape: (1, 6, 6, 8)
   🔢 Output Values:
[[[[  0.    ,   0.    ,   0.    ,   0.    ,   0.    ,   0.    ,   0.    ,   0.    ],
   [ 80.875 ,  18.5625,   0.    ,  24.9375,   0.    , 114.    ,  22.6875,   0.    ],
   [305.5625,  44.75  ,  47.25  ,   0.    , 138.375 , 249.5   ,  10.625 ,   0.    ],
   [240.25  ,  44.75  , 172.0625, 269.8125, 325.9375,   0.    ,   0.    ,   7.125 ],
   [128.4375,  94.75  ,   0.    , 115.1875,   0.    ,   0.    ,   0.    ,  59.8125],
   [  0.    ,   0.    ,   0.    ,   0.    ,   0.    ,   0.    ,   0.    ,   0.    ]],

  [[  0.    ,   0.    ,   0.    ,   0.    ,   0.    ,   0.    ,   0.    ,   0.    ],
   [645.5   , 243.0625,   0.    ,   0.    ,  24.1875, 748.1875,  32.625 ,   0.    ],
   [277.875 ,  67.4375,   0.    ,  91.0625, 289.4375, 228.5625,   0.    ,  98.9375],
   [258.4375,  81.4375, 130.    , 236.625 , 301.0625,   0.    ,   0.    ,  37.625 ],
   [192.9375, 104.4375,  87.1875, 432.875 , 163.8125,   0.    ,   0.    ,  34.3125],
   [  0.    ,   0.    ,   0.    ,   0.    ,   0.    ,   0.    ,   0.    ,   0.    ]],

  [[  0.    ,   0.    ,   0.    ,   0.    ,   0.    ,   0.    ,   0.    ,   0.    ],
   [473.    , 253.9375,   0.    ,   0.    ,  57.25  , 938.375 ,  53.3125,  14.625 ],
   [468.9375,   0.    ,   0.    , 374.3125, 211.75  ,   0.    ,   7.25  ,  77.3125],
   [370.4375, 333.4375,   0.    , 232.1875, 185.9375,  66.5   ,   0.    , 129.5   ],
   [203.9375,  25.0625,  70.8125, 629.3125,  22.6875,   0.    ,   0.    ,  57.125 ],
   [  0.    ,   0.    ,   0.    ,   0.    ,   0.    ,   0.    ,   0.    ,   0.    ]],

  [[  0.    ,   0.    ,   0.    ,   0.    ,   0.    ,   0.    ,   0.    ,   0.    ],
   [293.75  ,  19.875 ,  33.1875, 171.25  ,   7.    , 465.125 ,   0.    ,  28.75  ],
   [602.625 , 161.625 ,   0.    ,  72.6875,  71.375 , 470.5   , 243.75  ,   0.    ],
   [230.3125,   0.    ,  74.125 , 756.6875, 349.9375,   0.    ,   0.    , 122.1875],
   [242.    , 147.875 ,  22.75  , 417.0625,   0.    ,   0.    ,   3.875 ,   9.    ],
   [  0.    ,   0.    ,   0.    ,   0.    ,   0.    ,   0.    ,   0.    ,   0.    ]],

  [[  0.    ,   0.    ,   0.    ,   0.    ,   0.    ,   0.    ,   0.    ,   0.    ],
   [386.5625, 118.6875,   0.    ,   9.375 ,   0.    , 573.5   ,  22.0625,   0.    ],
   [535.5625, 136.5   ,   0.    ,   0.    , 309.6875, 591.0625,  80.9375,  62.9375],
   [410.    , 141.75  ,  41.8125, 571.1875, 154.9375,   0.    ,   0.    , 119.0625],
   [ 45.5625,  62.5   ,  49.375 , 376.1875,  31.625 ,   0.    ,   0.    ,   6.5625],
   [  0.    ,   0.    ,   0.    ,   0.    ,   0.    ,   0.    ,   0.    ,   0.    ]],

  [[  0.    ,   0.    ,   0.    ,   0.    ,   0.    ,   0.    ,   0.    ,   0.    ],
   [477.6875, 102.5   ,   0.    ,  18.4375, 112.125 , 593.8125,   0.    ,  16.75  ],
   [178.5   ,  83.25  ,   0.    , 473.0625, 110.875 , 137.25  , 324.3125, 260.875 ],
   [ 80.8125,  17.375 ,   0.    , 445.5625,   0.    ,   0.    ,   0.    ,  46.125 ],
   [ 32.3125,  29.0625,  58.4375, 191.3125,   0.    ,   0.    ,   0.    ,   0.    ],
   [  0.    ,   0.    ,   0.    ,   0.    ,   0.    ,   0.    ,   0.    ,   0.    ]]]]

🔹 Layer: flatten_1
   📐 Output Shape: (1, 288)
   🔢 Output Values:
[[  0.    ,   0.    ,   0.    ,   0.    ,   0.    ,   0.    ,   0.    ,   0.    ,  80.875 ,  18.5625,   0.    ,  24.9375,   0.    , 114.    ,  22.6875,   0.    , 305.5625,  44.75  ,  47.25  ,   0.    , 138.375 , 249.5   ,  10.625 ,   0.    , 240.25  ,  44.75  , 172.0625, 269.8125, 325.9375,   0.    ,   0.    ,   7.125 , 128.4375,  94.75  ,   0.    , 115.1875,   0.    ,   0.    ,   0.    ,  59.8125,   0.    ,   0.    ,   0.    ,   0.    ,   0.    ,   0.    ,   0.    ,   0.    ,   0.    ,   0.    ,   0.    ,   0.    ,   0.    ,   0.    ,   0.    ,   0.    , 645.5   , 243.0625,   0.    ,   0.    ,  24.1875, 748.1875,  32.625 ,   0.    , 277.875 ,  67.4375,   0.    ,  91.0625, 289.4375, 228.5625,   0.    ,  98.9375, 258.4375,  81.4375, 130.    , 236.625 , 301.0625,   0.    ,   0.    ,  37.625 , 192.9375, 104.4375,  87.1875, 432.875 , 163.8125,   0.    ,   0.    ,  34.3125,   0.    ,   0.    ,   0.    ,   0.    ,   0.    ,   0.    ,   0.    ,   0.    ,   0.    ,   0.    ,   0.    ,   0.    ,   0.    ,   0.    ,   0.    ,   0.    , 473.    , 253.9375,   0.    ,   0.    ,  57.25  , 938.375 ,  53.3125,  14.625 , 468.9375,   0.    ,   0.    , 374.3125, 211.75  ,   0.    ,   7.25  ,  77.3125, 370.4375, 333.4375,   0.    , 232.1875, 185.9375,  66.5   ,   0.    , 129.5   , 203.9375,  25.0625,  70.8125, 629.3125,  22.6875,   0.    ,   0.    ,  57.125 ,   0.    ,   0.    ,   0.    ,   0.    ,   0.    ,   0.    ,   0.    ,   0.    ,   0.    ,   0.    ,   0.    ,   0.    ,   0.    ,   0.    ,   0.    ,   0.    , 293.75  ,  19.875 ,  33.1875, 171.25  ,   7.    , 465.125 ,   0.    ,  28.75  , 602.625 , 161.625 ,   0.    ,  72.6875,  71.375 , 470.5   , 243.75  ,   0.    , 230.3125,   0.    ,  74.125 , 756.6875, 349.9375,   0.    ,   0.    , 122.1875, 242.    , 147.875 ,  22.75  , 417.0625,   0.    ,   0.    ,   3.875 ,   9.    ,   0.    ,   0.    ,   0.    ,   0.    ,   0.    ,   0.    ,   0.    ,   0.    ,   0.    ,   0.    ,   0.    ,   0.    ,   0.    ,   0.    ,   0.    ,   0.    , 386.5625, 118.6875,   0.    ,   9.375 ,   0.    , 573.5   ,  22.0625,   0.    , 535.5625, 136.5   ,   0.    ,   0.    , 309.6875, 591.0625,  80.9375,  62.9375, 410.    , 141.75  ,  41.8125, 571.1875, 154.9375,   0.    ,   0.    , 119.0625,  45.5625,  62.5   ,  49.375 , 376.1875,  31.625 ,   0.    ,   0.    ,   6.5625,   0.    ,   0.    ,   0.    ,   0.    ,   0.    ,   0.    ,   0.    ,   0.    ,   0.    ,   0.    ,   0.    ,   0.    ,   0.    ,   0.    ,   0.    ,   0.    , 477.6875, 102.5   ,   0.    ,  18.4375, 112.125 , 593.8125,   0.    ,  16.75  , 178.5   ,  83.25  ,   0.    , 473.0625, 110.875 , 137.25  , 324.3125, 260.875 ,  80.8125,  17.375 ,   0.    , 445.5625,   0.    ,   0.    ,   0.    ,  46.125 ,  32.3125,  29.0625,  58.4375, 191.3125,   0.    ,   0.    ,   0.    ,   0.    ,   0.    ,   0.    ,   0.    ,   0.    ,   0.    ,   0.    ,   0.    ,   0.    ]]

🔹 Layer: lambda_1
   📐 Output Shape: (1, 288)
   🔢 Output Values:
[[0., 0., 0., 0., 0., 0., 0., 0., 1., 0., 0., 0., 0., 1., 0., 0., 2., 0., 0., 0., 1., 2., 0., 0., 2., 0., 1., 2., 2., 0., 0., 0., 1., 1., 0., 1., 0., 0., 0., 0., 0., 0., 0., 0., 0., 0., 0., 0., 0., 0., 0., 0., 0., 0., 0., 0., 5., 2., 0., 0., 0., 6., 0., 0., 2., 1., 0., 1., 2., 2., 0., 1., 2., 1., 1., 2., 2., 0., 0., 0., 1., 1., 1., 3., 1., 0., 0., 0., 0., 0., 0., 0., 0., 0., 0., 0., 0., 0., 0., 0., 0., 0., 0., 0., 4., 2., 0., 0., 0., 7., 0., 0., 3., 0., 0., 3., 2., 0., 0., 1., 3., 2., 0., 2., 1., 0., 0., 1., 2., 0., 1., 5., 0., 0., 0., 0., 0., 0., 0., 0., 0., 0., 0., 0., 0., 0., 0., 0., 0., 0., 0., 0., 2., 0., 0., 1., 0., 3., 0., 0., 4., 1., 0., 1., 1., 4., 2., 0., 2., 0., 1., 6., 3., 0., 0., 1., 2., 1., 0., 3., 0., 0., 0., 0., 0., 0., 0., 0., 0., 0., 0., 0., 0., 0., 0., 0., 0., 0., 0., 0., 3., 1., 0., 0., 0., 4., 0., 0., 4., 1., 0., 0., 2., 4., 1., 0., 3., 1., 0., 4., 1., 0., 0., 1., 0., 0., 0., 3., 0., 0., 0., 0., 0., 0., 0., 0., 0., 0., 0., 0., 0., 0., 0., 0., 0., 0., 0., 0., 4., 1., 0., 0., 1., 4., 0., 0., 1., 1., 0., 4., 1., 1., 2., 2., 1., 0., 0., 3., 0., 0., 0., 0., 0., 0., 0., 1., 0., 0., 0., 0., 0., 0., 0., 0., 0., 0., 0., 0.]]

🔹 Layer: dense_3
   📐 Output Shape: (1, 120)
   🔢 Output Values:
[[26., 74., 18., 42.,  0., 35.,  0., 33., 63.,  0.,  0., 13., 46.,  0.,  0.,  0., 26.,  0., 53.,  0., 13.,  0.,  0., 62.,  0.,  0.,  0.,  6.,  0., 24.,  0., 62., 27., 40., 13.,  0.,  0.,  0.,  0., 25.,  0.,  7.,  0., 18.,  0.,  0.,  0., 21.,  0.,  0.,  7.,  0.,  0.,  0.,  0.,  0.,  0.,  0.,  0., 51.,  0.,  0.,  8.,  0.,  0.,  4.,  0., 18.,  0.,  0.,  1., 24.,  8.,  0.,  0.,  0., 48.,  0., 52., 54., 21., 46.,  0.,  0., 17.,  0., 39.,  0.,  0.,  0.,  0., 24.,  0., 21.,  0.,  0.,  0., 27., 11.,  3., 21.,  0.,  0., 24., 37.,  6.,  0.,  0., 63., 17., 46.,  0., 28., 14., 15.,  0.,  9.,  0.,  0.,  0.]]

🔹 Layer: dense_4
   📐 Output Shape: (1, 84)
   🔢 Output Values:
[[   0.,    0.,    0.,  268.,    0.,    0.,   62.,    0.,    0.,    0.,   75.,    0.,  495.,  688.,    0.,  944., 1436.,    0.,  503.,  815., 1527.,    0.,    0.,  405.,  262.,  456.,  298.,    0.,    0., 1804.,    0.,    0.,  774.,    0.,  781.,  229.,    0.,    0.,    0., 1471.,    0., 1247.,    0.,    0.,  896.,  177., 1624.,  274.,    0.,   57.,  358.,    0.,    0.,    0., 1647.,  496.,    0.,    0.,  254.,    0.,  154., 1240.,    0.,    0.,    0., 2302.,   40., 1367.,    0.,   19.,  555.,    0.,    0.,    0.,    0.,    0.,    0.,    0.,  898.,    0.,    0.,    0.,    0., 1022.]]

🔹 Layer: dense_5
   📐 Output Shape: (1, 10)
   🔢 Output Values:
[[0., 0., 0., 0., 0., 0., 0., 0., 0., 1.]]

🎯 Prediction for Image 1008:
   ✅ Predicted Label: 9
   🎯 True Label: 8
   ❌ Result: Incorrect Prediction
