=============================
  🔍 Inference for Image 10000  
=============================

🔹 Layer: input_2
   📐 Output Shape: (1, 28, 28, 1)
   🔢 Output Values:
[[[[0.],
   [0.],
   [0.],
   [0.],
   [0.],
   [0.],
   [0.],
   [0.],
   [0.],
   [0.],
   [0.],
   [0.],
   [0.],
   [0.],
   [0.],
   [0.],
   [0.],
   [0.],
   [0.],
   [0.],
   [0.],
   [0.],
   [0.],
   [0.],
   [0.],
   [0.],
   [0.],
   [0.]],

  [[0.],
   [0.],
   [0.],
   [0.],
   [0.],
   [0.],
   [0.],
   [0.],
   [0.],
   [0.],
   [0.],
   [0.],
   [0.],
   [0.],
   [0.],
   [0.],
   [0.],
   [0.],
   [0.],
   [0.],
   [0.],
   [0.],
   [0.],
   [0.],
   [0.],
   [0.],
   [0.],
   [0.]],

  [[0.],
   [0.],
   [0.],
   [0.],
   [0.],
   [0.],
   [0.],
   [0.],
   [0.],
   [0.],
   [0.],
   [0.],
   [0.],
   [0.],
   [0.],
   [0.],
   [0.],
   [0.],
   [3.],
   [6.],
   [6.],
   [2.],
   [0.],
   [0.],
   [0.],
   [0.],
   [0.],
   [0.]],

  [[0.],
   [0.],
   [0.],
   [0.],
   [0.],
   [0.],
   [0.],
   [0.],
   [0.],
   [0.],
   [0.],
   [0.],
   [0.],
   [0.],
   [0.],
   [0.],
   [2.],
   [5.],
   [6.],
   [6.],
   [6.],
   [4.],
   [0.],
   [0.],
   [0.],
   [0.],
   [0.],
   [0.]],

  [[0.],
   [0.],
   [0.],
   [0.],
   [0.],
   [0.],
   [0.],
   [0.],
   [0.],
   [0.],
   [0.],
   [0.],
   [0.],
   [0.],
   [2.],
   [5.],
   [6.],
   [6.],
   [6.],
   [6.],
   [3.],
   [0.],
   [0.],
   [0.],
   [0.],
   [0.],
   [0.],
   [0.]],

  [[0.],
   [0.],
   [0.],
   [0.],
   [0.],
   [0.],
   [0.],
   [0.],
   [0.],
   [0.],
   [0.],
   [1.],
   [2.],
   [5.],
   [6.],
   [6.],
   [6.],
   [6.],
   [5.],
   [1.],
   [0.],
   [0.],
   [0.],
   [0.],
   [0.],
   [0.],
   [0.],
   [0.]],

  [[0.],
   [0.],
   [0.],
   [0.],
   [0.],
   [0.],
   [0.],
   [0.],
   [0.],
   [1.],
   [4.],
   [6.],
   [6.],
   [6.],
   [6.],
   [6.],
   [6.],
   [5.],
   [0.],
   [0.],
   [0.],
   [0.],
   [0.],
   [0.],
   [0.],
   [0.],
   [0.],
   [0.]],

  [[0.],
   [0.],
   [0.],
   [0.],
   [0.],
   [0.],
   [0.],
   [0.],
   [0.],
   [0.],
   [1.],
   [1.],
   [4.],
   [6.],
   [6.],
   [6.],
   [5.],
   [0.],
   [0.],
   [0.],
   [0.],
   [0.],
   [0.],
   [0.],
   [0.],
   [0.],
   [0.],
   [0.]],

  [[0.],
   [0.],
   [0.],
   [0.],
   [0.],
   [0.],
   [0.],
   [0.],
   [0.],
   [0.],
   [0.],
   [1.],
   [6.],
   [6.],
   [6.],
   [6.],
   [0.],
   [0.],
   [0.],
   [0.],
   [0.],
   [0.],
   [0.],
   [0.],
   [0.],
   [0.],
   [0.],
   [0.]],

  [[0.],
   [0.],
   [0.],
   [0.],
   [0.],
   [0.],
   [0.],
   [0.],
   [0.],
   [0.],
   [2.],
   [5.],
   [6.],
   [6.],
   [5.],
   [2.],
   [0.],
   [0.],
   [0.],
   [0.],
   [0.],
   [0.],
   [0.],
   [0.],
   [0.],
   [0.],
   [0.],
   [0.]],

  [[0.],
   [0.],
   [0.],
   [0.],
   [0.],
   [0.],
   [0.],
   [0.],
   [0.],
   [2.],
   [6.],
   [6.],
   [6.],
   [6.],
   [3.],
   [0.],
   [0.],
   [0.],
   [0.],
   [0.],
   [0.],
   [0.],
   [0.],
   [0.],
   [0.],
   [0.],
   [0.],
   [0.]],

  [[0.],
   [0.],
   [0.],
   [0.],
   [0.],
   [0.],
   [0.],
   [0.],
   [2.],
   [6.],
   [6.],
   [6.],
   [6.],
   [0.],
   [0.],
   [0.],
   [0.],
   [0.],
   [0.],
   [0.],
   [0.],
   [0.],
   [0.],
   [0.],
   [0.],
   [0.],
   [0.],
   [0.]],

  [[0.],
   [0.],
   [0.],
   [0.],
   [0.],
   [0.],
   [0.],
   [2.],
   [6.],
   [6.],
   [6.],
   [6.],
   [2.],
   [0.],
   [0.],
   [0.],
   [0.],
   [0.],
   [0.],
   [0.],
   [0.],
   [0.],
   [0.],
   [0.],
   [0.],
   [0.],
   [0.],
   [0.]],

  [[0.],
   [0.],
   [0.],
   [0.],
   [0.],
   [0.],
   [0.],
   [2.],
   [6.],
   [6.],
   [6.],
   [5.],
   [0.],
   [0.],
   [0.],
   [0.],
   [0.],
   [0.],
   [4.],
   [6.],
   [6.],
   [6.],
   [5.],
   [0.],
   [0.],
   [0.],
   [0.],
   [0.]],

  [[0.],
   [0.],
   [0.],
   [0.],
   [0.],
   [0.],
   [0.],
   [5.],
   [6.],
   [6.],
   [3.],
   [1.],
   [0.],
   [0.],
   [0.],
   [1.],
   [4.],
   [4.],
   [6.],
   [6.],
   [6.],
   [6.],
   [6.],
   [4.],
   [0.],
   [0.],
   [0.],
   [0.]],

  [[0.],
   [0.],
   [0.],
   [0.],
   [0.],
   [0.],
   [4.],
   [6.],
   [6.],
   [6.],
   [1.],
   [0.],
   [1.],
   [4.],
   [5.],
   [6.],
   [6.],
   [6.],
   [6.],
   [6.],
   [6.],
   [6.],
   [6.],
   [6.],
   [0.],
   [0.],
   [0.],
   [0.]],

  [[0.],
   [0.],
   [0.],
   [0.],
   [0.],
   [0.],
   [6.],
   [6.],
   [6.],
   [5.],
   [0.],
   [4.],
   [6.],
   [6.],
   [6.],
   [6.],
   [6.],
   [5.],
   [6.],
   [5.],
   [5.],
   [6.],
   [6.],
   [4.],
   [0.],
   [0.],
   [0.],
   [0.]],

  [[0.],
   [0.],
   [0.],
   [0.],
   [0.],
   [0.],
   [6.],
   [6.],
   [6.],
   [6.],
   [2.],
   [6.],
   [6.],
   [6.],
   [5.],
   [1.],
   [1.],
   [0.],
   [1.],
   [0.],
   [4.],
   [6.],
   [6.],
   [1.],
   [0.],
   [0.],
   [0.],
   [0.]],

  [[0.],
   [0.],
   [0.],
   [0.],
   [0.],
   [0.],
   [6.],
   [6.],
   [6.],
   [6.],
   [6.],
   [6.],
   [6.],
   [6.],
   [2.],
   [2.],
   [2.],
   [2.],
   [2.],
   [5.],
   [6.],
   [6.],
   [3.],
   [0.],
   [0.],
   [0.],
   [0.],
   [0.]],

  [[0.],
   [0.],
   [0.],
   [0.],
   [0.],
   [0.],
   [3.],
   [6.],
   [6.],
   [6.],
   [6.],
   [6.],
   [6.],
   [6.],
   [6.],
   [6.],
   [6.],
   [6.],
   [6.],
   [6.],
   [6.],
   [3.],
   [0.],
   [0.],
   [0.],
   [0.],
   [0.],
   [0.]],

  [[0.],
   [0.],
   [0.],
   [0.],
   [0.],
   [0.],
   [0.],
   [4.],
   [6.],
   [6.],
   [6.],
   [6.],
   [6.],
   [6.],
   [6.],
   [6.],
   [6.],
   [6.],
   [6.],
   [4.],
   [1.],
   [0.],
   [0.],
   [0.],
   [0.],
   [0.],
   [0.],
   [0.]],

  [[0.],
   [0.],
   [0.],
   [0.],
   [0.],
   [0.],
   [0.],
   [0.],
   [0.],
   [3.],
   [6.],
   [6.],
   [6.],
   [6.],
   [5.],
   [3.],
   [3.],
   [3.],
   [3.],
   [0.],
   [0.],
   [0.],
   [0.],
   [0.],
   [0.],
   [0.],
   [0.],
   [0.]],

  [[0.],
   [0.],
   [0.],
   [0.],
   [0.],
   [0.],
   [0.],
   [0.],
   [0.],
   [0.],
   [0.],
   [0.],
   [0.],
   [0.],
   [0.],
   [0.],
   [0.],
   [0.],
   [0.],
   [0.],
   [0.],
   [0.],
   [0.],
   [0.],
   [0.],
   [0.],
   [0.],
   [0.]],

  [[0.],
   [0.],
   [0.],
   [0.],
   [0.],
   [0.],
   [0.],
   [0.],
   [0.],
   [0.],
   [0.],
   [0.],
   [0.],
   [0.],
   [0.],
   [0.],
   [0.],
   [0.],
   [0.],
   [0.],
   [0.],
   [0.],
   [0.],
   [0.],
   [0.],
   [0.],
   [0.],
   [0.]],

  [[0.],
   [0.],
   [0.],
   [0.],
   [0.],
   [0.],
   [0.],
   [0.],
   [0.],
   [0.],
   [0.],
   [0.],
   [0.],
   [0.],
   [0.],
   [0.],
   [0.],
   [0.],
   [0.],
   [0.],
   [0.],
   [0.],
   [0.],
   [0.],
   [0.],
   [0.],
   [0.],
   [0.]],

  [[0.],
   [0.],
   [0.],
   [0.],
   [0.],
   [0.],
   [0.],
   [0.],
   [0.],
   [0.],
   [0.],
   [0.],
   [0.],
   [0.],
   [0.],
   [0.],
   [0.],
   [0.],
   [0.],
   [0.],
   [0.],
   [0.],
   [0.],
   [0.],
   [0.],
   [0.],
   [0.],
   [0.]],

  [[0.],
   [0.],
   [0.],
   [0.],
   [0.],
   [0.],
   [0.],
   [0.],
   [0.],
   [0.],
   [0.],
   [0.],
   [0.],
   [0.],
   [0.],
   [0.],
   [0.],
   [0.],
   [0.],
   [0.],
   [0.],
   [0.],
   [0.],
   [0.],
   [0.],
   [0.],
   [0.],
   [0.]],

  [[0.],
   [0.],
   [0.],
   [0.],
   [0.],
   [0.],
   [0.],
   [0.],
   [0.],
   [0.],
   [0.],
   [0.],
   [0.],
   [0.],
   [0.],
   [0.],
   [0.],
   [0.],
   [0.],
   [0.],
   [0.],
   [0.],
   [0.],
   [0.],
   [0.],
   [0.],
   [0.],
   [0.]]]]

🔹 Layer: zero_padding2d_1
   📐 Output Shape: (1, 30, 30, 1)
   🔢 Output Values:
[[[[0.],
   [0.],
   [0.],
   [0.],
   [0.],
   [0.],
   [0.],
   [0.],
   [0.],
   [0.],
   [0.],
   [0.],
   [0.],
   [0.],
   [0.],
   [0.],
   [0.],
   [0.],
   [0.],
   [0.],
   [0.],
   [0.],
   [0.],
   [0.],
   [0.],
   [0.],
   [0.],
   [0.],
   [0.],
   [0.]],

  [[0.],
   [0.],
   [0.],
   [0.],
   [0.],
   [0.],
   [0.],
   [0.],
   [0.],
   [0.],
   [0.],
   [0.],
   [0.],
   [0.],
   [0.],
   [0.],
   [0.],
   [0.],
   [0.],
   [0.],
   [0.],
   [0.],
   [0.],
   [0.],
   [0.],
   [0.],
   [0.],
   [0.],
   [0.],
   [0.]],

  [[0.],
   [0.],
   [0.],
   [0.],
   [0.],
   [0.],
   [0.],
   [0.],
   [0.],
   [0.],
   [0.],
   [0.],
   [0.],
   [0.],
   [0.],
   [0.],
   [0.],
   [0.],
   [0.],
   [0.],
   [0.],
   [0.],
   [0.],
   [0.],
   [0.],
   [0.],
   [0.],
   [0.],
   [0.],
   [0.]],

  [[0.],
   [0.],
   [0.],
   [0.],
   [0.],
   [0.],
   [0.],
   [0.],
   [0.],
   [0.],
   [0.],
   [0.],
   [0.],
   [0.],
   [0.],
   [0.],
   [0.],
   [0.],
   [0.],
   [3.],
   [6.],
   [6.],
   [2.],
   [0.],
   [0.],
   [0.],
   [0.],
   [0.],
   [0.],
   [0.]],

  [[0.],
   [0.],
   [0.],
   [0.],
   [0.],
   [0.],
   [0.],
   [0.],
   [0.],
   [0.],
   [0.],
   [0.],
   [0.],
   [0.],
   [0.],
   [0.],
   [0.],
   [2.],
   [5.],
   [6.],
   [6.],
   [6.],
   [4.],
   [0.],
   [0.],
   [0.],
   [0.],
   [0.],
   [0.],
   [0.]],

  [[0.],
   [0.],
   [0.],
   [0.],
   [0.],
   [0.],
   [0.],
   [0.],
   [0.],
   [0.],
   [0.],
   [0.],
   [0.],
   [0.],
   [0.],
   [2.],
   [5.],
   [6.],
   [6.],
   [6.],
   [6.],
   [3.],
   [0.],
   [0.],
   [0.],
   [0.],
   [0.],
   [0.],
   [0.],
   [0.]],

  [[0.],
   [0.],
   [0.],
   [0.],
   [0.],
   [0.],
   [0.],
   [0.],
   [0.],
   [0.],
   [0.],
   [0.],
   [1.],
   [2.],
   [5.],
   [6.],
   [6.],
   [6.],
   [6.],
   [5.],
   [1.],
   [0.],
   [0.],
   [0.],
   [0.],
   [0.],
   [0.],
   [0.],
   [0.],
   [0.]],

  [[0.],
   [0.],
   [0.],
   [0.],
   [0.],
   [0.],
   [0.],
   [0.],
   [0.],
   [0.],
   [1.],
   [4.],
   [6.],
   [6.],
   [6.],
   [6.],
   [6.],
   [6.],
   [5.],
   [0.],
   [0.],
   [0.],
   [0.],
   [0.],
   [0.],
   [0.],
   [0.],
   [0.],
   [0.],
   [0.]],

  [[0.],
   [0.],
   [0.],
   [0.],
   [0.],
   [0.],
   [0.],
   [0.],
   [0.],
   [0.],
   [0.],
   [1.],
   [1.],
   [4.],
   [6.],
   [6.],
   [6.],
   [5.],
   [0.],
   [0.],
   [0.],
   [0.],
   [0.],
   [0.],
   [0.],
   [0.],
   [0.],
   [0.],
   [0.],
   [0.]],

  [[0.],
   [0.],
   [0.],
   [0.],
   [0.],
   [0.],
   [0.],
   [0.],
   [0.],
   [0.],
   [0.],
   [0.],
   [1.],
   [6.],
   [6.],
   [6.],
   [6.],
   [0.],
   [0.],
   [0.],
   [0.],
   [0.],
   [0.],
   [0.],
   [0.],
   [0.],
   [0.],
   [0.],
   [0.],
   [0.]],

  [[0.],
   [0.],
   [0.],
   [0.],
   [0.],
   [0.],
   [0.],
   [0.],
   [0.],
   [0.],
   [0.],
   [2.],
   [5.],
   [6.],
   [6.],
   [5.],
   [2.],
   [0.],
   [0.],
   [0.],
   [0.],
   [0.],
   [0.],
   [0.],
   [0.],
   [0.],
   [0.],
   [0.],
   [0.],
   [0.]],

  [[0.],
   [0.],
   [0.],
   [0.],
   [0.],
   [0.],
   [0.],
   [0.],
   [0.],
   [0.],
   [2.],
   [6.],
   [6.],
   [6.],
   [6.],
   [3.],
   [0.],
   [0.],
   [0.],
   [0.],
   [0.],
   [0.],
   [0.],
   [0.],
   [0.],
   [0.],
   [0.],
   [0.],
   [0.],
   [0.]],

  [[0.],
   [0.],
   [0.],
   [0.],
   [0.],
   [0.],
   [0.],
   [0.],
   [0.],
   [2.],
   [6.],
   [6.],
   [6.],
   [6.],
   [0.],
   [0.],
   [0.],
   [0.],
   [0.],
   [0.],
   [0.],
   [0.],
   [0.],
   [0.],
   [0.],
   [0.],
   [0.],
   [0.],
   [0.],
   [0.]],

  [[0.],
   [0.],
   [0.],
   [0.],
   [0.],
   [0.],
   [0.],
   [0.],
   [2.],
   [6.],
   [6.],
   [6.],
   [6.],
   [2.],
   [0.],
   [0.],
   [0.],
   [0.],
   [0.],
   [0.],
   [0.],
   [0.],
   [0.],
   [0.],
   [0.],
   [0.],
   [0.],
   [0.],
   [0.],
   [0.]],

  [[0.],
   [0.],
   [0.],
   [0.],
   [0.],
   [0.],
   [0.],
   [0.],
   [2.],
   [6.],
   [6.],
   [6.],
   [5.],
   [0.],
   [0.],
   [0.],
   [0.],
   [0.],
   [0.],
   [4.],
   [6.],
   [6.],
   [6.],
   [5.],
   [0.],
   [0.],
   [0.],
   [0.],
   [0.],
   [0.]],

  [[0.],
   [0.],
   [0.],
   [0.],
   [0.],
   [0.],
   [0.],
   [0.],
   [5.],
   [6.],
   [6.],
   [3.],
   [1.],
   [0.],
   [0.],
   [0.],
   [1.],
   [4.],
   [4.],
   [6.],
   [6.],
   [6.],
   [6.],
   [6.],
   [4.],
   [0.],
   [0.],
   [0.],
   [0.],
   [0.]],

  [[0.],
   [0.],
   [0.],
   [0.],
   [0.],
   [0.],
   [0.],
   [4.],
   [6.],
   [6.],
   [6.],
   [1.],
   [0.],
   [1.],
   [4.],
   [5.],
   [6.],
   [6.],
   [6.],
   [6.],
   [6.],
   [6.],
   [6.],
   [6.],
   [6.],
   [0.],
   [0.],
   [0.],
   [0.],
   [0.]],

  [[0.],
   [0.],
   [0.],
   [0.],
   [0.],
   [0.],
   [0.],
   [6.],
   [6.],
   [6.],
   [5.],
   [0.],
   [4.],
   [6.],
   [6.],
   [6.],
   [6.],
   [6.],
   [5.],
   [6.],
   [5.],
   [5.],
   [6.],
   [6.],
   [4.],
   [0.],
   [0.],
   [0.],
   [0.],
   [0.]],

  [[0.],
   [0.],
   [0.],
   [0.],
   [0.],
   [0.],
   [0.],
   [6.],
   [6.],
   [6.],
   [6.],
   [2.],
   [6.],
   [6.],
   [6.],
   [5.],
   [1.],
   [1.],
   [0.],
   [1.],
   [0.],
   [4.],
   [6.],
   [6.],
   [1.],
   [0.],
   [0.],
   [0.],
   [0.],
   [0.]],

  [[0.],
   [0.],
   [0.],
   [0.],
   [0.],
   [0.],
   [0.],
   [6.],
   [6.],
   [6.],
   [6.],
   [6.],
   [6.],
   [6.],
   [6.],
   [2.],
   [2.],
   [2.],
   [2.],
   [2.],
   [5.],
   [6.],
   [6.],
   [3.],
   [0.],
   [0.],
   [0.],
   [0.],
   [0.],
   [0.]],

  [[0.],
   [0.],
   [0.],
   [0.],
   [0.],
   [0.],
   [0.],
   [3.],
   [6.],
   [6.],
   [6.],
   [6.],
   [6.],
   [6.],
   [6.],
   [6.],
   [6.],
   [6.],
   [6.],
   [6.],
   [6.],
   [6.],
   [3.],
   [0.],
   [0.],
   [0.],
   [0.],
   [0.],
   [0.],
   [0.]],

  [[0.],
   [0.],
   [0.],
   [0.],
   [0.],
   [0.],
   [0.],
   [0.],
   [4.],
   [6.],
   [6.],
   [6.],
   [6.],
   [6.],
   [6.],
   [6.],
   [6.],
   [6.],
   [6.],
   [6.],
   [4.],
   [1.],
   [0.],
   [0.],
   [0.],
   [0.],
   [0.],
   [0.],
   [0.],
   [0.]],

  [[0.],
   [0.],
   [0.],
   [0.],
   [0.],
   [0.],
   [0.],
   [0.],
   [0.],
   [0.],
   [3.],
   [6.],
   [6.],
   [6.],
   [6.],
   [5.],
   [3.],
   [3.],
   [3.],
   [3.],
   [0.],
   [0.],
   [0.],
   [0.],
   [0.],
   [0.],
   [0.],
   [0.],
   [0.],
   [0.]],

  [[0.],
   [0.],
   [0.],
   [0.],
   [0.],
   [0.],
   [0.],
   [0.],
   [0.],
   [0.],
   [0.],
   [0.],
   [0.],
   [0.],
   [0.],
   [0.],
   [0.],
   [0.],
   [0.],
   [0.],
   [0.],
   [0.],
   [0.],
   [0.],
   [0.],
   [0.],
   [0.],
   [0.],
   [0.],
   [0.]],

  [[0.],
   [0.],
   [0.],
   [0.],
   [0.],
   [0.],
   [0.],
   [0.],
   [0.],
   [0.],
   [0.],
   [0.],
   [0.],
   [0.],
   [0.],
   [0.],
   [0.],
   [0.],
   [0.],
   [0.],
   [0.],
   [0.],
   [0.],
   [0.],
   [0.],
   [0.],
   [0.],
   [0.],
   [0.],
   [0.]],

  [[0.],
   [0.],
   [0.],
   [0.],
   [0.],
   [0.],
   [0.],
   [0.],
   [0.],
   [0.],
   [0.],
   [0.],
   [0.],
   [0.],
   [0.],
   [0.],
   [0.],
   [0.],
   [0.],
   [0.],
   [0.],
   [0.],
   [0.],
   [0.],
   [0.],
   [0.],
   [0.],
   [0.],
   [0.],
   [0.]],

  [[0.],
   [0.],
   [0.],
   [0.],
   [0.],
   [0.],
   [0.],
   [0.],
   [0.],
   [0.],
   [0.],
   [0.],
   [0.],
   [0.],
   [0.],
   [0.],
   [0.],
   [0.],
   [0.],
   [0.],
   [0.],
   [0.],
   [0.],
   [0.],
   [0.],
   [0.],
   [0.],
   [0.],
   [0.],
   [0.]],

  [[0.],
   [0.],
   [0.],
   [0.],
   [0.],
   [0.],
   [0.],
   [0.],
   [0.],
   [0.],
   [0.],
   [0.],
   [0.],
   [0.],
   [0.],
   [0.],
   [0.],
   [0.],
   [0.],
   [0.],
   [0.],
   [0.],
   [0.],
   [0.],
   [0.],
   [0.],
   [0.],
   [0.],
   [0.],
   [0.]],

  [[0.],
   [0.],
   [0.],
   [0.],
   [0.],
   [0.],
   [0.],
   [0.],
   [0.],
   [0.],
   [0.],
   [0.],
   [0.],
   [0.],
   [0.],
   [0.],
   [0.],
   [0.],
   [0.],
   [0.],
   [0.],
   [0.],
   [0.],
   [0.],
   [0.],
   [0.],
   [0.],
   [0.],
   [0.],
   [0.]],

  [[0.],
   [0.],
   [0.],
   [0.],
   [0.],
   [0.],
   [0.],
   [0.],
   [0.],
   [0.],
   [0.],
   [0.],
   [0.],
   [0.],
   [0.],
   [0.],
   [0.],
   [0.],
   [0.],
   [0.],
   [0.],
   [0.],
   [0.],
   [0.],
   [0.],
   [0.],
   [0.],
   [0.],
   [0.],
   [0.]]]]

🔹 Layer: conv2d_2
   📐 Output Shape: (1, 28, 28, 4)
   🔢 Output Values:
[[[[  0.,   0.,   0.,   0.],
   [  0.,   0.,   0.,   0.],
   [  0.,   0.,   0.,   0.],
   [  0.,   0.,   0.,   0.],
   [  0.,   0.,   0.,   0.],
   [  0.,   0.,   0.,   0.],
   [  0.,   0.,   0.,   0.],
   [  0.,   0.,   0.,   0.],
   [  0.,   0.,   0.,   0.],
   [  0.,   0.,   0.,   0.],
   [  0.,   0.,   0.,   0.],
   [  0.,   0.,   0.,   0.],
   [  0.,   0.,   0.,   0.],
   [  0.,   0.,   0.,   0.],
   [  0.,   0.,   0.,   0.],
   [  0.,   0.,   0.,   0.],
   [  0.,   0.,   0.,   0.],
   [  0.,   0.,   0.,   0.],
   [  0.,   0.,   0.,   0.],
   [  0.,   0.,   0.,   0.],
   [  0.,   0.,   0.,   0.],
   [  0.,   0.,   0.,   0.],
   [  0.,   0.,   0.,   0.],
   [  0.,   0.,   0.,   0.],
   [  0.,   0.,   0.,   0.],
   [  0.,   0.,   0.,   0.],
   [  0.,   0.,   0.,   0.],
   [  0.,   0.,   0.,   0.]],

  [[  0.,   0.,   0.,   0.],
   [  0.,   0.,   0.,   0.],
   [  0.,   0.,   0.,   0.],
   [  0.,   0.,   0.,   0.],
   [  0.,   0.,   0.,   0.],
   [  0.,   0.,   0.,   0.],
   [  0.,   0.,   0.,   0.],
   [  0.,   0.,   0.,   0.],
   [  0.,   0.,   0.,   0.],
   [  0.,   0.,   0.,   0.],
   [  0.,   0.,   0.,   0.],
   [  0.,   0.,   0.,   0.],
   [  0.,   0.,   0.,   0.],
   [  0.,   0.,   0.,   0.],
   [  0.,   0.,   0.,   0.],
   [  0.,   0.,   0.,   0.],
   [  0.,   0.,   0.,   0.],
   [  0.,   0.,  15.,   9.],
   [  0.,   0.,  21.,  30.],
   [ 18.,   0.,   0.,  33.],
   [ 40.,   0.,   0.,  12.],
   [ 24.,   0.,   0.,   0.],
   [  4.,   0.,   0.,   0.],
   [  0.,   0.,   0.,   0.],
   [  0.,   0.,   0.,   0.],
   [  0.,   0.,   0.,   0.],
   [  0.,   0.,   0.,   0.],
   [  0.,   0.,   0.,   0.]],

  [[  0.,   0.,   0.,   0.],
   [  0.,   0.,   0.,   0.],
   [  0.,   0.,   0.,   0.],
   [  0.,   0.,   0.,   0.],
   [  0.,   0.,   0.,   0.],
   [  0.,   0.,   0.,   0.],
   [  0.,   0.,   0.,   0.],
   [  0.,   0.,   0.,   0.],
   [  0.,   0.,   0.,   0.],
   [  0.,   0.,   0.,   0.],
   [  0.,   0.,   0.,   0.],
   [  0.,   0.,   0.,   0.],
   [  0.,   0.,   0.,   0.],
   [  0.,   0.,   0.,   0.],
   [  0.,   0.,   0.,   0.],
   [  0.,   0.,  10.,   6.],
   [  0.,   0.,  19.,  23.],
   [ 19.,   0.,  14.,  47.],
   [ 22.,   0.,   0.,  63.],
   [ 21.,   0.,   0.,  45.],
   [ 32.,   0.,   0.,   0.],
   [ 54.,   0.,   0.,   0.],
   [ 18.,   0.,   0.,   0.],
   [  0.,   0.,   0.,   0.],
   [  0.,   0.,   0.,   0.],
   [  0.,   0.,   0.,   0.],
   [  0.,   0.,   0.,   0.],
   [  0.,   0.,   0.,   0.]],

  [[  0.,   0.,   0.,   0.],
   [  0.,   0.,   0.,   0.],
   [  0.,   0.,   0.,   0.],
   [  0.,   0.,   0.,   0.],
   [  0.,   0.,   0.,   0.],
   [  0.,   0.,   0.,   0.],
   [  0.,   0.,   0.,   0.],
   [  0.,   0.,   0.,   0.],
   [  0.,   0.,   0.,   0.],
   [  0.,   0.,   0.,   0.],
   [  0.,   0.,   0.,   0.],
   [  0.,   0.,   0.,   0.],
   [  0.,   0.,   0.,   0.],
   [  0.,   0.,  10.,   6.],
   [  0.,   0.,  19.,  23.],
   [ 16.,   0.,  11.,  42.],
   [ 25.,   0.,   0.,  56.],
   [  4.,   0.,   0.,  65.],
   [  7.,   0.,   0.,  58.],
   [ 57.,   0.,   0.,  24.],
   [ 90.,   0.,   0.,   0.],
   [ 62.,   0.,   0.,   0.],
   [ 34.,   0.,  24.,   0.],
   [  0.,   0.,   0.,   0.],
   [  0.,   0.,   0.,   0.],
   [  0.,   0.,   0.,   0.],
   [  0.,   0.,   0.,   0.],
   [  0.,   0.,   0.,   0.]],

  [[  0.,   0.,   0.,   0.],
   [  0.,   0.,   0.,   0.],
   [  0.,   0.,   0.,   0.],
   [  0.,   0.,   0.,   0.],
   [  0.,   0.,   0.,   0.],
   [  0.,   0.,   0.,   0.],
   [  0.,   0.,   0.,   0.],
   [  0.,   0.,   0.,   0.],
   [  0.,   0.,   0.,   0.],
   [  0.,   0.,   0.,   0.],
   [  0.,   0.,   5.,   3.],
   [  0.,   0.,   7.,  10.],
   [  0.,   0.,  14.,  20.],
   [ 16.,   0.,  11.,  42.],
   [ 25.,   0.,   0.,  56.],
   [ 10.,   0.,   0.,  60.],
   [  9.,   0.,   0.,  54.],
   [ 38.,   0.,   0.,  36.],
   [ 73.,   0.,   0.,   4.],
   [ 49.,   8.,   0.,   0.],
   [ 56.,  30.,   4.,   0.],
   [ 73.,  11.,  22.,   0.],
   [ 28.,   4.,   0.,   0.],
   [  0.,   0.,   0.,   0.],
   [  0.,   0.,   0.,   0.],
   [  0.,   0.,   0.,   0.],
   [  0.,   0.,   0.,   0.],
   [  0.,   0.,   0.,   0.]],

  [[  0.,   0.,   0.,   0.],
   [  0.,   0.,   0.,   0.],
   [  0.,   0.,   0.,   0.],
   [  0.,   0.,   0.,   0.],
   [  0.,   0.,   0.,   0.],
   [  0.,   0.,   0.,   0.],
   [  0.,   0.,   0.,   0.],
   [  0.,   0.,   0.,   0.],
   [  0.,   0.,   5.,   3.],
   [  0.,   0.,  17.,  16.],
   [  5.,   0.,  16.,  36.],
   [ 20.,   0.,   0.,  42.],
   [ 32.,   0.,   0.,  46.],
   [ 10.,   0.,   0.,  60.],
   [  9.,   0.,   0.,  54.],
   [ 34.,   0.,   0.,  39.],
   [ 63.,   0.,   0.,  20.],
   [ 81.,   0.,   0.,   0.],
   [ 43.,  17.,   0.,   0.],
   [ 67.,  31.,  20.,   0.],
   [ 59.,  11.,   9.,   0.],
   [ 21.,   3.,   0.,   0.],
   [  0.,   0.,   0.,   0.],
   [  0.,   0.,   0.,   0.],
   [  0.,   0.,   0.,   0.],
   [  0.,   0.,   0.,   0.],
   [  0.,   0.,   0.,   0.],
   [  0.,   0.,   0.,   0.]],

  [[  0.,   0.,   0.,   0.],
   [  0.,   0.,   0.,   0.],
   [  0.,   0.,   0.,   0.],
   [  0.,   0.,   0.,   0.],
   [  0.,   0.,   0.,   0.],
   [  0.,   0.,   0.,   0.],
   [  0.,   0.,   0.,   0.],
   [  0.,   0.,   0.,   0.],
   [  3.,   0.,   3.,   5.],
   [  2.,   0.,  10.,  25.],
   [  0.,   0.,   0.,  43.],
   [  0.,   0.,   7.,  36.],
   [  0.,   0.,  12.,  49.],
   [ 30.,   0.,   0.,  45.],
   [ 59.,   0.,   0.,  23.],
   [ 70.,   0.,   0.,  15.],
   [ 81.,   0.,   0.,   0.],
   [ 46.,  12.,   0.,   0.],
   [ 81.,  17.,  32.,   0.],
   [ 39.,   7.,   1.,   0.],
   [  7.,   1.,   0.,   0.],
   [  0.,   0.,   0.,   0.],
   [  0.,   0.,   0.,   0.],
   [  0.,   0.,   0.,   0.],
   [  0.,   0.,   0.,   0.],
   [  0.,   0.,   0.,   0.],
   [  0.,   0.,   0.,   0.],
   [  0.,   0.,   0.,   0.]],

  [[  0.,   0.,   0.,   0.],
   [  0.,   0.,   0.,   0.],
   [  0.,   0.,   0.,   0.],
   [  0.,   0.,   0.,   0.],
   [  0.,   0.,   0.,   0.],
   [  0.,   0.,   0.,   0.],
   [  0.,   0.,   0.,   0.],
   [  0.,   0.,   0.,   0.],
   [  0.,   6.,   0.,   5.],
   [  0.,  25.,   0.,  24.],
   [  0.,  40.,   0.,  31.],
   [  9.,  16.,  26.,  41.],
   [ 43.,   0.,   0.,  64.],
   [ 56.,   0.,   0.,  32.],
   [ 66.,   0.,   0.,  18.],
   [ 87.,   0.,   0.,   0.],
   [ 48.,   6.,   0.,   0.],
   [ 87.,  11.,  35.,   0.],
   [ 35.,   5.,   0.,   0.],
   [  0.,   0.,   0.,   0.],
   [  0.,   0.,   0.,   0.],
   [  0.,   0.,   0.,   0.],
   [  0.,   0.,   0.,   0.],
   [  0.,   0.,   0.,   0.],
   [  0.,   0.,   0.,   0.],
   [  0.,   0.,   0.,   0.],
   [  0.,   0.,   0.,   0.],
   [  0.,   0.,   0.,   0.]],

  [[  0.,   0.,   0.,   0.],
   [  0.,   0.,   0.,   0.],
   [  0.,   0.,   0.,   0.],
   [  0.,   0.,   0.,   0.],
   [  0.,   0.,   0.,   0.],
   [  0.,   0.,   0.,   0.],
   [  0.,   0.,   0.,   0.],
   [  0.,   0.,   0.,   0.],
   [  0.,   0.,   0.,   0.],
   [  0.,   0.,   7.,  11.],
   [  0.,   0.,  20.,  32.],
   [  9.,   0.,   5.,  78.],
   [  0.,   0.,   0.,  83.],
   [ 56.,   0.,   0.,  25.],
   [ 76.,   0.,   0.,   2.],
   [ 52.,   0.,   0.,   0.],
   [ 96.,   0.,  31.,   0.],
   [ 35.,   5.,   0.,   0.],
   [  0.,   0.,   0.,   0.],
   [  0.,   0.,   0.,   0.],
   [  0.,   0.,   0.,   0.],
   [  0.,   0.,   0.,   0.],
   [  0.,   0.,   0.,   0.],
   [  0.,   0.,   0.,   0.],
   [  0.,   0.,   0.,   0.],
   [  0.,   0.,   0.,   0.],
   [  0.,   0.,   0.,   0.],
   [  0.,   0.,   0.,   0.]],

  [[  0.,   0.,   0.,   0.],
   [  0.,   0.,   0.,   0.],
   [  0.,   0.,   0.,   0.],
   [  0.,   0.,   0.,   0.],
   [  0.,   0.,   0.,   0.],
   [  0.,   0.,   0.,   0.],
   [  0.,   0.,   0.,   0.],
   [  0.,   0.,   0.,   0.],
   [  0.,   0.,  10.,   6.],
   [  0.,   0.,  30.,  36.],
   [ 13.,   0.,   0.,  70.],
   [  0.,   0.,   0.,  79.],
   [ 26.,   0.,   0.,  50.],
   [ 75.,   0.,   0.,   4.],
   [ 66.,   0.,   0.,   0.],
   [ 85.,   0.,   7.,   0.],
   [ 52.,   4.,  12.,   0.],
   [  0.,   0.,   0.,   0.],
   [  0.,   0.,   0.,   0.],
   [  0.,   0.,   0.,   0.],
   [  0.,   0.,   0.,   0.],
   [  0.,   0.,   0.,   0.],
   [  0.,   0.,   0.,   0.],
   [  0.,   0.,   0.,   0.],
   [  0.,   0.,   0.,   0.],
   [  0.,   0.,   0.,   0.],
   [  0.,   0.,   0.,   0.],
   [  0.,   0.,   0.,   0.]],

  [[  0.,   0.,   0.,   0.],
   [  0.,   0.,   0.,   0.],
   [  0.,   0.,   0.,   0.],
   [  0.,   0.,   0.,   0.],
   [  0.,   0.,   0.,   0.],
   [  0.,   0.,   0.,   0.],
   [  0.,   0.,   0.,   0.],
   [  0.,   0.,  10.,   6.],
   [  0.,   0.,  30.,  36.],
   [ 10.,   0.,   0.,  80.],
   [  0.,   0.,   0.,  75.],
   [ 34.,   0.,   0.,  39.],
   [ 83.,   0.,   0.,   5.],
   [ 51.,   3.,   0.,   0.],
   [ 62.,  22.,  14.,   0.],
   [ 58.,   6.,  20.,   0.],
   [ 14.,   2.,   0.,   0.],
   [  0.,   0.,   0.,   0.],
   [  0.,   0.,   0.,   0.],
   [  0.,   0.,   0.,   0.],
   [  0.,   0.,   0.,   0.],
   [  0.,   0.,   0.,   0.],
   [  0.,   0.,   0.,   0.],
   [  0.,   0.,   0.,   0.],
   [  0.,   0.,   0.,   0.],
   [  0.,   0.,   0.,   0.],
   [  0.,   0.,   0.,   0.],
   [  0.,   0.,   0.,   0.]],

  [[  0.,   0.,   0.,   0.],
   [  0.,   0.,   0.,   0.],
   [  0.,   0.,   0.,   0.],
   [  0.,   0.,   0.,   0.],
   [  0.,   0.,   0.,   0.],
   [  0.,   0.,   0.,   0.],
   [  0.,   0.,  10.,   6.],
   [  0.,   0.,  30.,  36.],
   [ 10.,   0.,   0.,  80.],
   [  0.,   0.,   0.,  80.],
   [ 38.,   0.,   0.,  38.],
   [ 82.,   0.,   0.,   6.],
   [ 48.,   0.,   0.,   0.],
   [ 82.,  18.,  23.,   0.],
   [ 54.,  12.,   3.,   0.],
   [ 21.,   3.,   0.,   0.],
   [  0.,   0.,   0.,   0.],
   [  0.,   0.,   0.,   0.],
   [  0.,   0.,   0.,   0.],
   [  0.,   0.,   0.,   0.],
   [  0.,   0.,   0.,   0.],
   [  0.,   0.,   0.,   0.],
   [  0.,   0.,   0.,   0.],
   [  0.,   0.,   0.,   0.],
   [  0.,   0.,   0.,   0.],
   [  0.,   0.,   0.,   0.],
   [  0.,   0.,   0.,   0.],
   [  0.,   0.,   0.,   0.]],

  [[  0.,   0.,   0.,   0.],
   [  0.,   0.,   0.,   0.],
   [  0.,   0.,   0.,   0.],
   [  0.,   0.,   0.,   0.],
   [  0.,   0.,   0.,   0.],
   [  0.,   0.,   0.,   0.],
   [  0.,   0.,  16.,  16.],
   [  0.,   0.,  22.,  70.],
   [  0.,   0.,   0.,  92.],
   [ 38.,   0.,   0.,  38.],
   [ 70.,   0.,   0.,  15.],
   [ 72.,   0.,   0.,   0.],
   [ 94.,   0.,   3.,   0.],
   [ 52.,   4.,  12.,   0.],
   [  0.,   0.,   0.,   0.],
   [  0.,   0.,   0.,   0.],
   [  0.,   0.,   0.,   0.],
   [  0.,   0.,  20.,  12.],
   [  0.,   0.,  18.,  34.],
   [ 20.,   0.,   0.,  30.],
   [ 24.,   0.,   0.,  24.],
   [ 28.,   0.,   0.,  21.],
   [ 42.,   0.,   0.,   2.],
   [ 10.,   0.,   0.,   0.],
   [  0.,   0.,   0.,   0.],
   [  0.,   0.,   0.,   0.],
   [  0.,   0.,   0.,   0.],
   [  0.,   0.,   0.,   0.]],

  [[  0.,   0.,   0.,   0.],
   [  0.,   0.,   0.,   0.],
   [  0.,   0.,   0.,   0.],
   [  0.,   0.,   0.,   0.],
   [  0.,   0.,   0.,   0.],
   [  0.,   0.,   0.,   0.],
   [  0.,   0.,  25.,  35.],
   [  0.,   0.,   3., 100.],
   [ 16.,   0.,   0.,  69.],
   [ 78.,   0.,   0.,   9.],
   [ 65.,   0.,   0.,   0.],
   [ 66.,   0.,   0.,   0.],
   [ 77.,   0.,  27.,   0.],
   [ 14.,   2.,   0.,   0.],
   [  0.,   0.,   5.,   3.],
   [  0.,   0.,  17.,  16.],
   [ 10.,   0.,   3.,  25.],
   [ 20.,   0.,  10.,  42.],
   [ 14.,   0.,   0.,  68.],
   [ 26.,   0.,   0.,  38.],
   [ 36.,   0.,   0.,  24.],
   [ 33.,   0.,   0.,  19.],
   [ 32.,   0.,   0.,   0.],
   [ 61.,   0.,   0.,   0.],
   [  8.,   0.,   0.,   0.],
   [  0.,   0.,   0.,   0.],
   [  0.,   0.,   0.,   0.],
   [  0.,   0.,   0.,   0.]],

  [[  0.,   0.,   0.,   0.],
   [  0.,   0.,   0.,   0.],
   [  0.,   0.,   0.,   0.],
   [  0.,   0.,   0.,   0.],
   [  0.,   0.,   0.,   0.],
   [  0.,   0.,  20.,  12.],
   [  3.,   0.,  27.,  69.],
   [  0.,   0.,   0.,  98.],
   [ 33.,   0.,   0.,  45.],
   [ 77.,   0.,   0.,   0.],
   [ 69.,   0.,   0.,   0.],
   [ 69.,   3.,  16.,   0.],
   [ 30.,   0.,  23.,   0.],
   [  6.,   0.,   8.,  28.],
   [ 17.,   0.,   0.,  31.],
   [ 28.,   0.,   0.,  49.],
   [ 17.,   0.,   0.,  45.],
   [ 14.,   0.,   0.,  54.],
   [  6.,   0.,   0.,  64.],
   [ 52.,   0.,   0.,  28.],
   [ 66.,   0.,   0.,  18.],
   [ 72.,   0.,   0.,  13.],
   [ 92.,   0.,   0.,   0.],
   [ 89.,   0.,   0.,   0.],
   [ 32.,   0.,   0.,   0.],
   [  0.,   0.,   0.,   0.],
   [  0.,   0.,   0.,   0.],
   [  0.,   0.,   0.,   0.]],

  [[  0.,   0.,   0.,   0.],
   [  0.,   0.,   0.,   0.],
   [  0.,   0.,   0.,   0.],
   [  0.,   0.,   0.,   0.],
   [  0.,   0.,   0.,   0.],
   [  0.,   0.,  42.,  38.],
   [  0.,   0.,   0., 105.],
   [ 10.,   0.,   0.,  63.],
   [ 63.,   0.,   0.,  20.],
   [ 87.,   0.,   0.,   0.],
   [ 66.,   0.,  24.,   0.],
   [ 33.,   0.,  28.,  16.],
   [ 33.,   0.,   0.,  47.],
   [ 20.,   0.,   0.,  50.],
   [ 26.,   0.,   0.,  41.],
   [ 11.,   0.,   0.,  50.],
   [ 39.,   0.,   0.,  32.],
   [ 38.,   0.,   0.,  26.],
   [ 54.,   0.,   0.,  28.],
   [ 64.,   0.,   0.,  11.],
   [ 58.,   0.,   0.,  17.],
   [ 64.,   0.,   0.,  21.],
   [ 86.,   0.,   0.,   2.],
   [ 88.,   0.,   0.,   0.],
   [ 66.,   0.,  16.,   0.],
   [  0.,   0.,   0.,   0.],
   [  0.,   0.,   0.,   0.],
   [  0.,   0.,   0.,   0.]],

  [[  0.,   0.,   0.,   0.],
   [  0.,   0.,   0.,   0.],
   [  0.,   0.,   0.,   0.],
   [  0.,   0.,   0.,   0.],
   [  0.,   0.,   0.,   0.],
   [  0.,   0.,  36.,  68.],
   [  0.,   0.,   0., 110.],
   [ 52.,   0.,   0.,  28.],
   [ 63.,   0.,   0.,  13.],
   [100.,   0.,   0.,   0.],
   [ 83.,   0.,  37.,   0.],
   [ 11.,   0.,   0.,  74.],
   [  6.,   0.,   0.,  57.],
   [ 33.,   0.,   0.,  37.],
   [ 62.,   0.,   0.,  10.],
   [ 47.,   0.,   0.,   0.],
   [ 47.,  30.,   0.,   0.],
   [ 46.,  32.,   7.,   0.],
   [ 40.,  37.,   0.,   0.],
   [ 31.,  21.,  19.,   0.],
   [ 43.,   0.,  19.,  33.],
   [ 57.,   0.,   0.,  31.],
   [ 80.,   0.,   0.,   0.],
   [ 90.,   0.,   0.,   0.],
   [ 64.,   0.,  19.,   0.],
   [  0.,   0.,   0.,   0.],
   [  0.,   0.,   0.,   0.],
   [  0.,   0.,   0.,   0.]],

  [[  0.,   0.,   0.,   0.],
   [  0.,   0.,   0.,   0.],
   [  0.,   0.,   0.,   0.],
   [  0.,   0.,   0.,   0.],
   [  0.,   0.,   0.,   0.],
   [  0.,   6.,  30.,  78.],
   [  0.,   0.,   0., 108.],
   [ 66.,   0.,   0.,  18.],
   [ 72.,   0.,   0.,  13.],
   [ 86.,   0.,   0.,   0.],
   [ 71.,   0.,  10.,  11.],
   [  0.,   0.,   0.,  78.],
   [ 52.,   0.,   0.,  28.],
   [ 79.,   0.,   0.,   1.],
   [ 49.,   0.,   0.,   0.],
   [ 60.,  14.,   8.,   0.],
   [ 43.,  13.,   0.,   0.],
   [ 42.,  16.,   0.,   1.],
   [ 19.,   1.,   0.,  13.],
   [ 59.,   0.,  13.,  35.],
   [ 35.,   0.,   0.,  65.],
   [ 61.,   0.,   0.,  28.],
   [ 69.,   0.,   0.,   0.],
   [ 88.,   0.,  18.,   0.],
   [ 33.,   3.,   6.,   0.],
   [  0.,   0.,   0.,   0.],
   [  0.,   0.,   0.,   0.],
   [  0.,   0.,   0.,   0.]],

  [[  0.,   0.,   0.,   0.],
   [  0.,   0.,   0.,   0.],
   [  0.,   0.,   0.,   0.],
   [  0.,   0.,   0.,   0.],
   [  0.,   0.,   0.,   0.],
   [  0.,  18.,  15.,  69.],
   [  0.,   0.,   0.,  96.],
   [ 60.,   0.,   0.,  27.],
   [ 66.,   0.,   0.,  18.],
   [ 90.,   0.,   0.,   0.],
   [ 50.,   0.,   0.,  22.],
   [ 38.,   0.,   0.,  38.],
   [ 66.,   0.,   0.,  18.],
   [ 60.,   0.,   0.,   0.],
   [104.,   0.,  12.,   0.],
   [ 61.,   0.,   0.,   3.],
   [ 39.,   0.,   0.,  18.],
   [ 29.,   0.,   0.,  24.],
   [ 41.,   0.,   0.,  38.],
   [  5.,   0.,   0.,  65.],
   [ 23.,   0.,   0.,  48.],
   [ 49.,   0.,   0.,   0.],
   [ 78.,   0.,   3.,   0.],
   [ 61.,   5.,  19.,   0.],
   [  7.,   1.,   0.,   0.],
   [  0.,   0.,   0.,   0.],
   [  0.,   0.,   0.,   0.],
   [  0.,   0.,   0.,   0.]],

  [[  0.,   0.,   0.,   0.],
   [  0.,   0.,   0.,   0.],
   [  0.,   0.,   0.,   0.],
   [  0.,   0.,   0.,   0.],
   [  0.,   0.,   0.,   0.],
   [  0.,  33.,   0.,  45.],
   [  0.,  26.,   5.,  72.],
   [ 27.,   0.,   0.,  49.],
   [ 62.,   0.,   0.,  24.],
   [ 66.,   0.,   0.,  18.],
   [ 66.,   0.,   0.,  18.],
   [ 66.,   0.,   0.,  18.],
   [ 66.,   0.,   0.,  18.],
   [ 90.,   0.,   0.,   0.],
   [ 74.,   0.,   0.,   2.],
   [ 46.,   0.,   0.,  22.],
   [ 46.,   0.,   0.,  22.],
   [ 46.,   0.,   0.,  22.],
   [ 36.,   0.,   0.,  31.],
   [ 42.,   0.,   0.,  16.],
   [ 40.,  13.,   0.,   0.],
   [ 62.,  24.,   7.,   0.],
   [ 69.,   9.,  21.,   0.],
   [ 21.,   3.,   0.,   0.],
   [  0.,   0.,   0.,   0.],
   [  0.,   0.,   0.,   0.],
   [  0.,   0.,   0.,   0.],
   [  0.,   0.,   0.,   0.]],

  [[  0.,   0.,   0.,   0.],
   [  0.,   0.,   0.,   0.],
   [  0.,   0.,   0.,   0.],
   [  0.,   0.,   0.,   0.],
   [  0.,   0.,   0.,   0.],
   [  0.,  18.,   0.,  15.],
   [  0.,  38.,   0.,  47.],
   [  3.,  45.,   0.,  47.],
   [ 20.,  32.,   3.,  17.],
   [ 36.,   0.,  21.,  24.],
   [ 60.,   0.,   0.,  27.],
   [ 66.,   0.,   0.,  18.],
   [ 66.,   0.,   0.,  18.],
   [ 70.,   0.,   0.,  15.],
   [ 72.,   0.,   0.,   5.],
   [ 58.,   0.,   0.,   0.],
   [ 54.,   0.,   0.,   6.],
   [ 54.,   0.,   0.,   6.],
   [ 60.,   5.,   0.,   0.],
   [ 45.,  29.,   0.,   0.],
   [ 62.,  32.,  14.,   0.],
   [ 59.,  11.,   9.,   0.],
   [ 21.,   3.,   0.,   0.],
   [  0.,   0.,   0.,   0.],
   [  0.,   0.,   0.,   0.],
   [  0.,   0.,   0.,   0.],
   [  0.,   0.,   0.,   0.],
   [  0.,   0.,   0.,   0.]],

  [[  0.,   0.,   0.,   0.],
   [  0.,   0.,   0.,   0.],
   [  0.,   0.,   0.,   0.],
   [  0.,   0.,   0.,   0.],
   [  0.,   0.,   0.,   0.],
   [  0.,   0.,   0.,   0.],
   [  0.,  24.,   0.,  20.],
   [  0.,  44.,   0.,  26.],
   [ 25.,  49.,   0.,  19.],
   [ 30.,  48.,   0.,  30.],
   [ 27.,  45.,   0.,  15.],
   [ 42.,  42.,   0.,   0.],
   [ 42.,  42.,   0.,   0.],
   [ 39.,  43.,   0.,   0.],
   [ 39.,  45.,   0.,   0.],
   [ 46.,  46.,   6.,   0.],
   [ 36.,  48.,   0.,   0.],
   [ 36.,  48.,   0.,   0.],
   [ 39.,  39.,   0.,   0.],
   [ 67.,  17.,  19.,   0.],
   [ 32.,   6.,   1.,   0.],
   [  7.,   1.,   0.,   0.],
   [  0.,   0.,   0.,   0.],
   [  0.,   0.,   0.,   0.],
   [  0.,   0.,   0.,   0.],
   [  0.,   0.,   0.,   0.],
   [  0.,   0.,   0.,   0.],
   [  0.,   0.,   0.,   0.]],

  [[  0.,   0.,   0.,   0.],
   [  0.,   0.,   0.,   0.],
   [  0.,   0.,   0.,   0.],
   [  0.,   0.,   0.,   0.],
   [  0.,   0.,   0.,   0.],
   [  0.,   0.,   0.,   0.],
   [  0.,   0.,   0.,   0.],
   [  0.,   0.,   0.,   0.],
   [  0.,  18.,   0.,  15.],
   [  0.,  42.,   0.,  27.],
   [  9.,  51.,   0.,   9.],
   [ 30.,  54.,   0.,   0.],
   [ 30.,  54.,   0.,   0.],
   [ 36.,  48.,   0.,   0.],
   [ 44.,  34.,   0.,   0.],
   [ 29.,  29.,   0.,   0.],
   [ 15.,  27.,   0.,   0.],
   [ 15.,  27.,   0.,   0.],
   [ 33.,   9.,   3.,   0.],
   [ 21.,   3.,   0.,   0.],
   [  0.,   0.,   0.,   0.],
   [  0.,   0.,   0.,   0.],
   [  0.,   0.,   0.,   0.],
   [  0.,   0.,   0.,   0.],
   [  0.,   0.,   0.,   0.],
   [  0.,   0.,   0.,   0.],
   [  0.,   0.,   0.,   0.],
   [  0.,   0.,   0.,   0.]],

  [[  0.,   0.,   0.,   0.],
   [  0.,   0.,   0.,   0.],
   [  0.,   0.,   0.,   0.],
   [  0.,   0.,   0.,   0.],
   [  0.,   0.,   0.,   0.],
   [  0.,   0.,   0.,   0.],
   [  0.,   0.,   0.,   0.],
   [  0.,   0.,   0.,   0.],
   [  0.,   0.,   0.,   0.],
   [  0.,   0.,   0.,   0.],
   [  0.,   0.,   0.,   0.],
   [  0.,   0.,   0.,   0.],
   [  0.,   0.,   0.,   0.],
   [  0.,   0.,   0.,   0.],
   [  0.,   0.,   0.,   0.],
   [  0.,   0.,   0.,   0.],
   [  0.,   0.,   0.,   0.],
   [  0.,   0.,   0.,   0.],
   [  0.,   0.,   0.,   0.],
   [  0.,   0.,   0.,   0.],
   [  0.,   0.,   0.,   0.],
   [  0.,   0.,   0.,   0.],
   [  0.,   0.,   0.,   0.],
   [  0.,   0.,   0.,   0.],
   [  0.,   0.,   0.,   0.],
   [  0.,   0.,   0.,   0.],
   [  0.,   0.,   0.,   0.],
   [  0.,   0.,   0.,   0.]],

  [[  0.,   0.,   0.,   0.],
   [  0.,   0.,   0.,   0.],
   [  0.,   0.,   0.,   0.],
   [  0.,   0.,   0.,   0.],
   [  0.,   0.,   0.,   0.],
   [  0.,   0.,   0.,   0.],
   [  0.,   0.,   0.,   0.],
   [  0.,   0.,   0.,   0.],
   [  0.,   0.,   0.,   0.],
   [  0.,   0.,   0.,   0.],
   [  0.,   0.,   0.,   0.],
   [  0.,   0.,   0.,   0.],
   [  0.,   0.,   0.,   0.],
   [  0.,   0.,   0.,   0.],
   [  0.,   0.,   0.,   0.],
   [  0.,   0.,   0.,   0.],
   [  0.,   0.,   0.,   0.],
   [  0.,   0.,   0.,   0.],
   [  0.,   0.,   0.,   0.],
   [  0.,   0.,   0.,   0.],
   [  0.,   0.,   0.,   0.],
   [  0.,   0.,   0.,   0.],
   [  0.,   0.,   0.,   0.],
   [  0.,   0.,   0.,   0.],
   [  0.,   0.,   0.,   0.],
   [  0.,   0.,   0.,   0.],
   [  0.,   0.,   0.,   0.],
   [  0.,   0.,   0.,   0.]],

  [[  0.,   0.,   0.,   0.],
   [  0.,   0.,   0.,   0.],
   [  0.,   0.,   0.,   0.],
   [  0.,   0.,   0.,   0.],
   [  0.,   0.,   0.,   0.],
   [  0.,   0.,   0.,   0.],
   [  0.,   0.,   0.,   0.],
   [  0.,   0.,   0.,   0.],
   [  0.,   0.,   0.,   0.],
   [  0.,   0.,   0.,   0.],
   [  0.,   0.,   0.,   0.],
   [  0.,   0.,   0.,   0.],
   [  0.,   0.,   0.,   0.],
   [  0.,   0.,   0.,   0.],
   [  0.,   0.,   0.,   0.],
   [  0.,   0.,   0.,   0.],
   [  0.,   0.,   0.,   0.],
   [  0.,   0.,   0.,   0.],
   [  0.,   0.,   0.,   0.],
   [  0.,   0.,   0.,   0.],
   [  0.,   0.,   0.,   0.],
   [  0.,   0.,   0.,   0.],
   [  0.,   0.,   0.,   0.],
   [  0.,   0.,   0.,   0.],
   [  0.,   0.,   0.,   0.],
   [  0.,   0.,   0.,   0.],
   [  0.,   0.,   0.,   0.],
   [  0.,   0.,   0.,   0.]],

  [[  0.,   0.,   0.,   0.],
   [  0.,   0.,   0.,   0.],
   [  0.,   0.,   0.,   0.],
   [  0.,   0.,   0.,   0.],
   [  0.,   0.,   0.,   0.],
   [  0.,   0.,   0.,   0.],
   [  0.,   0.,   0.,   0.],
   [  0.,   0.,   0.,   0.],
   [  0.,   0.,   0.,   0.],
   [  0.,   0.,   0.,   0.],
   [  0.,   0.,   0.,   0.],
   [  0.,   0.,   0.,   0.],
   [  0.,   0.,   0.,   0.],
   [  0.,   0.,   0.,   0.],
   [  0.,   0.,   0.,   0.],
   [  0.,   0.,   0.,   0.],
   [  0.,   0.,   0.,   0.],
   [  0.,   0.,   0.,   0.],
   [  0.,   0.,   0.,   0.],
   [  0.,   0.,   0.,   0.],
   [  0.,   0.,   0.,   0.],
   [  0.,   0.,   0.,   0.],
   [  0.,   0.,   0.,   0.],
   [  0.,   0.,   0.,   0.],
   [  0.,   0.,   0.,   0.],
   [  0.,   0.,   0.,   0.],
   [  0.,   0.,   0.,   0.],
   [  0.,   0.,   0.,   0.]],

  [[  0.,   0.,   0.,   0.],
   [  0.,   0.,   0.,   0.],
   [  0.,   0.,   0.,   0.],
   [  0.,   0.,   0.,   0.],
   [  0.,   0.,   0.,   0.],
   [  0.,   0.,   0.,   0.],
   [  0.,   0.,   0.,   0.],
   [  0.,   0.,   0.,   0.],
   [  0.,   0.,   0.,   0.],
   [  0.,   0.,   0.,   0.],
   [  0.,   0.,   0.,   0.],
   [  0.,   0.,   0.,   0.],
   [  0.,   0.,   0.,   0.],
   [  0.,   0.,   0.,   0.],
   [  0.,   0.,   0.,   0.],
   [  0.,   0.,   0.,   0.],
   [  0.,   0.,   0.,   0.],
   [  0.,   0.,   0.,   0.],
   [  0.,   0.,   0.,   0.],
   [  0.,   0.,   0.,   0.],
   [  0.,   0.,   0.,   0.],
   [  0.,   0.,   0.,   0.],
   [  0.,   0.,   0.,   0.],
   [  0.,   0.,   0.,   0.],
   [  0.,   0.,   0.,   0.],
   [  0.,   0.,   0.,   0.],
   [  0.,   0.,   0.,   0.],
   [  0.,   0.,   0.,   0.]]]]

🔹 Layer: average_pooling2d_2
   📐 Output Shape: (1, 14, 14, 4)
   🔢 Output Values:
[[[[ 0.  ,  0.  ,  0.  ,  0.  ],
   [ 0.  ,  0.  ,  0.  ,  0.  ],
   [ 0.  ,  0.  ,  0.  ,  0.  ],
   [ 0.  ,  0.  ,  0.  ,  0.  ],
   [ 0.  ,  0.  ,  0.  ,  0.  ],
   [ 0.  ,  0.  ,  0.  ,  0.  ],
   [ 0.  ,  0.  ,  0.  ,  0.  ],
   [ 0.  ,  0.  ,  0.  ,  0.  ],
   [ 0.  ,  0.  ,  3.75,  2.25],
   [ 4.5 ,  0.  ,  5.25, 15.75],
   [16.  ,  0.  ,  0.  ,  3.  ],
   [ 1.  ,  0.  ,  0.  ,  0.  ],
   [ 0.  ,  0.  ,  0.  ,  0.  ],
   [ 0.  ,  0.  ,  0.  ,  0.  ]],

  [[ 0.  ,  0.  ,  0.  ,  0.  ],
   [ 0.  ,  0.  ,  0.  ,  0.  ],
   [ 0.  ,  0.  ,  0.  ,  0.  ],
   [ 0.  ,  0.  ,  0.  ,  0.  ],
   [ 0.  ,  0.  ,  0.  ,  0.  ],
   [ 0.  ,  0.  ,  0.  ,  0.  ],
   [ 0.  ,  0.  ,  2.5 ,  1.5 ],
   [ 4.  ,  0.  , 10.  , 17.75],
   [12.  ,  0.  ,  8.25, 47.75],
   [26.75,  0.  ,  0.  , 47.5 ],
   [59.5 ,  0.  ,  0.  ,  0.  ],
   [13.  ,  0.  ,  6.  ,  0.  ],
   [ 0.  ,  0.  ,  0.  ,  0.  ],
   [ 0.  ,  0.  ,  0.  ,  0.  ]],

  [[ 0.  ,  0.  ,  0.  ,  0.  ],
   [ 0.  ,  0.  ,  0.  ,  0.  ],
   [ 0.  ,  0.  ,  0.  ,  0.  ],
   [ 0.  ,  0.  ,  0.  ,  0.  ],
   [ 0.  ,  0.  ,  5.5 ,  4.75],
   [ 6.25,  0.  ,  7.  , 22.75],
   [14.5 ,  0.  ,  6.25, 42.  ],
   [19.5 ,  0.  ,  0.  , 52.25],
   [47.75,  0.  ,  0.  , 27.5 ],
   [58.  , 14.  ,  5.  ,  1.  ],
   [52.25, 13.75,  8.75,  0.  ],
   [ 7.  ,  1.  ,  0.  ,  0.  ],
   [ 0.  ,  0.  ,  0.  ,  0.  ],
   [ 0.  ,  0.  ,  0.  ,  0.  ]],

  [[ 0.  ,  0.  ,  0.  ,  0.  ],
   [ 0.  ,  0.  ,  0.  ,  0.  ],
   [ 0.  ,  0.  ,  0.  ,  0.  ],
   [ 0.  ,  0.  ,  0.  ,  0.  ],
   [ 1.25,  7.75,  3.25, 14.75],
   [ 2.25, 14.  ,  8.25, 37.75],
   [32.25,  0.  ,  3.  , 47.5 ],
   [70.5 ,  0.  ,  0.  , 14.  ],
   [65.5 ,  7.25,  8.75,  0.  ],
   [38.75,  7.25,  8.25,  0.  ],
   [ 1.75,  0.25,  0.  ,  0.  ],
   [ 0.  ,  0.  ,  0.  ,  0.  ],
   [ 0.  ,  0.  ,  0.  ,  0.  ],
   [ 0.  ,  0.  ,  0.  ,  0.  ]],

  [[ 0.  ,  0.  ,  0.  ,  0.  ],
   [ 0.  ,  0.  ,  0.  ,  0.  ],
   [ 0.  ,  0.  ,  0.  ,  0.  ],
   [ 0.  ,  0.  ,  0.  ,  0.  ],
   [ 0.  ,  0.  , 11.75, 13.25],
   [ 5.5 ,  0.  ,  6.25, 64.75],
   [39.25,  0.  ,  0.  , 40.5 ],
   [69.75,  0.  ,  1.75,  0.5 ],
   [45.75,  2.25, 10.75,  0.  ],
   [ 0.  ,  0.  ,  0.  ,  0.  ],
   [ 0.  ,  0.  ,  0.  ,  0.  ],
   [ 0.  ,  0.  ,  0.  ,  0.  ],
   [ 0.  ,  0.  ,  0.  ,  0.  ],
   [ 0.  ,  0.  ,  0.  ,  0.  ]],

  [[ 0.  ,  0.  ,  0.  ,  0.  ],
   [ 0.  ,  0.  ,  0.  ,  0.  ],
   [ 0.  ,  0.  ,  0.  ,  0.  ],
   [ 0.  ,  0.  , 12.5 , 12.  ],
   [ 5.  ,  0.  ,  7.5 , 69.  ],
   [38.5 ,  0.  ,  0.  , 39.5 ],
   [66.  ,  5.25,  5.75,  1.25],
   [48.75, 10.75,  9.25,  0.  ],
   [ 3.5 ,  0.5 ,  0.  ,  0.  ],
   [ 0.  ,  0.  ,  0.  ,  0.  ],
   [ 0.  ,  0.  ,  0.  ,  0.  ],
   [ 0.  ,  0.  ,  0.  ,  0.  ],
   [ 0.  ,  0.  ,  0.  ,  0.  ],
   [ 0.  ,  0.  ,  0.  ,  0.  ]],

  [[ 0.  ,  0.  ,  0.  ,  0.  ],
   [ 0.  ,  0.  ,  0.  ,  0.  ],
   [ 0.  ,  0.  ,  0.  ,  0.  ],
   [ 0.  ,  0.  , 16.5 , 55.25],
   [33.  ,  0.  ,  0.  , 52.  ],
   [68.25,  0.  ,  0.  ,  3.75],
   [59.25,  1.5 , 10.5 ,  0.  ],
   [ 0.  ,  0.  ,  5.5 ,  4.75],
   [ 7.5 ,  0.  ,  8.25, 19.75],
   [15.  ,  0.  ,  4.5 , 42.5 ],
   [30.25,  0.  ,  0.  , 22.  ],
   [36.25,  0.  ,  0.  ,  0.5 ],
   [ 2.  ,  0.  ,  0.  ,  0.  ],
   [ 0.  ,  0.  ,  0.  ,  0.  ]],

  [[ 0.  ,  0.  ,  0.  ,  0.  ],
   [ 0.  ,  0.  ,  0.  ,  0.  ],
   [ 0.  ,  0.  , 15.5 , 12.5 ],
   [ 3.25,  0.  ,  6.75, 83.75],
   [65.  ,  0.  ,  0.  , 16.25],
   [59.25,  0.75, 17.  ,  4.  ],
   [22.25,  0.  ,  7.75, 31.25],
   [20.5 ,  0.  ,  0.  , 42.75],
   [27.  ,  0.  ,  0.  , 39.25],
   [44.  ,  0.  ,  0.  , 32.75],
   [65.  ,  0.  ,  0.  , 17.25],
   [88.75,  0.  ,  0.  ,  0.5 ],
   [24.5 ,  0.  ,  4.  ,  0.  ],
   [ 0.  ,  0.  ,  0.  ,  0.  ]],

  [[ 0.  ,  0.  ,  0.  ,  0.  ],
   [ 0.  ,  0.  ,  0.  ,  0.  ],
   [ 0.  ,  1.5 , 16.5 , 36.5 ],
   [29.5 ,  0.  ,  0.  , 66.  ],
   [80.25,  0.  ,  0.  ,  6.5 ],
   [41.25,  0.  , 11.75, 40.75],
   [42.5 ,  0.  ,  0.  , 30.75],
   [54.5 ,  3.5 ,  2.  ,  2.5 ],
   [44.5 , 22.75,  1.75,  0.25],
   [37.25, 14.75,  8.  , 12.  ],
   [49.  ,  0.  ,  4.75, 39.25],
   [81.75,  0.  ,  4.5 ,  0.  ],
   [24.25,  0.75,  6.25,  0.  ],
   [ 0.  ,  0.  ,  0.  ,  0.  ]],

  [[ 0.  ,  0.  ,  0.  ,  0.  ],
   [ 0.  ,  0.  ,  0.  ,  0.  ],
   [ 0.  , 12.75,  3.75, 28.5 ],
   [21.75,  6.5 ,  1.25, 61.  ],
   [71.  ,  0.  ,  0.  , 15.  ],
   [55.  ,  0.  ,  0.  , 24.  ],
   [70.5 ,  0.  ,  0.  ,  9.  ],
   [71.25,  0.  ,  3.  ,  6.75],
   [40.  ,  0.  ,  0.  , 21.5 ],
   [31.  ,  0.  ,  0.  , 37.5 ],
   [43.5 ,  9.25,  1.75, 12.  ],
   [57.25,  4.25, 10.75,  0.  ],
   [ 1.75,  0.25,  0.  ,  0.  ],
   [ 0.  ,  0.  ,  0.  ,  0.  ]],

  [[ 0.  ,  0.  ,  0.  ,  0.  ],
   [ 0.  ,  0.  ,  0.  ,  0.  ],
   [ 0.  ,  4.5 ,  0.  ,  3.75],
   [ 0.75, 37.75,  0.  , 35.  ],
   [27.75, 32.25,  6.  , 22.5 ],
   [48.75, 21.75,  0.  , 15.  ],
   [54.25, 21.25,  0.  ,  8.25],
   [53.75, 22.75,  1.5 ,  1.25],
   [45.  , 24.  ,  0.  ,  3.  ],
   [52.75, 22.5 ,  4.75,  0.  ],
   [40.  , 12.5 ,  6.  ,  0.  ],
   [ 5.25,  0.75,  0.  ,  0.  ],
   [ 0.  ,  0.  ,  0.  ,  0.  ],
   [ 0.  ,  0.  ,  0.  ,  0.  ]],

  [[ 0.  ,  0.  ,  0.  ,  0.  ],
   [ 0.  ,  0.  ,  0.  ,  0.  ],
   [ 0.  ,  0.  ,  0.  ,  0.  ],
   [ 0.  ,  0.  ,  0.  ,  0.  ],
   [ 0.  , 15.  ,  0.  , 10.5 ],
   [ 9.75, 26.25,  0.  ,  2.25],
   [16.5 , 25.5 ,  0.  ,  0.  ],
   [18.25, 15.75,  0.  ,  0.  ],
   [ 7.5 , 13.5 ,  0.  ,  0.  ],
   [13.5 ,  3.  ,  0.75,  0.  ],
   [ 0.  ,  0.  ,  0.  ,  0.  ],
   [ 0.  ,  0.  ,  0.  ,  0.  ],
   [ 0.  ,  0.  ,  0.  ,  0.  ],
   [ 0.  ,  0.  ,  0.  ,  0.  ]],

  [[ 0.  ,  0.  ,  0.  ,  0.  ],
   [ 0.  ,  0.  ,  0.  ,  0.  ],
   [ 0.  ,  0.  ,  0.  ,  0.  ],
   [ 0.  ,  0.  ,  0.  ,  0.  ],
   [ 0.  ,  0.  ,  0.  ,  0.  ],
   [ 0.  ,  0.  ,  0.  ,  0.  ],
   [ 0.  ,  0.  ,  0.  ,  0.  ],
   [ 0.  ,  0.  ,  0.  ,  0.  ],
   [ 0.  ,  0.  ,  0.  ,  0.  ],
   [ 0.  ,  0.  ,  0.  ,  0.  ],
   [ 0.  ,  0.  ,  0.  ,  0.  ],
   [ 0.  ,  0.  ,  0.  ,  0.  ],
   [ 0.  ,  0.  ,  0.  ,  0.  ],
   [ 0.  ,  0.  ,  0.  ,  0.  ]],

  [[ 0.  ,  0.  ,  0.  ,  0.  ],
   [ 0.  ,  0.  ,  0.  ,  0.  ],
   [ 0.  ,  0.  ,  0.  ,  0.  ],
   [ 0.  ,  0.  ,  0.  ,  0.  ],
   [ 0.  ,  0.  ,  0.  ,  0.  ],
   [ 0.  ,  0.  ,  0.  ,  0.  ],
   [ 0.  ,  0.  ,  0.  ,  0.  ],
   [ 0.  ,  0.  ,  0.  ,  0.  ],
   [ 0.  ,  0.  ,  0.  ,  0.  ],
   [ 0.  ,  0.  ,  0.  ,  0.  ],
   [ 0.  ,  0.  ,  0.  ,  0.  ],
   [ 0.  ,  0.  ,  0.  ,  0.  ],
   [ 0.  ,  0.  ,  0.  ,  0.  ],
   [ 0.  ,  0.  ,  0.  ,  0.  ]]]]

🔹 Layer: conv2d_3
   📐 Output Shape: (1, 12, 12, 8)
   🔢 Output Values:
[[[[0.00000e+00, 0.00000e+00, 0.00000e+00, 0.00000e+00, 0.00000e+00, 0.00000e+00, 0.00000e+00, 0.00000e+00],
   [0.00000e+00, 0.00000e+00, 0.00000e+00, 0.00000e+00, 0.00000e+00, 0.00000e+00, 0.00000e+00, 0.00000e+00],
   [2.12500e+01, 1.65000e+01, 0.00000e+00, 2.90000e+01, 0.00000e+00, 1.20000e+01, 2.67500e+01, 0.00000e+00],
   [1.16000e+02, 4.50000e+00, 0.00000e+00, 0.00000e+00, 0.00000e+00, 1.17750e+02, 0.00000e+00, 0.00000e+00],
   [2.57750e+02, 0.00000e+00, 0.00000e+00, 0.00000e+00, 0.00000e+00, 3.17750e+02, 0.00000e+00, 0.00000e+00],
   [4.01000e+02, 0.00000e+00, 0.00000e+00, 0.00000e+00, 0.00000e+00, 4.44500e+02, 0.00000e+00, 0.00000e+00],
   [6.59750e+02, 1.54750e+02, 0.00000e+00, 0.00000e+00, 1.99250e+02, 4.67250e+02, 0.00000e+00, 0.00000e+00],
   [7.43500e+02, 3.24750e+02, 0.00000e+00, 0.00000e+00, 7.46750e+02, 4.31500e+02, 0.00000e+00, 0.00000e+00],
   [1.32500e+02, 1.58500e+02, 0.00000e+00, 0.00000e+00, 5.60500e+02, 0.00000e+00, 0.00000e+00, 2.66750e+02],
   [5.80000e+01, 0.00000e+00, 5.06250e+02, 7.30750e+02, 3.69500e+02, 0.00000e+00, 0.00000e+00, 3.21000e+02],
   [8.62500e+01, 6.82500e+01, 0.00000e+00, 3.91250e+02, 0.00000e+00, 0.00000e+00, 0.00000e+00, 0.00000e+00],
   [1.90000e+01, 0.00000e+00, 0.00000e+00, 2.40000e+01, 0.00000e+00, 0.00000e+00, 0.00000e+00, 1.40000e+01]],

  [[0.00000e+00, 0.00000e+00, 0.00000e+00, 0.00000e+00, 0.00000e+00, 0.00000e+00, 0.00000e+00, 0.00000e+00],
   [0.00000e+00, 0.00000e+00, 0.00000e+00, 0.00000e+00, 0.00000e+00, 0.00000e+00, 0.00000e+00, 0.00000e+00],
   [1.05500e+02, 0.00000e+00, 0.00000e+00, 0.00000e+00, 0.00000e+00, 1.90000e+02, 0.00000e+00, 0.00000e+00],
   [2.67750e+02, 1.07750e+02, 0.00000e+00, 0.00000e+00, 0.00000e+00, 4.19750e+02, 0.00000e+00, 0.00000e+00],
   [3.87250e+02, 1.41500e+02, 0.00000e+00, 0.00000e+00, 0.00000e+00, 4.74750e+02, 0.00000e+00, 0.00000e+00],
   [7.37500e+02, 1.38000e+02, 0.00000e+00, 0.00000e+00, 6.58250e+02, 5.37000e+02, 0.00000e+00, 0.00000e+00],
   [7.50500e+02, 1.21000e+02, 0.00000e+00, 0.00000e+00, 9.30750e+02, 3.11750e+02, 0.00000e+00, 0.00000e+00],
   [3.30750e+02, 0.00000e+00, 0.00000e+00, 4.82750e+02, 4.86000e+02, 0.00000e+00, 0.00000e+00, 4.05250e+02],
   [0.00000e+00, 0.00000e+00, 0.00000e+00, 5.61750e+02, 0.00000e+00, 0.00000e+00, 0.00000e+00, 3.23000e+02],
   [2.64000e+02, 0.00000e+00, 0.00000e+00, 1.00925e+03, 0.00000e+00, 0.00000e+00, 0.00000e+00, 1.06500e+02],
   [0.00000e+00, 0.00000e+00, 5.12500e+01, 2.94500e+02, 0.00000e+00, 0.00000e+00, 0.00000e+00, 0.00000e+00],
   [7.00000e+00, 0.00000e+00, 3.80000e+01, 6.20000e+01, 0.00000e+00, 0.00000e+00, 0.00000e+00, 0.00000e+00]],

  [[0.00000e+00, 0.00000e+00, 0.00000e+00, 0.00000e+00, 0.00000e+00, 0.00000e+00, 0.00000e+00, 0.00000e+00],
   [0.00000e+00, 0.00000e+00, 0.00000e+00, 0.00000e+00, 0.00000e+00, 0.00000e+00, 0.00000e+00, 0.00000e+00],
   [1.31750e+02, 1.41000e+02, 0.00000e+00, 0.00000e+00, 0.00000e+00, 1.36250e+02, 2.55000e+01, 3.92500e+01],
   [5.36500e+02, 2.81500e+02, 0.00000e+00, 0.00000e+00, 0.00000e+00, 7.57000e+02, 0.00000e+00, 0.00000e+00],
   [9.00750e+02, 8.17500e+01, 0.00000e+00, 0.00000e+00, 0.00000e+00, 8.87000e+02, 0.00000e+00, 0.00000e+00],
   [2.02250e+02, 0.00000e+00, 0.00000e+00, 0.00000e+00, 7.24500e+02, 0.00000e+00, 0.00000e+00, 0.00000e+00],
   [0.00000e+00, 0.00000e+00, 0.00000e+00, 3.42500e+02, 4.84750e+02, 0.00000e+00, 0.00000e+00, 1.64750e+02],
   [5.67500e+01, 0.00000e+00, 0.00000e+00, 9.45750e+02, 0.00000e+00, 0.00000e+00, 0.00000e+00, 2.95750e+02],
   [1.52500e+02, 0.00000e+00, 0.00000e+00, 6.63000e+02, 0.00000e+00, 0.00000e+00, 0.00000e+00, 0.00000e+00],
   [8.22500e+01, 0.00000e+00, 0.00000e+00, 4.09250e+02, 0.00000e+00, 0.00000e+00, 0.00000e+00, 0.00000e+00],
   [0.00000e+00, 1.11500e+02, 1.27000e+02, 1.28000e+02, 0.00000e+00, 0.00000e+00, 0.00000e+00, 0.00000e+00],
   [0.00000e+00, 2.50000e+01, 1.60000e+01, 9.00000e+00, 0.00000e+00, 0.00000e+00, 0.00000e+00, 0.00000e+00]],

  [[0.00000e+00, 0.00000e+00, 0.00000e+00, 0.00000e+00, 0.00000e+00, 0.00000e+00, 0.00000e+00, 0.00000e+00],
   [4.95000e+01, 3.75000e+01, 0.00000e+00, 6.35000e+01, 0.00000e+00, 3.45000e+01, 6.20000e+01, 0.00000e+00],
   [4.16000e+02, 0.00000e+00, 0.00000e+00, 0.00000e+00, 0.00000e+00, 6.58750e+02, 0.00000e+00, 0.00000e+00],
   [1.09050e+03, 0.00000e+00, 0.00000e+00, 0.00000e+00, 0.00000e+00, 1.13850e+03, 0.00000e+00, 0.00000e+00],
   [5.96000e+02, 3.00000e+01, 0.00000e+00, 0.00000e+00, 5.22000e+02, 6.84500e+02, 0.00000e+00, 0.00000e+00],
   [0.00000e+00, 0.00000e+00, 0.00000e+00, 0.00000e+00, 1.50500e+02, 0.00000e+00, 0.00000e+00, 2.18750e+02],
   [0.00000e+00, 0.00000e+00, 0.00000e+00, 9.14250e+02, 0.00000e+00, 0.00000e+00, 0.00000e+00, 4.80750e+02],
   [1.57500e+01, 0.00000e+00, 0.00000e+00, 7.25000e+02, 0.00000e+00, 0.00000e+00, 0.00000e+00, 0.00000e+00],
   [7.45000e+01, 0.00000e+00, 0.00000e+00, 4.01750e+02, 0.00000e+00, 0.00000e+00, 0.00000e+00, 0.00000e+00],
   [0.00000e+00, 9.10000e+01, 1.15750e+02, 9.42500e+01, 0.00000e+00, 0.00000e+00, 0.00000e+00, 0.00000e+00],
   [0.00000e+00, 6.25000e+00, 4.00000e+00, 2.25000e+00, 0.00000e+00, 0.00000e+00, 0.00000e+00, 0.00000e+00],
   [0.00000e+00, 0.00000e+00, 0.00000e+00, 0.00000e+00, 0.00000e+00, 0.00000e+00, 0.00000e+00, 0.00000e+00]],

  [[0.00000e+00, 0.00000e+00, 0.00000e+00, 0.00000e+00, 0.00000e+00, 0.00000e+00, 0.00000e+00, 0.00000e+00],
   [1.89750e+02, 4.70000e+01, 0.00000e+00, 0.00000e+00, 0.00000e+00, 4.05000e+02, 1.10250e+02, 0.00000e+00],
   [1.00925e+03, 3.50250e+02, 0.00000e+00, 0.00000e+00, 0.00000e+00, 9.11500e+02, 0.00000e+00, 0.00000e+00],
   [8.12250e+02, 1.32250e+02, 0.00000e+00, 0.00000e+00, 7.83250e+02, 9.60000e+02, 0.00000e+00, 0.00000e+00],
   [0.00000e+00, 0.00000e+00, 0.00000e+00, 0.00000e+00, 6.87000e+02, 0.00000e+00, 0.00000e+00, 2.82750e+02],
   [0.00000e+00, 0.00000e+00, 0.00000e+00, 8.19750e+02, 0.00000e+00, 0.00000e+00, 0.00000e+00, 4.24500e+02],
   [3.82750e+02, 0.00000e+00, 0.00000e+00, 8.55250e+02, 0.00000e+00, 0.00000e+00, 0.00000e+00, 7.80000e+01],
   [3.31250e+02, 0.00000e+00, 0.00000e+00, 4.38500e+02, 0.00000e+00, 0.00000e+00, 0.00000e+00, 0.00000e+00],
   [3.58750e+02, 0.00000e+00, 2.20750e+02, 0.00000e+00, 0.00000e+00, 0.00000e+00, 0.00000e+00, 0.00000e+00],
   [2.87250e+02, 0.00000e+00, 1.75000e+01, 0.00000e+00, 3.43500e+02, 2.00000e+00, 0.00000e+00, 0.00000e+00],
   [2.45250e+02, 1.16500e+02, 8.60000e+01, 3.48000e+02, 1.49750e+02, 0.00000e+00, 0.00000e+00, 0.00000e+00],
   [2.24500e+02, 1.81750e+02, 0.00000e+00, 1.94250e+02, 0.00000e+00, 0.00000e+00, 0.00000e+00, 1.31500e+02]],

  [[5.90000e+01, 4.65000e+01, 0.00000e+00, 8.35000e+01, 0.00000e+00, 2.85000e+01, 7.45000e+01, 0.00000e+00],
   [6.48250e+02, 2.37000e+02, 0.00000e+00, 0.00000e+00, 0.00000e+00, 9.09250e+02, 0.00000e+00, 0.00000e+00],
   [1.23250e+03, 3.28500e+02, 0.00000e+00, 0.00000e+00, 3.23000e+02, 1.20000e+03, 0.00000e+00, 0.00000e+00],
   [0.00000e+00, 0.00000e+00, 0.00000e+00, 0.00000e+00, 7.75000e+02, 0.00000e+00, 0.00000e+00, 1.25000e+00],
   [7.82500e+01, 0.00000e+00, 0.00000e+00, 6.70250e+02, 0.00000e+00, 0.00000e+00, 0.00000e+00, 3.56750e+02],
   [5.53750e+02, 0.00000e+00, 0.00000e+00, 7.06000e+02, 0.00000e+00, 0.00000e+00, 0.00000e+00, 0.00000e+00],
   [5.69250e+02, 0.00000e+00, 0.00000e+00, 1.68250e+02, 0.00000e+00, 0.00000e+00, 0.00000e+00, 0.00000e+00],
   [5.17250e+02, 3.00750e+02, 0.00000e+00, 0.00000e+00, 4.57500e+01, 1.00000e+01, 0.00000e+00, 0.00000e+00],
   [5.63000e+02, 2.03750e+02, 0.00000e+00, 0.00000e+00, 5.90250e+02, 1.25000e+02, 0.00000e+00, 0.00000e+00],
   [5.10250e+02, 0.00000e+00, 0.00000e+00, 0.00000e+00, 8.72000e+02, 0.00000e+00, 0.00000e+00, 0.00000e+00],
   [5.51250e+02, 0.00000e+00, 3.77000e+02, 7.64750e+02, 6.78750e+02, 0.00000e+00, 0.00000e+00, 0.00000e+00],
   [6.08750e+02, 3.50000e+02, 0.00000e+00, 6.25750e+02, 0.00000e+00, 0.00000e+00, 0.00000e+00, 1.22250e+02]],

  [[1.87000e+02, 3.15000e+01, 0.00000e+00, 0.00000e+00, 0.00000e+00, 3.23000e+02, 9.00000e+01, 0.00000e+00],
   [1.24750e+03, 3.81000e+02, 0.00000e+00, 0.00000e+00, 0.00000e+00, 1.34600e+03, 0.00000e+00, 0.00000e+00],
   [4.67750e+02, 8.82500e+01, 0.00000e+00, 0.00000e+00, 3.88000e+02, 9.47750e+02, 0.00000e+00, 0.00000e+00],
   [0.00000e+00, 0.00000e+00, 0.00000e+00, 1.18250e+02, 1.46000e+02, 0.00000e+00, 0.00000e+00, 1.48500e+02],
   [9.82000e+02, 0.00000e+00, 0.00000e+00, 4.37250e+02, 0.00000e+00, 0.00000e+00, 0.00000e+00, 0.00000e+00],
   [8.11500e+02, 0.00000e+00, 0.00000e+00, 1.34500e+02, 2.64000e+02, 0.00000e+00, 0.00000e+00, 0.00000e+00],
   [7.10750e+02, 4.31000e+02, 0.00000e+00, 0.00000e+00, 5.25750e+02, 0.00000e+00, 0.00000e+00, 0.00000e+00],
   [6.34500e+02, 1.57750e+02, 0.00000e+00, 0.00000e+00, 4.39250e+02, 6.87500e+01, 0.00000e+00, 2.45750e+02],
   [1.16000e+02, 0.00000e+00, 0.00000e+00, 0.00000e+00, 3.30000e+01, 0.00000e+00, 0.00000e+00, 1.81000e+02],
   [5.35000e+01, 0.00000e+00, 0.00000e+00, 3.25000e+00, 2.66250e+02, 0.00000e+00, 0.00000e+00, 0.00000e+00],
   [0.00000e+00, 0.00000e+00, 8.35000e+01, 1.05775e+03, 7.93500e+02, 0.00000e+00, 0.00000e+00, 0.00000e+00],
   [2.94250e+02, 1.53250e+02, 3.60000e+01, 7.04250e+02, 1.14500e+02, 0.00000e+00, 0.00000e+00, 0.00000e+00]],

  [[4.48500e+02, 1.45750e+02, 0.00000e+00, 0.00000e+00, 0.00000e+00, 6.65500e+02, 0.00000e+00, 2.00000e+00],
   [9.89750e+02, 4.17000e+02, 0.00000e+00, 0.00000e+00, 0.00000e+00, 1.38350e+03, 0.00000e+00, 0.00000e+00],
   [0.00000e+00, 0.00000e+00, 0.00000e+00, 0.00000e+00, 9.42500e+01, 1.73000e+02, 0.00000e+00, 1.85000e+02],
   [3.51000e+02, 0.00000e+00, 0.00000e+00, 1.55000e+02, 3.30250e+02, 0.00000e+00, 0.00000e+00, 3.52500e+01],
   [1.13050e+03, 2.01250e+02, 0.00000e+00, 3.62750e+02, 3.26750e+02, 0.00000e+00, 0.00000e+00, 0.00000e+00],
   [5.10250e+02, 0.00000e+00, 0.00000e+00, 3.85500e+02, 5.71500e+02, 0.00000e+00, 0.00000e+00, 0.00000e+00],
   [4.24000e+02, 0.00000e+00, 0.00000e+00, 7.55500e+02, 2.48250e+02, 0.00000e+00, 0.00000e+00, 0.00000e+00],
   [6.80500e+02, 0.00000e+00, 0.00000e+00, 5.76750e+02, 0.00000e+00, 0.00000e+00, 0.00000e+00, 0.00000e+00],
   [6.46500e+02, 0.00000e+00, 0.00000e+00, 0.00000e+00, 0.00000e+00, 0.00000e+00, 0.00000e+00, 0.00000e+00],
   [0.00000e+00, 5.32500e+01, 0.00000e+00, 0.00000e+00, 1.77500e+01, 0.00000e+00, 0.00000e+00, 8.00000e+00],
   [0.00000e+00, 0.00000e+00, 1.57500e+01, 1.17925e+03, 9.62500e+01, 0.00000e+00, 0.00000e+00, 3.89000e+02],
   [2.02500e+01, 2.20000e+01, 0.00000e+00, 6.97250e+02, 0.00000e+00, 0.00000e+00, 0.00000e+00, 0.00000e+00]],

  [[4.02000e+02, 1.35000e+02, 0.00000e+00, 0.00000e+00, 1.02750e+02, 4.77500e+02, 0.00000e+00, 5.25000e+01],
   [6.95750e+02, 2.60750e+02, 0.00000e+00, 0.00000e+00, 0.00000e+00, 1.32300e+03, 0.00000e+00, 0.00000e+00],
   [0.00000e+00, 0.00000e+00, 0.00000e+00, 0.00000e+00, 0.00000e+00, 4.55000e+01, 3.10000e+02, 1.60500e+02],
   [1.19250e+02, 0.00000e+00, 0.00000e+00, 3.52500e+01, 1.30500e+02, 0.00000e+00, 0.00000e+00, 0.00000e+00],
   [0.00000e+00, 0.00000e+00, 0.00000e+00, 0.00000e+00, 9.00000e+01, 0.00000e+00, 0.00000e+00, 0.00000e+00],
   [0.00000e+00, 0.00000e+00, 0.00000e+00, 9.40000e+01, 1.55000e+01, 0.00000e+00, 0.00000e+00, 0.00000e+00],
   [2.62000e+02, 0.00000e+00, 0.00000e+00, 3.23750e+02, 5.32500e+01, 0.00000e+00, 0.00000e+00, 0.00000e+00],
   [6.38250e+02, 0.00000e+00, 0.00000e+00, 0.00000e+00, 4.42500e+01, 0.00000e+00, 0.00000e+00, 0.00000e+00],
   [2.15250e+02, 2.70500e+02, 0.00000e+00, 0.00000e+00, 5.40000e+01, 0.00000e+00, 0.00000e+00, 0.00000e+00],
   [0.00000e+00, 1.60000e+01, 0.00000e+00, 1.07750e+02, 0.00000e+00, 0.00000e+00, 0.00000e+00, 2.76750e+02],
   [1.97250e+02, 0.00000e+00, 0.00000e+00, 1.05200e+03, 0.00000e+00, 0.00000e+00, 0.00000e+00, 1.68250e+02],
   [5.25000e+00, 0.00000e+00, 0.00000e+00, 3.91250e+02, 0.00000e+00, 0.00000e+00, 0.00000e+00, 0.00000e+00]],

  [[2.20500e+02, 0.00000e+00, 6.15000e+01, 1.88250e+02, 4.87500e+01, 2.86500e+02, 0.00000e+00, 0.00000e+00],
   [2.83750e+02, 0.00000e+00, 0.00000e+00, 0.00000e+00, 1.33500e+02, 5.16000e+02, 0.00000e+00, 1.18000e+02],
   [6.47500e+01, 8.95000e+01, 0.00000e+00, 0.00000e+00, 0.00000e+00, 3.14500e+02, 6.56000e+02, 1.30250e+02],
   [3.76250e+02, 0.00000e+00, 0.00000e+00, 3.07250e+02, 0.00000e+00, 0.00000e+00, 0.00000e+00, 1.53000e+02],
   [0.00000e+00, 0.00000e+00, 0.00000e+00, 0.00000e+00, 0.00000e+00, 0.00000e+00, 0.00000e+00, 5.82500e+01],
   [0.00000e+00, 0.00000e+00, 0.00000e+00, 8.60000e+01, 0.00000e+00, 0.00000e+00, 0.00000e+00, 5.75000e+00],
   [0.00000e+00, 0.00000e+00, 0.00000e+00, 5.87000e+02, 0.00000e+00, 0.00000e+00, 0.00000e+00, 0.00000e+00],
   [0.00000e+00, 0.00000e+00, 0.00000e+00, 4.93750e+02, 0.00000e+00, 0.00000e+00, 0.00000e+00, 0.00000e+00],
   [0.00000e+00, 0.00000e+00, 0.00000e+00, 4.33250e+02, 0.00000e+00, 0.00000e+00, 0.00000e+00, 1.11750e+02],
   [1.47500e+01, 0.00000e+00, 0.00000e+00, 3.80500e+02, 0.00000e+00, 0.00000e+00, 0.00000e+00, 0.00000e+00],
   [1.86250e+02, 0.00000e+00, 0.00000e+00, 5.80500e+02, 0.00000e+00, 0.00000e+00, 0.00000e+00, 0.00000e+00],
   [0.00000e+00, 1.08500e+02, 1.47750e+02, 1.63250e+02, 0.00000e+00, 0.00000e+00, 0.00000e+00, 0.00000e+00]],

  [[3.60000e+01, 0.00000e+00, 2.70000e+01, 4.95000e+01, 0.00000e+00, 5.32500e+01, 0.00000e+00, 0.00000e+00],
   [3.22500e+02, 0.00000e+00, 2.35500e+02, 4.14750e+02, 0.00000e+00, 4.79000e+02, 0.00000e+00, 0.00000e+00],
   [1.29000e+02, 0.00000e+00, 1.72250e+02, 0.00000e+00, 0.00000e+00, 4.62250e+02, 2.20500e+02, 5.62500e+01],
   [3.75000e+01, 0.00000e+00, 0.00000e+00, 0.00000e+00, 0.00000e+00, 1.62500e+01, 4.60500e+02, 0.00000e+00],
   [0.00000e+00, 0.00000e+00, 0.00000e+00, 2.03000e+02, 0.00000e+00, 0.00000e+00, 3.00250e+02, 0.00000e+00],
   [0.00000e+00, 0.00000e+00, 0.00000e+00, 3.62750e+02, 0.00000e+00, 0.00000e+00, 1.08750e+02, 0.00000e+00],
   [0.00000e+00, 0.00000e+00, 0.00000e+00, 3.98750e+02, 0.00000e+00, 0.00000e+00, 0.00000e+00, 0.00000e+00],
   [0.00000e+00, 2.57500e+01, 0.00000e+00, 1.53000e+02, 0.00000e+00, 0.00000e+00, 6.15000e+01, 0.00000e+00],
   [0.00000e+00, 0.00000e+00, 0.00000e+00, 1.84000e+02, 0.00000e+00, 0.00000e+00, 0.00000e+00, 0.00000e+00],
   [1.07500e+01, 0.00000e+00, 3.25000e+00, 2.62000e+02, 0.00000e+00, 0.00000e+00, 0.00000e+00, 0.00000e+00],
   [0.00000e+00, 1.01000e+02, 1.01250e+02, 8.27500e+01, 0.00000e+00, 0.00000e+00, 0.00000e+00, 0.00000e+00],
   [0.00000e+00, 1.87500e+01, 1.20000e+01, 6.75000e+00, 0.00000e+00, 0.00000e+00, 0.00000e+00, 0.00000e+00]],

  [[0.00000e+00, 0.00000e+00, 0.00000e+00, 0.00000e+00, 0.00000e+00, 0.00000e+00, 0.00000e+00, 0.00000e+00],
   [0.00000e+00, 0.00000e+00, 0.00000e+00, 0.00000e+00, 0.00000e+00, 0.00000e+00, 0.00000e+00, 0.00000e+00],
   [1.08000e+02, 0.00000e+00, 9.00000e+01, 1.53000e+02, 0.00000e+00, 1.63500e+02, 0.00000e+00, 0.00000e+00],
   [6.67500e+01, 0.00000e+00, 1.71750e+02, 5.17500e+01, 0.00000e+00, 2.27250e+02, 1.03500e+02, 2.17500e+01],
   [9.45000e+01, 0.00000e+00, 1.47000e+02, 3.67500e+01, 0.00000e+00, 1.38000e+02, 1.71000e+02, 0.00000e+00],
   [0.00000e+00, 0.00000e+00, 1.29000e+02, 0.00000e+00, 0.00000e+00, 5.27500e+01, 1.74750e+02, 0.00000e+00],
   [0.00000e+00, 0.00000e+00, 1.11750e+02, 3.02500e+01, 0.00000e+00, 0.00000e+00, 1.00500e+02, 0.00000e+00],
   [0.00000e+00, 8.17500e+01, 6.42500e+01, 0.00000e+00, 0.00000e+00, 0.00000e+00, 7.72500e+01, 0.00000e+00],
   [0.00000e+00, 0.00000e+00, 0.00000e+00, 3.67500e+01, 0.00000e+00, 0.00000e+00, 1.65000e+01, 0.00000e+00],
   [0.00000e+00, 4.87500e+01, 3.60000e+01, 1.57500e+01, 0.00000e+00, 0.00000e+00, 0.00000e+00, 0.00000e+00],
   [0.00000e+00, 0.00000e+00, 0.00000e+00, 0.00000e+00, 0.00000e+00, 0.00000e+00, 0.00000e+00, 0.00000e+00],
   [0.00000e+00, 0.00000e+00, 0.00000e+00, 0.00000e+00, 0.00000e+00, 0.00000e+00, 0.00000e+00, 0.00000e+00]]]]

🔹 Layer: average_pooling2d_3
   📐 Output Shape: (1, 6, 6, 8)
   🔢 Output Values:
[[[[0.000000e+00, 0.000000e+00, 0.000000e+00, 0.000000e+00, 0.000000e+00, 0.000000e+00, 0.000000e+00, 0.000000e+00],
   [1.276250e+02, 3.218750e+01, 0.000000e+00, 7.250000e+00, 0.000000e+00, 1.848750e+02, 6.687500e+00, 0.000000e+00],
   [4.458750e+02, 6.987500e+01, 0.000000e+00, 0.000000e+00, 1.645625e+02, 4.435000e+02, 0.000000e+00, 0.000000e+00],
   [6.211250e+02, 1.501250e+02, 0.000000e+00, 1.206875e+02, 5.906875e+02, 3.026250e+02, 0.000000e+00, 1.013125e+02],
   [1.136250e+02, 3.962500e+01, 1.265625e+02, 5.754375e+02, 2.325000e+02, 0.000000e+00, 0.000000e+00, 2.543125e+02],
   [2.806250e+01, 1.706250e+01, 2.231250e+01, 1.929375e+02, 0.000000e+00, 0.000000e+00, 0.000000e+00, 3.500000e+00]],

  [[1.237500e+01, 9.375000e+00, 0.000000e+00, 1.587500e+01, 0.000000e+00, 8.625000e+00, 1.550000e+01, 0.000000e+00],
   [5.436875e+02, 1.056250e+02, 0.000000e+00, 0.000000e+00, 0.000000e+00, 6.726250e+02, 6.375000e+00, 9.812500e+00],
   [4.247500e+02, 2.793750e+01, 0.000000e+00, 0.000000e+00, 3.492500e+02, 3.928750e+02, 0.000000e+00, 5.468750e+01],
   [1.812500e+01, 0.000000e+00, 0.000000e+00, 7.318750e+02, 1.211875e+02, 0.000000e+00, 0.000000e+00, 2.353125e+02],
   [7.731250e+01, 2.275000e+01, 2.893750e+01, 3.920625e+02, 0.000000e+00, 0.000000e+00, 0.000000e+00, 0.000000e+00],
   [0.000000e+00, 3.568750e+01, 3.675000e+01, 3.481250e+01, 0.000000e+00, 0.000000e+00, 0.000000e+00, 0.000000e+00]],

  [[2.242500e+02, 8.262500e+01, 0.000000e+00, 2.087500e+01, 0.000000e+00, 3.356875e+02, 4.618750e+01, 0.000000e+00],
   [7.635000e+02, 2.027500e+02, 0.000000e+00, 0.000000e+00, 4.703125e+02, 7.678750e+02, 0.000000e+00, 3.125000e-01],
   [1.580000e+02, 0.000000e+00, 0.000000e+00, 5.490000e+02, 1.717500e+02, 0.000000e+00, 0.000000e+00, 2.660000e+02],
   [4.501250e+02, 7.518750e+01, 0.000000e+00, 3.655000e+02, 1.143750e+01, 2.500000e+00, 0.000000e+00, 1.950000e+01],
   [4.298125e+02, 5.093750e+01, 5.956250e+01, 0.000000e+00, 4.514375e+02, 3.175000e+01, 0.000000e+00, 0.000000e+00],
   [4.074375e+02, 1.620625e+02, 1.157500e+02, 4.831875e+02, 2.071250e+02, 0.000000e+00, 0.000000e+00, 6.343750e+01]],

  [[7.181875e+02, 2.438125e+02, 0.000000e+00, 0.000000e+00, 0.000000e+00, 9.295000e+02, 2.250000e+01, 5.000000e-01],
   [2.046875e+02, 2.206250e+01, 0.000000e+00, 6.831250e+01, 2.396250e+02, 2.801875e+02, 0.000000e+00, 9.218750e+01],
   [8.585625e+02, 5.031250e+01, 0.000000e+00, 3.300000e+02, 2.905625e+02, 0.000000e+00, 0.000000e+00, 0.000000e+00],
   [6.124375e+02, 1.471875e+02, 0.000000e+00, 3.330625e+02, 3.033125e+02, 1.718750e+01, 0.000000e+00, 6.143750e+01],
   [2.040000e+02, 1.331250e+01, 0.000000e+00, 8.125000e-01, 7.925000e+01, 0.000000e+00, 0.000000e+00, 4.725000e+01],
   [7.862500e+01, 4.381250e+01, 3.381250e+01, 9.096250e+02, 2.510625e+02, 0.000000e+00, 0.000000e+00, 9.725000e+01]],

  [[4.005000e+02, 9.893750e+01, 1.537500e+01, 4.706250e+01, 7.125000e+01, 6.507500e+02, 0.000000e+00, 4.262500e+01],
   [1.400625e+02, 2.237500e+01, 0.000000e+00, 8.562500e+01, 3.262500e+01, 9.000000e+01, 2.415000e+02, 1.109375e+02],
   [0.000000e+00, 0.000000e+00, 0.000000e+00, 4.500000e+01, 2.637500e+01, 0.000000e+00, 0.000000e+00, 1.600000e+01],
   [2.250625e+02, 0.000000e+00, 0.000000e+00, 3.511250e+02, 2.437500e+01, 0.000000e+00, 0.000000e+00, 0.000000e+00],
   [5.750000e+01, 7.162500e+01, 0.000000e+00, 2.303750e+02, 1.350000e+01, 0.000000e+00, 0.000000e+00, 9.712500e+01],
   [9.718750e+01, 2.712500e+01, 3.693750e+01, 5.467500e+02, 0.000000e+00, 0.000000e+00, 0.000000e+00, 4.206250e+01]],

  [[8.962500e+01, 0.000000e+00, 6.562500e+01, 1.160625e+02, 0.000000e+00, 1.330625e+02, 0.000000e+00, 0.000000e+00],
   [8.531250e+01, 0.000000e+00, 1.085000e+02, 5.118750e+01, 0.000000e+00, 2.173125e+02, 1.961250e+02, 1.950000e+01],
   [2.362500e+01, 0.000000e+00, 6.900000e+01, 1.506250e+02, 0.000000e+00, 4.768750e+01, 1.886875e+02, 0.000000e+00],
   [0.000000e+00, 2.687500e+01, 4.400000e+01, 1.455000e+02, 0.000000e+00, 0.000000e+00, 5.981250e+01, 0.000000e+00],
   [2.687500e+00, 1.218750e+01, 9.812500e+00, 1.246250e+02, 0.000000e+00, 0.000000e+00, 4.125000e+00, 0.000000e+00],
   [0.000000e+00, 2.993750e+01, 2.831250e+01, 2.237500e+01, 0.000000e+00, 0.000000e+00, 0.000000e+00, 0.000000e+00]]]]

🔹 Layer: flatten_1
   📐 Output Shape: (1, 288)
   🔢 Output Values:
[[0.000000e+00, 0.000000e+00, 0.000000e+00, 0.000000e+00, 0.000000e+00, 0.000000e+00, 0.000000e+00, 0.000000e+00, 1.276250e+02, 3.218750e+01, 0.000000e+00, 7.250000e+00, 0.000000e+00, 1.848750e+02, 6.687500e+00, 0.000000e+00, 4.458750e+02, 6.987500e+01, 0.000000e+00, 0.000000e+00, 1.645625e+02, 4.435000e+02, 0.000000e+00, 0.000000e+00, 6.211250e+02, 1.501250e+02, 0.000000e+00, 1.206875e+02, 5.906875e+02, 3.026250e+02, 0.000000e+00, 1.013125e+02, 1.136250e+02, 3.962500e+01, 1.265625e+02, 5.754375e+02, 2.325000e+02, 0.000000e+00, 0.000000e+00, 2.543125e+02, 2.806250e+01, 1.706250e+01, 2.231250e+01, 1.929375e+02, 0.000000e+00, 0.000000e+00, 0.000000e+00, 3.500000e+00, 1.237500e+01, 9.375000e+00, 0.000000e+00, 1.587500e+01, 0.000000e+00, 8.625000e+00, 1.550000e+01, 0.000000e+00, 5.436875e+02, 1.056250e+02, 0.000000e+00, 0.000000e+00, 0.000000e+00, 6.726250e+02, 6.375000e+00, 9.812500e+00, 4.247500e+02, 2.793750e+01, 0.000000e+00, 0.000000e+00, 3.492500e+02, 3.928750e+02, 0.000000e+00, 5.468750e+01, 1.812500e+01, 0.000000e+00, 0.000000e+00, 7.318750e+02, 1.211875e+02, 0.000000e+00, 0.000000e+00, 2.353125e+02, 7.731250e+01, 2.275000e+01, 2.893750e+01, 3.920625e+02, 0.000000e+00, 0.000000e+00, 0.000000e+00, 0.000000e+00, 0.000000e+00, 3.568750e+01, 3.675000e+01, 3.481250e+01, 0.000000e+00, 0.000000e+00, 0.000000e+00, 0.000000e+00, 2.242500e+02, 8.262500e+01, 0.000000e+00, 2.087500e+01, 0.000000e+00, 3.356875e+02, 4.618750e+01, 0.000000e+00, 7.635000e+02, 2.027500e+02, 0.000000e+00, 0.000000e+00, 4.703125e+02, 7.678750e+02, 0.000000e+00, 3.125000e-01, 1.580000e+02, 0.000000e+00, 0.000000e+00, 5.490000e+02, 1.717500e+02, 0.000000e+00, 0.000000e+00, 2.660000e+02, 4.501250e+02, 7.518750e+01, 0.000000e+00, 3.655000e+02, 1.143750e+01, 2.500000e+00, 0.000000e+00, 1.950000e+01, 4.298125e+02, 5.093750e+01, 5.956250e+01, 0.000000e+00, 4.514375e+02, 3.175000e+01, 0.000000e+00, 0.000000e+00, 4.074375e+02, 1.620625e+02, 1.157500e+02, 4.831875e+02, 2.071250e+02, 0.000000e+00, 0.000000e+00, 6.343750e+01, 7.181875e+02, 2.438125e+02, 0.000000e+00, 0.000000e+00, 0.000000e+00, 9.295000e+02, 2.250000e+01, 5.000000e-01, 2.046875e+02, 2.206250e+01, 0.000000e+00, 6.831250e+01, 2.396250e+02, 2.801875e+02, 0.000000e+00, 9.218750e+01, 8.585625e+02, 5.031250e+01, 0.000000e+00, 3.300000e+02, 2.905625e+02, 0.000000e+00, 0.000000e+00, 0.000000e+00, 6.124375e+02, 1.471875e+02, 0.000000e+00, 3.330625e+02, 3.033125e+02, 1.718750e+01, 0.000000e+00, 6.143750e+01, 2.040000e+02, 1.331250e+01, 0.000000e+00, 8.125000e-01, 7.925000e+01, 0.000000e+00, 0.000000e+00, 4.725000e+01, 7.862500e+01, 4.381250e+01, 3.381250e+01, 9.096250e+02, 2.510625e+02, 0.000000e+00, 0.000000e+00, 9.725000e+01, 4.005000e+02, 9.893750e+01, 1.537500e+01, 4.706250e+01, 7.125000e+01, 6.507500e+02, 0.000000e+00, 4.262500e+01, 1.400625e+02, 2.237500e+01, 0.000000e+00, 8.562500e+01, 3.262500e+01, 9.000000e+01, 2.415000e+02, 1.109375e+02, 0.000000e+00, 0.000000e+00, 0.000000e+00, 4.500000e+01, 2.637500e+01, 0.000000e+00, 0.000000e+00, 1.600000e+01, 2.250625e+02, 0.000000e+00, 0.000000e+00, 3.511250e+02, 2.437500e+01, 0.000000e+00, 0.000000e+00, 0.000000e+00, 5.750000e+01, 7.162500e+01, 0.000000e+00, 2.303750e+02, 1.350000e+01, 0.000000e+00, 0.000000e+00, 9.712500e+01, 9.718750e+01, 2.712500e+01, 3.693750e+01, 5.467500e+02, 0.000000e+00, 0.000000e+00, 0.000000e+00, 4.206250e+01, 8.962500e+01, 0.000000e+00, 6.562500e+01, 1.160625e+02, 0.000000e+00, 1.330625e+02, 0.000000e+00, 0.000000e+00, 8.531250e+01, 0.000000e+00, 1.085000e+02, 5.118750e+01, 0.000000e+00, 2.173125e+02, 1.961250e+02, 1.950000e+01, 2.362500e+01, 0.000000e+00, 6.900000e+01, 1.506250e+02, 0.000000e+00, 4.768750e+01, 1.886875e+02, 0.000000e+00, 0.000000e+00, 2.687500e+01, 4.400000e+01, 1.455000e+02, 0.000000e+00, 0.000000e+00, 5.981250e+01, 0.000000e+00, 2.687500e+00, 1.218750e+01, 9.812500e+00, 1.246250e+02, 0.000000e+00, 0.000000e+00, 4.125000e+00, 0.000000e+00, 0.000000e+00, 2.993750e+01, 2.831250e+01, 2.237500e+01, 0.000000e+00, 0.000000e+00, 0.000000e+00, 0.000000e+00]]

🔹 Layer: lambda_1
   📐 Output Shape: (1, 288)
   🔢 Output Values:
[[0., 0., 0., 0., 0., 0., 0., 0., 1., 0., 0., 0., 0., 1., 0., 0., 3., 1., 0., 0., 1., 3., 0., 0., 5., 1., 0., 1., 4., 2., 0., 1., 1., 0., 1., 4., 2., 0., 0., 2., 0., 0., 0., 1., 0., 0., 0., 0., 0., 0., 0., 0., 0., 0., 0., 0., 4., 1., 0., 0., 0., 5., 0., 0., 3., 0., 0., 0., 3., 3., 0., 0., 0., 0., 0., 6., 1., 0., 0., 2., 1., 0., 0., 3., 0., 0., 0., 0., 0., 0., 0., 0., 0., 0., 0., 0., 2., 1., 0., 0., 0., 3., 0., 0., 6., 2., 0., 0., 4., 6., 0., 0., 1., 0., 0., 4., 1., 0., 0., 2., 3., 1., 0., 3., 0., 0., 0., 0., 3., 0., 0., 0., 3., 0., 0., 0., 3., 1., 1., 4., 2., 0., 0., 0., 5., 2., 0., 0., 0., 7., 0., 0., 2., 0., 0., 1., 2., 2., 0., 1., 6., 0., 0., 2., 2., 0., 0., 0., 5., 1., 0., 3., 2., 0., 0., 0., 2., 0., 0., 0., 1., 0., 0., 0., 1., 0., 0., 7., 2., 0., 0., 1., 3., 1., 0., 0., 1., 5., 0., 0., 1., 0., 0., 1., 0., 1., 2., 1., 0., 0., 0., 0., 0., 0., 0., 0., 2., 0., 0., 3., 0., 0., 0., 0., 0., 1., 0., 2., 0., 0., 0., 1., 1., 0., 0., 4., 0., 0., 0., 0., 1., 0., 0., 1., 0., 1., 0., 0., 1., 0., 1., 0., 0., 2., 1., 0., 0., 0., 1., 1., 0., 0., 1., 0., 0., 0., 0., 1., 0., 0., 0., 0., 0., 0., 0., 1., 0., 0., 0., 0., 0., 0., 0., 0., 0., 0., 0., 0.]]

🔹 Layer: dense_3
   📐 Output Shape: (1, 120)
   🔢 Output Values:
[[  0.,   0.,   5.,   0.,   2.,   0.,   0.,  64.,   0.,  11.,   0.,  41.,  77.,  23.,  11., 108.,   0.,   0.,  21.,  18.,   0.,   0.,   0.,   0.,   0.,   0.,   0.,   0.,   0.,   0.,  11.,   0.,   0.,  28.,   4.,   0.,   0.,  12.,   0.,   0.,   0.,   0.,   0.,  39.,   0.,  34.,   0.,  72.,   0.,  54.,   0.,   0.,   0.,   0.,   0.,   0.,   0.,   0.,   4.,  38.,   0.,   0.,   0.,   0.,  50.,  88.,  39.,  37.,   0.,  32.,   2.,  47.,   7.,  29.,   0.,  17.,  29.,  24.,   0.,  97.,   0.,  26.,   0.,   0.,  39.,  57.,   0.,   0.,  17.,  17.,  85.,   0.,   0.,  14.,   0.,   0.,   0.,   0.,   0.,  29.,   0.,   0.,   0.,   0.,   0.,   0.,   0.,   0.,   0.,   0.,   0.,   0.,   0.,   0.,  84.,   0.,  68.,  40.,   0.,   0.]]

🔹 Layer: dense_4
   📐 Output Shape: (1, 84)
   🔢 Output Values:
[[   0.,    0.,    0., 1091.,    0., 2128.,  546.,    0.,    0.,    0.,    0.,    0., 1685.,  421.,  685.,    0.,    0., 1036.,    0.,    0.,    0.,  275.,    0.,    0.,  410.,    0.,  327.,    0.,    0.,  194.,    0., 2331.,    0.,    0., 1370.,  235.,    0.,    0.,    0.,    0., 1780., 1094.,    0.,    0., 1186.,  516.,  103.,    0.,    0.,    0.,    0.,    0.,    0.,    0., 1082.,  565.,  555.,    0.,   32.,    0.,    0.,  657., 1229., 1419., 1498.,    0.,    0.,   63.,  304.,  146., 1464.,   51.,    0.,    0.,    0.,    0.,  603., 2543., 1274.,    0.,    0., 1072.,  482.,  401.]]

🔹 Layer: dense_5
   📐 Output Shape: (1, 10)
   🔢 Output Values:
[[0., 0., 0., 0., 0., 0., 1., 0., 0., 0.]]

🎯 Prediction for Image 10000:
   ✅ Predicted Label: 6
   🎯 True Label: 6
   ✅ Result: Correct Prediction
