=============================
  🔍 Inference for Image 1004  
=============================

🔹 Layer: input_2
   📐 Output Shape: (1, 28, 28, 1)
   🔢 Output Values:
[[[[0.],
   [0.],
   [0.],
   [0.],
   [0.],
   [0.],
   [0.],
   [0.],
   [0.],
   [0.],
   [0.],
   [0.],
   [0.],
   [0.],
   [0.],
   [0.],
   [0.],
   [0.],
   [0.],
   [0.],
   [0.],
   [0.],
   [0.],
   [0.],
   [0.],
   [0.],
   [0.],
   [0.]],

  [[0.],
   [0.],
   [0.],
   [0.],
   [0.],
   [0.],
   [0.],
   [0.],
   [0.],
   [0.],
   [0.],
   [0.],
   [0.],
   [0.],
   [0.],
   [0.],
   [0.],
   [0.],
   [0.],
   [0.],
   [0.],
   [0.],
   [0.],
   [0.],
   [0.],
   [0.],
   [0.],
   [0.]],

  [[0.],
   [0.],
   [0.],
   [0.],
   [0.],
   [0.],
   [0.],
   [0.],
   [0.],
   [0.],
   [0.],
   [0.],
   [0.],
   [0.],
   [0.],
   [0.],
   [0.],
   [0.],
   [0.],
   [0.],
   [0.],
   [0.],
   [0.],
   [0.],
   [0.],
   [0.],
   [0.],
   [0.]],

  [[0.],
   [0.],
   [0.],
   [0.],
   [0.],
   [0.],
   [0.],
   [0.],
   [0.],
   [0.],
   [0.],
   [0.],
   [0.],
   [0.],
   [0.],
   [0.],
   [0.],
   [0.],
   [0.],
   [0.],
   [0.],
   [0.],
   [0.],
   [0.],
   [0.],
   [0.],
   [0.],
   [0.]],

  [[0.],
   [0.],
   [0.],
   [0.],
   [0.],
   [0.],
   [0.],
   [0.],
   [0.],
   [0.],
   [0.],
   [0.],
   [0.],
   [0.],
   [0.],
   [0.],
   [0.],
   [0.],
   [0.],
   [0.],
   [0.],
   [0.],
   [0.],
   [0.],
   [0.],
   [0.],
   [0.],
   [0.]],

  [[0.],
   [0.],
   [0.],
   [0.],
   [0.],
   [0.],
   [0.],
   [0.],
   [0.],
   [0.],
   [3.],
   [7.],
   [7.],
   [7.],
   [7.],
   [7.],
   [7.],
   [7.],
   [7.],
   [7.],
   [3.],
   [0.],
   [0.],
   [0.],
   [0.],
   [0.],
   [0.],
   [0.]],

  [[0.],
   [0.],
   [0.],
   [0.],
   [0.],
   [0.],
   [0.],
   [0.],
   [0.],
   [5.],
   [7.],
   [7.],
   [7.],
   [7.],
   [7.],
   [7.],
   [7.],
   [7.],
   [7.],
   [7.],
   [7.],
   [1.],
   [0.],
   [0.],
   [0.],
   [0.],
   [0.],
   [0.]],

  [[0.],
   [0.],
   [0.],
   [0.],
   [0.],
   [0.],
   [0.],
   [0.],
   [0.],
   [7.],
   [7.],
   [7.],
   [7.],
   [7.],
   [7.],
   [7.],
   [7.],
   [7.],
   [7.],
   [7.],
   [7.],
   [3.],
   [0.],
   [0.],
   [0.],
   [0.],
   [0.],
   [0.]],

  [[0.],
   [0.],
   [0.],
   [0.],
   [0.],
   [0.],
   [0.],
   [0.],
   [0.],
   [7.],
   [7.],
   [7.],
   [7.],
   [7.],
   [7.],
   [7.],
   [7.],
   [7.],
   [7.],
   [7.],
   [7.],
   [0.],
   [0.],
   [0.],
   [0.],
   [0.],
   [0.],
   [0.]],

  [[0.],
   [0.],
   [0.],
   [0.],
   [0.],
   [0.],
   [0.],
   [0.],
   [0.],
   [7.],
   [7.],
   [7.],
   [7.],
   [1.],
   [3.],
   [3.],
   [7.],
   [7.],
   [7.],
   [7.],
   [7.],
   [0.],
   [0.],
   [0.],
   [0.],
   [0.],
   [0.],
   [0.]],

  [[0.],
   [0.],
   [0.],
   [0.],
   [0.],
   [0.],
   [0.],
   [0.],
   [0.],
   [5.],
   [7.],
   [7.],
   [5.],
   [0.],
   [0.],
   [0.],
   [0.],
   [0.],
   [1.],
   [3.],
   [1.],
   [0.],
   [0.],
   [0.],
   [0.],
   [0.],
   [0.],
   [0.]],

  [[0.],
   [0.],
   [0.],
   [0.],
   [0.],
   [0.],
   [0.],
   [0.],
   [0.],
   [3.],
   [7.],
   [7.],
   [7.],
   [3.],
   [3.],
   [3.],
   [3.],
   [0.],
   [0.],
   [0.],
   [0.],
   [0.],
   [0.],
   [0.],
   [0.],
   [0.],
   [0.],
   [0.]],

  [[0.],
   [0.],
   [0.],
   [0.],
   [0.],
   [0.],
   [0.],
   [0.],
   [0.],
   [0.],
   [7.],
   [7.],
   [7.],
   [7.],
   [7.],
   [7.],
   [7.],
   [7.],
   [3.],
   [0.],
   [0.],
   [0.],
   [0.],
   [0.],
   [0.],
   [0.],
   [0.],
   [0.]],

  [[0.],
   [0.],
   [0.],
   [0.],
   [0.],
   [0.],
   [0.],
   [0.],
   [0.],
   [0.],
   [7.],
   [7.],
   [7.],
   [7.],
   [7.],
   [7.],
   [7.],
   [7.],
   [7.],
   [5.],
   [0.],
   [0.],
   [0.],
   [0.],
   [0.],
   [0.],
   [0.],
   [0.]],

  [[0.],
   [0.],
   [0.],
   [0.],
   [0.],
   [0.],
   [0.],
   [0.],
   [0.],
   [0.],
   [7.],
   [7.],
   [7.],
   [7.],
   [7.],
   [7.],
   [7.],
   [7.],
   [7.],
   [7.],
   [5.],
   [0.],
   [0.],
   [0.],
   [0.],
   [0.],
   [0.],
   [0.]],

  [[0.],
   [0.],
   [0.],
   [0.],
   [0.],
   [0.],
   [0.],
   [0.],
   [0.],
   [0.],
   [3.],
   [7.],
   [7.],
   [7.],
   [7.],
   [7.],
   [7.],
   [7.],
   [7.],
   [7.],
   [7.],
   [0.],
   [0.],
   [0.],
   [0.],
   [0.],
   [0.],
   [0.]],

  [[0.],
   [0.],
   [0.],
   [0.],
   [0.],
   [0.],
   [0.],
   [0.],
   [0.],
   [0.],
   [0.],
   [3.],
   [3.],
   [1.],
   [0.],
   [0.],
   [1.],
   [5.],
   [7.],
   [7.],
   [7.],
   [5.],
   [0.],
   [0.],
   [0.],
   [0.],
   [0.],
   [0.]],

  [[0.],
   [0.],
   [0.],
   [0.],
   [0.],
   [0.],
   [0.],
   [0.],
   [0.],
   [0.],
   [0.],
   [0.],
   [0.],
   [0.],
   [0.],
   [0.],
   [0.],
   [0.],
   [5.],
   [7.],
   [7.],
   [7.],
   [0.],
   [0.],
   [0.],
   [0.],
   [0.],
   [0.]],

  [[0.],
   [0.],
   [0.],
   [0.],
   [0.],
   [0.],
   [1.],
   [1.],
   [0.],
   [0.],
   [0.],
   [0.],
   [0.],
   [0.],
   [0.],
   [0.],
   [0.],
   [0.],
   [0.],
   [7.],
   [7.],
   [7.],
   [0.],
   [0.],
   [0.],
   [0.],
   [0.],
   [0.]],

  [[0.],
   [0.],
   [0.],
   [0.],
   [0.],
   [1.],
   [7.],
   [7.],
   [7.],
   [3.],
   [1.],
   [0.],
   [0.],
   [0.],
   [0.],
   [0.],
   [0.],
   [0.],
   [1.],
   [7.],
   [7.],
   [7.],
   [0.],
   [0.],
   [0.],
   [0.],
   [0.],
   [0.]],

  [[0.],
   [0.],
   [0.],
   [0.],
   [0.],
   [0.],
   [7.],
   [7.],
   [7.],
   [7.],
   [7.],
   [7.],
   [3.],
   [1.],
   [0.],
   [0.],
   [0.],
   [3.],
   [7.],
   [7.],
   [7.],
   [3.],
   [0.],
   [0.],
   [0.],
   [0.],
   [0.],
   [0.]],

  [[0.],
   [0.],
   [0.],
   [0.],
   [0.],
   [0.],
   [1.],
   [5.],
   [7.],
   [7.],
   [7.],
   [7.],
   [7.],
   [7.],
   [7.],
   [7.],
   [7.],
   [7.],
   [7.],
   [7.],
   [7.],
   [0.],
   [0.],
   [0.],
   [0.],
   [0.],
   [0.],
   [0.]],

  [[0.],
   [0.],
   [0.],
   [0.],
   [0.],
   [0.],
   [0.],
   [1.],
   [5.],
   [7.],
   [7.],
   [7.],
   [7.],
   [7.],
   [7.],
   [7.],
   [7.],
   [7.],
   [7.],
   [7.],
   [5.],
   [0.],
   [0.],
   [0.],
   [0.],
   [0.],
   [0.],
   [0.]],

  [[0.],
   [0.],
   [0.],
   [0.],
   [0.],
   [0.],
   [0.],
   [0.],
   [0.],
   [3.],
   [7.],
   [7.],
   [7.],
   [7.],
   [7.],
   [7.],
   [7.],
   [7.],
   [7.],
   [1.],
   [0.],
   [0.],
   [0.],
   [0.],
   [0.],
   [0.],
   [0.],
   [0.]],

  [[0.],
   [0.],
   [0.],
   [0.],
   [0.],
   [0.],
   [0.],
   [0.],
   [0.],
   [0.],
   [0.],
   [1.],
   [3.],
   [7.],
   [7.],
   [7.],
   [7.],
   [3.],
   [1.],
   [0.],
   [0.],
   [0.],
   [0.],
   [0.],
   [0.],
   [0.],
   [0.],
   [0.]],

  [[0.],
   [0.],
   [0.],
   [0.],
   [0.],
   [0.],
   [0.],
   [0.],
   [0.],
   [0.],
   [0.],
   [0.],
   [0.],
   [0.],
   [0.],
   [0.],
   [0.],
   [0.],
   [0.],
   [0.],
   [0.],
   [0.],
   [0.],
   [0.],
   [0.],
   [0.],
   [0.],
   [0.]],

  [[0.],
   [0.],
   [0.],
   [0.],
   [0.],
   [0.],
   [0.],
   [0.],
   [0.],
   [0.],
   [0.],
   [0.],
   [0.],
   [0.],
   [0.],
   [0.],
   [0.],
   [0.],
   [0.],
   [0.],
   [0.],
   [0.],
   [0.],
   [0.],
   [0.],
   [0.],
   [0.],
   [0.]],

  [[0.],
   [0.],
   [0.],
   [0.],
   [0.],
   [0.],
   [0.],
   [0.],
   [0.],
   [0.],
   [0.],
   [0.],
   [0.],
   [0.],
   [0.],
   [0.],
   [0.],
   [0.],
   [0.],
   [0.],
   [0.],
   [0.],
   [0.],
   [0.],
   [0.],
   [0.],
   [0.],
   [0.]]]]

🔹 Layer: zero_padding2d_1
   📐 Output Shape: (1, 30, 30, 1)
   🔢 Output Values:
[[[[0.],
   [0.],
   [0.],
   [0.],
   [0.],
   [0.],
   [0.],
   [0.],
   [0.],
   [0.],
   [0.],
   [0.],
   [0.],
   [0.],
   [0.],
   [0.],
   [0.],
   [0.],
   [0.],
   [0.],
   [0.],
   [0.],
   [0.],
   [0.],
   [0.],
   [0.],
   [0.],
   [0.],
   [0.],
   [0.]],

  [[0.],
   [0.],
   [0.],
   [0.],
   [0.],
   [0.],
   [0.],
   [0.],
   [0.],
   [0.],
   [0.],
   [0.],
   [0.],
   [0.],
   [0.],
   [0.],
   [0.],
   [0.],
   [0.],
   [0.],
   [0.],
   [0.],
   [0.],
   [0.],
   [0.],
   [0.],
   [0.],
   [0.],
   [0.],
   [0.]],

  [[0.],
   [0.],
   [0.],
   [0.],
   [0.],
   [0.],
   [0.],
   [0.],
   [0.],
   [0.],
   [0.],
   [0.],
   [0.],
   [0.],
   [0.],
   [0.],
   [0.],
   [0.],
   [0.],
   [0.],
   [0.],
   [0.],
   [0.],
   [0.],
   [0.],
   [0.],
   [0.],
   [0.],
   [0.],
   [0.]],

  [[0.],
   [0.],
   [0.],
   [0.],
   [0.],
   [0.],
   [0.],
   [0.],
   [0.],
   [0.],
   [0.],
   [0.],
   [0.],
   [0.],
   [0.],
   [0.],
   [0.],
   [0.],
   [0.],
   [0.],
   [0.],
   [0.],
   [0.],
   [0.],
   [0.],
   [0.],
   [0.],
   [0.],
   [0.],
   [0.]],

  [[0.],
   [0.],
   [0.],
   [0.],
   [0.],
   [0.],
   [0.],
   [0.],
   [0.],
   [0.],
   [0.],
   [0.],
   [0.],
   [0.],
   [0.],
   [0.],
   [0.],
   [0.],
   [0.],
   [0.],
   [0.],
   [0.],
   [0.],
   [0.],
   [0.],
   [0.],
   [0.],
   [0.],
   [0.],
   [0.]],

  [[0.],
   [0.],
   [0.],
   [0.],
   [0.],
   [0.],
   [0.],
   [0.],
   [0.],
   [0.],
   [0.],
   [0.],
   [0.],
   [0.],
   [0.],
   [0.],
   [0.],
   [0.],
   [0.],
   [0.],
   [0.],
   [0.],
   [0.],
   [0.],
   [0.],
   [0.],
   [0.],
   [0.],
   [0.],
   [0.]],

  [[0.],
   [0.],
   [0.],
   [0.],
   [0.],
   [0.],
   [0.],
   [0.],
   [0.],
   [0.],
   [0.],
   [3.],
   [7.],
   [7.],
   [7.],
   [7.],
   [7.],
   [7.],
   [7.],
   [7.],
   [7.],
   [3.],
   [0.],
   [0.],
   [0.],
   [0.],
   [0.],
   [0.],
   [0.],
   [0.]],

  [[0.],
   [0.],
   [0.],
   [0.],
   [0.],
   [0.],
   [0.],
   [0.],
   [0.],
   [0.],
   [5.],
   [7.],
   [7.],
   [7.],
   [7.],
   [7.],
   [7.],
   [7.],
   [7.],
   [7.],
   [7.],
   [7.],
   [1.],
   [0.],
   [0.],
   [0.],
   [0.],
   [0.],
   [0.],
   [0.]],

  [[0.],
   [0.],
   [0.],
   [0.],
   [0.],
   [0.],
   [0.],
   [0.],
   [0.],
   [0.],
   [7.],
   [7.],
   [7.],
   [7.],
   [7.],
   [7.],
   [7.],
   [7.],
   [7.],
   [7.],
   [7.],
   [7.],
   [3.],
   [0.],
   [0.],
   [0.],
   [0.],
   [0.],
   [0.],
   [0.]],

  [[0.],
   [0.],
   [0.],
   [0.],
   [0.],
   [0.],
   [0.],
   [0.],
   [0.],
   [0.],
   [7.],
   [7.],
   [7.],
   [7.],
   [7.],
   [7.],
   [7.],
   [7.],
   [7.],
   [7.],
   [7.],
   [7.],
   [0.],
   [0.],
   [0.],
   [0.],
   [0.],
   [0.],
   [0.],
   [0.]],

  [[0.],
   [0.],
   [0.],
   [0.],
   [0.],
   [0.],
   [0.],
   [0.],
   [0.],
   [0.],
   [7.],
   [7.],
   [7.],
   [7.],
   [1.],
   [3.],
   [3.],
   [7.],
   [7.],
   [7.],
   [7.],
   [7.],
   [0.],
   [0.],
   [0.],
   [0.],
   [0.],
   [0.],
   [0.],
   [0.]],

  [[0.],
   [0.],
   [0.],
   [0.],
   [0.],
   [0.],
   [0.],
   [0.],
   [0.],
   [0.],
   [5.],
   [7.],
   [7.],
   [5.],
   [0.],
   [0.],
   [0.],
   [0.],
   [0.],
   [1.],
   [3.],
   [1.],
   [0.],
   [0.],
   [0.],
   [0.],
   [0.],
   [0.],
   [0.],
   [0.]],

  [[0.],
   [0.],
   [0.],
   [0.],
   [0.],
   [0.],
   [0.],
   [0.],
   [0.],
   [0.],
   [3.],
   [7.],
   [7.],
   [7.],
   [3.],
   [3.],
   [3.],
   [3.],
   [0.],
   [0.],
   [0.],
   [0.],
   [0.],
   [0.],
   [0.],
   [0.],
   [0.],
   [0.],
   [0.],
   [0.]],

  [[0.],
   [0.],
   [0.],
   [0.],
   [0.],
   [0.],
   [0.],
   [0.],
   [0.],
   [0.],
   [0.],
   [7.],
   [7.],
   [7.],
   [7.],
   [7.],
   [7.],
   [7.],
   [7.],
   [3.],
   [0.],
   [0.],
   [0.],
   [0.],
   [0.],
   [0.],
   [0.],
   [0.],
   [0.],
   [0.]],

  [[0.],
   [0.],
   [0.],
   [0.],
   [0.],
   [0.],
   [0.],
   [0.],
   [0.],
   [0.],
   [0.],
   [7.],
   [7.],
   [7.],
   [7.],
   [7.],
   [7.],
   [7.],
   [7.],
   [7.],
   [5.],
   [0.],
   [0.],
   [0.],
   [0.],
   [0.],
   [0.],
   [0.],
   [0.],
   [0.]],

  [[0.],
   [0.],
   [0.],
   [0.],
   [0.],
   [0.],
   [0.],
   [0.],
   [0.],
   [0.],
   [0.],
   [7.],
   [7.],
   [7.],
   [7.],
   [7.],
   [7.],
   [7.],
   [7.],
   [7.],
   [7.],
   [5.],
   [0.],
   [0.],
   [0.],
   [0.],
   [0.],
   [0.],
   [0.],
   [0.]],

  [[0.],
   [0.],
   [0.],
   [0.],
   [0.],
   [0.],
   [0.],
   [0.],
   [0.],
   [0.],
   [0.],
   [3.],
   [7.],
   [7.],
   [7.],
   [7.],
   [7.],
   [7.],
   [7.],
   [7.],
   [7.],
   [7.],
   [0.],
   [0.],
   [0.],
   [0.],
   [0.],
   [0.],
   [0.],
   [0.]],

  [[0.],
   [0.],
   [0.],
   [0.],
   [0.],
   [0.],
   [0.],
   [0.],
   [0.],
   [0.],
   [0.],
   [0.],
   [3.],
   [3.],
   [1.],
   [0.],
   [0.],
   [1.],
   [5.],
   [7.],
   [7.],
   [7.],
   [5.],
   [0.],
   [0.],
   [0.],
   [0.],
   [0.],
   [0.],
   [0.]],

  [[0.],
   [0.],
   [0.],
   [0.],
   [0.],
   [0.],
   [0.],
   [0.],
   [0.],
   [0.],
   [0.],
   [0.],
   [0.],
   [0.],
   [0.],
   [0.],
   [0.],
   [0.],
   [0.],
   [5.],
   [7.],
   [7.],
   [7.],
   [0.],
   [0.],
   [0.],
   [0.],
   [0.],
   [0.],
   [0.]],

  [[0.],
   [0.],
   [0.],
   [0.],
   [0.],
   [0.],
   [0.],
   [1.],
   [1.],
   [0.],
   [0.],
   [0.],
   [0.],
   [0.],
   [0.],
   [0.],
   [0.],
   [0.],
   [0.],
   [0.],
   [7.],
   [7.],
   [7.],
   [0.],
   [0.],
   [0.],
   [0.],
   [0.],
   [0.],
   [0.]],

  [[0.],
   [0.],
   [0.],
   [0.],
   [0.],
   [0.],
   [1.],
   [7.],
   [7.],
   [7.],
   [3.],
   [1.],
   [0.],
   [0.],
   [0.],
   [0.],
   [0.],
   [0.],
   [0.],
   [1.],
   [7.],
   [7.],
   [7.],
   [0.],
   [0.],
   [0.],
   [0.],
   [0.],
   [0.],
   [0.]],

  [[0.],
   [0.],
   [0.],
   [0.],
   [0.],
   [0.],
   [0.],
   [7.],
   [7.],
   [7.],
   [7.],
   [7.],
   [7.],
   [3.],
   [1.],
   [0.],
   [0.],
   [0.],
   [3.],
   [7.],
   [7.],
   [7.],
   [3.],
   [0.],
   [0.],
   [0.],
   [0.],
   [0.],
   [0.],
   [0.]],

  [[0.],
   [0.],
   [0.],
   [0.],
   [0.],
   [0.],
   [0.],
   [1.],
   [5.],
   [7.],
   [7.],
   [7.],
   [7.],
   [7.],
   [7.],
   [7.],
   [7.],
   [7.],
   [7.],
   [7.],
   [7.],
   [7.],
   [0.],
   [0.],
   [0.],
   [0.],
   [0.],
   [0.],
   [0.],
   [0.]],

  [[0.],
   [0.],
   [0.],
   [0.],
   [0.],
   [0.],
   [0.],
   [0.],
   [1.],
   [5.],
   [7.],
   [7.],
   [7.],
   [7.],
   [7.],
   [7.],
   [7.],
   [7.],
   [7.],
   [7.],
   [7.],
   [5.],
   [0.],
   [0.],
   [0.],
   [0.],
   [0.],
   [0.],
   [0.],
   [0.]],

  [[0.],
   [0.],
   [0.],
   [0.],
   [0.],
   [0.],
   [0.],
   [0.],
   [0.],
   [0.],
   [3.],
   [7.],
   [7.],
   [7.],
   [7.],
   [7.],
   [7.],
   [7.],
   [7.],
   [7.],
   [1.],
   [0.],
   [0.],
   [0.],
   [0.],
   [0.],
   [0.],
   [0.],
   [0.],
   [0.]],

  [[0.],
   [0.],
   [0.],
   [0.],
   [0.],
   [0.],
   [0.],
   [0.],
   [0.],
   [0.],
   [0.],
   [0.],
   [1.],
   [3.],
   [7.],
   [7.],
   [7.],
   [7.],
   [3.],
   [1.],
   [0.],
   [0.],
   [0.],
   [0.],
   [0.],
   [0.],
   [0.],
   [0.],
   [0.],
   [0.]],

  [[0.],
   [0.],
   [0.],
   [0.],
   [0.],
   [0.],
   [0.],
   [0.],
   [0.],
   [0.],
   [0.],
   [0.],
   [0.],
   [0.],
   [0.],
   [0.],
   [0.],
   [0.],
   [0.],
   [0.],
   [0.],
   [0.],
   [0.],
   [0.],
   [0.],
   [0.],
   [0.],
   [0.],
   [0.],
   [0.]],

  [[0.],
   [0.],
   [0.],
   [0.],
   [0.],
   [0.],
   [0.],
   [0.],
   [0.],
   [0.],
   [0.],
   [0.],
   [0.],
   [0.],
   [0.],
   [0.],
   [0.],
   [0.],
   [0.],
   [0.],
   [0.],
   [0.],
   [0.],
   [0.],
   [0.],
   [0.],
   [0.],
   [0.],
   [0.],
   [0.]],

  [[0.],
   [0.],
   [0.],
   [0.],
   [0.],
   [0.],
   [0.],
   [0.],
   [0.],
   [0.],
   [0.],
   [0.],
   [0.],
   [0.],
   [0.],
   [0.],
   [0.],
   [0.],
   [0.],
   [0.],
   [0.],
   [0.],
   [0.],
   [0.],
   [0.],
   [0.],
   [0.],
   [0.],
   [0.],
   [0.]],

  [[0.],
   [0.],
   [0.],
   [0.],
   [0.],
   [0.],
   [0.],
   [0.],
   [0.],
   [0.],
   [0.],
   [0.],
   [0.],
   [0.],
   [0.],
   [0.],
   [0.],
   [0.],
   [0.],
   [0.],
   [0.],
   [0.],
   [0.],
   [0.],
   [0.],
   [0.],
   [0.],
   [0.],
   [0.],
   [0.]]]]

🔹 Layer: conv2d_2
   📐 Output Shape: (1, 28, 28, 4)
   🔢 Output Values:
[[[[  0.,   0.,   0.,   0.],
   [  0.,   0.,   0.,   0.],
   [  0.,   0.,   0.,   0.],
   [  0.,   0.,   0.,   0.],
   [  0.,   0.,   0.,   0.],
   [  0.,   0.,   0.,   0.],
   [  0.,   0.,   0.,   0.],
   [  0.,   0.,   0.,   0.],
   [  0.,   0.,   0.,   0.],
   [  0.,   0.,   0.,   0.],
   [  0.,   0.,   0.,   0.],
   [  0.,   0.,   0.,   0.],
   [  0.,   0.,   0.,   0.],
   [  0.,   0.,   0.,   0.],
   [  0.,   0.,   0.,   0.],
   [  0.,   0.,   0.,   0.],
   [  0.,   0.,   0.,   0.],
   [  0.,   0.,   0.,   0.],
   [  0.,   0.,   0.,   0.],
   [  0.,   0.,   0.,   0.],
   [  0.,   0.,   0.,   0.],
   [  0.,   0.,   0.,   0.],
   [  0.,   0.,   0.,   0.],
   [  0.,   0.,   0.,   0.],
   [  0.,   0.,   0.,   0.],
   [  0.,   0.,   0.,   0.],
   [  0.,   0.,   0.,   0.],
   [  0.,   0.,   0.,   0.]],

  [[  0.,   0.,   0.,   0.],
   [  0.,   0.,   0.,   0.],
   [  0.,   0.,   0.,   0.],
   [  0.,   0.,   0.,   0.],
   [  0.,   0.,   0.,   0.],
   [  0.,   0.,   0.,   0.],
   [  0.,   0.,   0.,   0.],
   [  0.,   0.,   0.,   0.],
   [  0.,   0.,   0.,   0.],
   [  0.,   0.,   0.,   0.],
   [  0.,   0.,   0.,   0.],
   [  0.,   0.,   0.,   0.],
   [  0.,   0.,   0.,   0.],
   [  0.,   0.,   0.,   0.],
   [  0.,   0.,   0.,   0.],
   [  0.,   0.,   0.,   0.],
   [  0.,   0.,   0.,   0.],
   [  0.,   0.,   0.,   0.],
   [  0.,   0.,   0.,   0.],
   [  0.,   0.,   0.,   0.],
   [  0.,   0.,   0.,   0.],
   [  0.,   0.,   0.,   0.],
   [  0.,   0.,   0.,   0.],
   [  0.,   0.,   0.,   0.],
   [  0.,   0.,   0.,   0.],
   [  0.,   0.,   0.,   0.],
   [  0.,   0.,   0.,   0.],
   [  0.,   0.,   0.,   0.]],

  [[  0.,   0.,   0.,   0.],
   [  0.,   0.,   0.,   0.],
   [  0.,   0.,   0.,   0.],
   [  0.,   0.,   0.,   0.],
   [  0.,   0.,   0.,   0.],
   [  0.,   0.,   0.,   0.],
   [  0.,   0.,   0.,   0.],
   [  0.,   0.,   0.,   0.],
   [  0.,   0.,   0.,   0.],
   [  0.,   0.,   0.,   0.],
   [  0.,   0.,   0.,   0.],
   [  0.,   0.,   0.,   0.],
   [  0.,   0.,   0.,   0.],
   [  0.,   0.,   0.,   0.],
   [  0.,   0.,   0.,   0.],
   [  0.,   0.,   0.,   0.],
   [  0.,   0.,   0.,   0.],
   [  0.,   0.,   0.,   0.],
   [  0.,   0.,   0.,   0.],
   [  0.,   0.,   0.,   0.],
   [  0.,   0.,   0.,   0.],
   [  0.,   0.,   0.,   0.],
   [  0.,   0.,   0.,   0.],
   [  0.,   0.,   0.,   0.],
   [  0.,   0.,   0.,   0.],
   [  0.,   0.,   0.,   0.],
   [  0.,   0.,   0.,   0.],
   [  0.,   0.,   0.,   0.]],

  [[  0.,   0.,   0.,   0.],
   [  0.,   0.,   0.,   0.],
   [  0.,   0.,   0.,   0.],
   [  0.,   0.,   0.,   0.],
   [  0.,   0.,   0.,   0.],
   [  0.,   0.,   0.,   0.],
   [  0.,   0.,   0.,   0.],
   [  0.,   0.,   0.,   0.],
   [  0.,   0.,   0.,   0.],
   [  0.,   0.,   0.,   0.],
   [  0.,   0.,   0.,   0.],
   [  0.,   0.,   0.,   0.],
   [  0.,   0.,   0.,   0.],
   [  0.,   0.,   0.,   0.],
   [  0.,   0.,   0.,   0.],
   [  0.,   0.,   0.,   0.],
   [  0.,   0.,   0.,   0.],
   [  0.,   0.,   0.,   0.],
   [  0.,   0.,   0.,   0.],
   [  0.,   0.,   0.,   0.],
   [  0.,   0.,   0.,   0.],
   [  0.,   0.,   0.,   0.],
   [  0.,   0.,   0.,   0.],
   [  0.,   0.,   0.,   0.],
   [  0.,   0.,   0.,   0.],
   [  0.,   0.,   0.,   0.],
   [  0.,   0.,   0.,   0.],
   [  0.,   0.,   0.,   0.]],

  [[  0.,   0.,   0.,   0.],
   [  0.,   0.,   0.,   0.],
   [  0.,   0.,   0.,   0.],
   [  0.,   0.,   0.,   0.],
   [  0.,   0.,   0.,   0.],
   [  0.,   0.,   0.,   0.],
   [  0.,   0.,   0.,   0.],
   [  0.,   0.,   0.,   0.],
   [  0.,   0.,   0.,   0.],
   [  0.,   0.,  15.,   9.],
   [  0.,   0.,  26.,  33.],
   [ 20.,   0.,   0.,  40.],
   [ 28.,   0.,   0.,  28.],
   [ 28.,   0.,   0.,  28.],
   [ 28.,   0.,   0.,  28.],
   [ 28.,   0.,   0.,  28.],
   [ 28.,   0.,   0.,  28.],
   [ 28.,   0.,   0.,  28.],
   [ 28.,   0.,   0.,  28.],
   [ 44.,   0.,   0.,  16.],
   [ 32.,   0.,   0.,   0.],
   [  6.,   0.,   0.,   0.],
   [  0.,   0.,   0.,   0.],
   [  0.,   0.,   0.,   0.],
   [  0.,   0.,   0.,   0.],
   [  0.,   0.,   0.,   0.],
   [  0.,   0.,   0.,   0.],
   [  0.,   0.,   0.,   0.]],

  [[  0.,   0.,   0.,   0.],
   [  0.,   0.,   0.,   0.],
   [  0.,   0.,   0.,   0.],
   [  0.,   0.,   0.,   0.],
   [  0.,   0.,   0.,   0.],
   [  0.,   0.,   0.,   0.],
   [  0.,   0.,   0.,   0.],
   [  0.,   0.,   0.,   0.],
   [  0.,   0.,  25.,  15.],
   [ 11.,   0.,  29.,  56.],
   [ 27.,   0.,   0.,  75.],
   [ 22.,   0.,   0.,  56.],
   [ 42.,   0.,   0.,  28.],
   [ 42.,   0.,   0.,  28.],
   [ 42.,   0.,   0.,  28.],
   [ 42.,   0.,   0.,  28.],
   [ 42.,   0.,   0.,  28.],
   [ 42.,   0.,   0.,  28.],
   [ 42.,   0.,   0.,  28.],
   [ 30.,   0.,   0.,   8.],
   [ 69.,   0.,   0.,   0.],
   [ 35.,   0.,   0.,   0.],
   [  2.,   0.,   0.,   0.],
   [  0.,   0.,   0.,   0.],
   [  0.,   0.,   0.,   0.],
   [  0.,   0.,   0.,   0.],
   [  0.,   0.,   0.,   0.],
   [  0.,   0.,   0.,   0.]],

  [[  0.,   0.,   0.,   0.],
   [  0.,   0.,   0.,   0.],
   [  0.,   0.,   0.,   0.],
   [  0.,   0.,   0.,   0.],
   [  0.,   0.,   0.,   0.],
   [  0.,   0.,   0.,   0.],
   [  0.,   0.,   0.,   0.],
   [  0.,   0.,   0.,   0.],
   [  0.,   0.,  50.,  46.],
   [  0.,   0.,   0., 109.],
   [  2.,   0.,   0.,  74.],
   [ 49.,   0.,   0.,  41.],
   [ 77.,   0.,   0.,  21.],
   [ 77.,   0.,   0.,  21.],
   [ 77.,   0.,   0.,  21.],
   [ 77.,   0.,   0.,  21.],
   [ 77.,   0.,   0.,  21.],
   [ 77.,   0.,   0.,  21.],
   [ 77.,   0.,   0.,  21.],
   [101.,   0.,   0.,   1.],
   [101.,   0.,   0.,   0.],
   [ 82.,   0.,   0.,   0.],
   [ 11.,   0.,   0.,   0.],
   [  0.,   0.,   0.,   0.],
   [  0.,   0.,   0.,   0.],
   [  0.,   0.,   0.,   0.],
   [  0.,   0.,   0.,   0.],
   [  0.,   0.,   0.,   0.]],

  [[  0.,   0.,   0.,   0.],
   [  0.,   0.,   0.,   0.],
   [  0.,   0.,   0.,   0.],
   [  0.,   0.,   0.,   0.],
   [  0.,   0.,   0.,   0.],
   [  0.,   0.,   0.,   0.],
   [  0.,   0.,   0.,   0.],
   [  0.,   0.,   0.,   0.],
   [  0.,   0.,  41.,  81.],
   [  0.,   0.,   0., 128.],
   [ 63.,   0.,   0.,  31.],
   [ 77.,   0.,   0.,  21.],
   [ 77.,   0.,   0.,  21.],
   [ 77.,   0.,   0.,  21.],
   [ 77.,   0.,   0.,  21.],
   [ 77.,   0.,   0.,  21.],
   [ 77.,   0.,   0.,  21.],
   [ 77.,   0.,   0.,  21.],
   [ 77.,   0.,   0.,  21.],
   [ 77.,   0.,   0.,  21.],
   [129.,   0.,   0.,   0.],
   [ 84.,   0.,   0.,   0.],
   [ 22.,   0.,  18.,   0.],
   [  0.,   0.,   0.,   0.],
   [  0.,   0.,   0.,   0.],
   [  0.,   0.,   0.,   0.],
   [  0.,   0.,   0.,   0.],
   [  0.,   0.,   0.,   0.]],

  [[  0.,   0.,   0.,   0.],
   [  0.,   0.,   0.,   0.],
   [  0.,   0.,   0.,   0.],
   [  0.,   0.,   0.,   0.],
   [  0.,   0.,   0.,   0.],
   [  0.,   0.,   0.,   0.],
   [  0.,   0.,   0.,   0.],
   [  0.,   0.,   0.,   0.],
   [  0.,   7.,  35.,  91.],
   [  0.,   0.,   0., 126.],
   [ 77.,   0.,   0.,  21.],
   [ 77.,   0.,   0.,  21.],
   [101.,   0.,   0.,   3.],
   [ 57.,   0.,   0.,   0.],
   [ 57.,  10.,   1.,  11.],
   [ 45.,   0.,  11.,  17.],
   [ 69.,   0.,   0.,  33.],
   [ 77.,   0.,   0.,  21.],
   [ 77.,   0.,   0.,  21.],
   [ 77.,   0.,   0.,  21.],
   [108.,   0.,   0.,   0.],
   [110.,   0.,  10.,   0.],
   [ 21.,   3.,   0.,   0.],
   [  0.,   0.,   0.,   0.],
   [  0.,   0.,   0.,   0.],
   [  0.,   0.,   0.,   0.],
   [  0.,   0.,   0.,   0.],
   [  0.,   0.,   0.,   0.]],

  [[  0.,   0.,   0.,   0.],
   [  0.,   0.,   0.,   0.],
   [  0.,   0.,   0.,   0.],
   [  0.,   0.,   0.,   0.],
   [  0.,   0.,   0.,   0.],
   [  0.,   0.,   0.,   0.],
   [  0.,   0.,   0.,   0.],
   [  0.,   0.,   0.,   0.],
   [  0.,  15.,  25.,  85.],
   [  0.,   0.,   0., 118.],
   [ 73.,   0.,   0.,  27.],
   [ 85.,   0.,   0.,  15.],
   [ 75.,   0.,   0.,   0.],
   [ 83.,  23.,   5.,   0.],
   [ 31.,  59.,   0.,   7.],
   [ 53.,  53.,   4.,  13.],
   [ 29.,  53.,   0.,  21.],
   [ 45.,  45.,   5.,   0.],
   [ 43.,  30.,  12.,   6.],
   [ 65.,  18.,   0.,   5.],
   [ 82.,   0.,   0.,   0.],
   [ 86.,   0.,  37.,   0.],
   [  0.,   0.,   0.,   0.],
   [  0.,   0.,   0.,   0.],
   [  0.,   0.,   0.,   0.],
   [  0.,   0.,   0.,   0.],
   [  0.,   0.,   0.,   0.],
   [  0.,   0.,   0.,   0.]],

  [[  0.,   0.,   0.,   0.],
   [  0.,   0.,   0.,   0.],
   [  0.,   0.,   0.,   0.],
   [  0.,   0.,   0.,   0.],
   [  0.,   0.,   0.,   0.],
   [  0.,   0.,   0.,   0.],
   [  0.,   0.,   0.,   0.],
   [  0.,   0.,   0.,   0.],
   [  0.,  25.,   9.,  69.],
   [  0.,   0.,   0., 106.],
   [ 59.,   0.,   0.,  47.],
   [ 71.,   0.,   0.,  11.],
   [120.,   0.,   0.,   0.],
   [ 80.,   0.,   0.,   0.],
   [ 13.,   0.,   0.,  19.],
   [  3.,   0.,   0.,  29.],
   [ 31.,  20.,   0.,  16.],
   [ 44.,  44.,   0.,   0.],
   [ 38.,  60.,   0.,  10.],
   [ 25.,  61.,   0.,   0.],
   [ 86.,  18.,  18.,   0.],
   [ 54.,   6.,   6.,   0.],
   [  0.,   0.,   0.,   0.],
   [  0.,   0.,   0.,   0.],
   [  0.,   0.,   0.,   0.],
   [  0.,   0.,   0.,   0.],
   [  0.,   0.,   0.,   0.],
   [  0.,   0.,   0.,   0.]],

  [[  0.,   0.,   0.,   0.],
   [  0.,   0.,   0.,   0.],
   [  0.,   0.,   0.,   0.],
   [  0.,   0.,   0.,   0.],
   [  0.,   0.,   0.,   0.],
   [  0.,   0.,   0.,   0.],
   [  0.,   0.,   0.,   0.],
   [  0.,   0.,   0.,   0.],
   [  0.,  27.,   0.,  40.],
   [  0.,  17.,  19.,  92.],
   [ 29.,   0.,   0.,  80.],
   [ 89.,   0.,   0.,  11.],
   [ 99.,   0.,   0.,   0.],
   [ 89.,   0.,   9.,   0.],
   [ 34.,   0.,   0.,  28.],
   [ 34.,   0.,   0.,  28.],
   [ 25.,   0.,   0.,  13.],
   [ 53.,   0.,   0.,   0.],
   [ 18.,   0.,   0.,   5.],
   [ 19.,   0.,   0.,   0.],
   [ 25.,   5.,   1.,   0.],
   [  7.,   1.,   0.,   0.],
   [  0.,   0.,   0.,   0.],
   [  0.,   0.,   0.,   0.],
   [  0.,   0.,   0.,   0.],
   [  0.,   0.,   0.,   0.],
   [  0.,   0.,   0.,   0.],
   [  0.,   0.,   0.,   0.]],

  [[  0.,   0.,   0.,   0.],
   [  0.,   0.,   0.,   0.],
   [  0.,   0.,   0.,   0.],
   [  0.,   0.,   0.,   0.],
   [  0.,   0.,   0.,   0.],
   [  0.,   0.,   0.,   0.],
   [  0.,   0.,   0.,   0.],
   [  0.,   0.,   0.,   0.],
   [  0.,  18.,   0.,  15.],
   [  0.,  13.,  38.,  88.],
   [  0.,   0.,   0., 111.],
   [ 77.,   0.,   0.,  21.],
   [101.,   0.,   0.,   1.],
   [ 85.,   0.,   0.,   5.],
   [ 57.,   0.,   0.,  25.],
   [ 57.,   0.,   0.,  25.],
   [ 75.,   0.,   0.,  10.],
   [ 51.,   0.,   0.,   0.],
   [ 53.,   0.,   0.,   0.],
   [ 59.,   0.,   0.,   0.],
   [ 10.,   0.,   0.,   0.],
   [  0.,   0.,   0.,   0.],
   [  0.,   0.,   0.,   0.],
   [  0.,   0.,   0.,   0.],
   [  0.,   0.,   0.,   0.],
   [  0.,   0.,   0.,   0.],
   [  0.,   0.,   0.,   0.],
   [  0.,   0.,   0.,   0.]],

  [[  0.,   0.,   0.,   0.],
   [  0.,   0.,   0.,   0.],
   [  0.,   0.,   0.,   0.],
   [  0.,   0.,   0.,   0.],
   [  0.,   0.,   0.,   0.],
   [  0.,   0.,   0.,   0.],
   [  0.,   0.,   0.,   0.],
   [  0.,   0.,   0.,   0.],
   [  0.,   0.,   0.,   0.],
   [  0.,   7.,  35.,  91.],
   [  0.,   0.,   0., 126.],
   [ 77.,   0.,   0.,  21.],
   [ 77.,   0.,   0.,  21.],
   [ 77.,   0.,   0.,  21.],
   [ 77.,   0.,   0.,  21.],
   [ 77.,   0.,   0.,  21.],
   [ 77.,   0.,   0.,  21.],
   [101.,   0.,   0.,   1.],
   [ 97.,   0.,   0.,   0.],
   [ 62.,   0.,   0.,   0.],
   [ 69.,   0.,   0.,   0.],
   [ 10.,   0.,   0.,   0.],
   [  0.,   0.,   0.,   0.],
   [  0.,   0.,   0.,   0.],
   [  0.,   0.,   0.,   0.],
   [  0.,   0.,   0.,   0.],
   [  0.,   0.,   0.,   0.],
   [  0.,   0.,   0.,   0.]],

  [[  0.,   0.,   0.,   0.],
   [  0.,   0.,   0.,   0.],
   [  0.,   0.,   0.,   0.],
   [  0.,   0.,   0.,   0.],
   [  0.,   0.,   0.,   0.],
   [  0.,   0.,   0.,   0.],
   [  0.,   0.,   0.,   0.],
   [  0.,   0.,   0.,   0.],
   [  0.,   0.,   0.,   0.],
   [  0.,  23.,  15.,  79.],
   [  0.,   0.,   0., 110.],
   [ 69.,   0.,   0.,  33.],
   [ 77.,   0.,   0.,  21.],
   [ 77.,   0.,   0.,  21.],
   [ 77.,   0.,   0.,  21.],
   [ 77.,   0.,   0.,  21.],
   [ 77.,   0.,   0.,  21.],
   [ 77.,   0.,   0.,  21.],
   [ 89.,   0.,   0.,  11.],
   [105.,   0.,   0.,   0.],
   [ 96.,   0.,   0.,   0.],
   [ 39.,   0.,   0.,   0.],
   [  0.,   0.,   0.,   0.],
   [  0.,   0.,   0.,   0.],
   [  0.,   0.,   0.,   0.],
   [  0.,   0.,   0.,   0.],
   [  0.,   0.,   0.,   0.],
   [  0.,   0.,   0.,   0.]],

  [[  0.,   0.,   0.,   0.],
   [  0.,   0.,   0.,   0.],
   [  0.,   0.,   0.,   0.],
   [  0.,   0.,   0.,   0.],
   [  0.,   0.,   0.,   0.],
   [  0.,   0.,   0.,   0.],
   [  0.,   0.,   0.,   0.],
   [  0.,   0.,   0.,   0.],
   [  0.,   0.,   0.,   0.],
   [  0.,  39.,   0.,  50.],
   [  0.,  37.,   1.,  78.],
   [ 35.,  20.,   0.,  42.],
   [ 69.,   6.,   0.,   0.],
   [ 61.,  24.,   0.,   0.],
   [ 51.,  43.,   0.,   0.],
   [ 45.,  45.,   5.,   0.],
   [ 35.,  22.,  22.,  12.],
   [ 53.,   0.,  15.,  31.],
   [ 73.,   0.,   0.,  27.],
   [ 89.,   0.,   0.,  11.],
   [ 98.,   0.,   0.,   0.],
   [114.,   0.,   0.,   0.],
   [ 10.,   0.,   0.,   0.],
   [  0.,   0.,   0.,   0.],
   [  0.,   0.,   0.,   0.],
   [  0.,   0.,   0.,   0.],
   [  0.,   0.,   0.,   0.],
   [  0.,   0.,   0.,   0.]],

  [[  0.,   0.,   0.,   0.],
   [  0.,   0.,   0.,   0.],
   [  0.,   0.,   0.,   0.],
   [  0.,   0.,   0.,   0.],
   [  0.,   0.,   0.,   0.],
   [  0.,   0.,   0.,   0.],
   [  0.,   0.,   0.,   0.],
   [  0.,   0.,   0.,   0.],
   [  0.,   0.,   0.,   0.],
   [  0.,  18.,   0.,  15.],
   [  0.,  45.,   0.,  47.],
   [  0.,  56.,   0.,  34.],
   [ 35.,  59.,   0.,   0.],
   [ 44.,  60.,   0.,   0.],
   [ 40.,  62.,   0.,   0.],
   [ 38.,  62.,   0.,   0.],
   [ 44.,  58.,   0.,  20.],
   [ 11.,  35.,   3.,  46.],
   [ 41.,   0.,   8.,  48.],
   [ 73.,   0.,   0.,  27.],
   [113.,   0.,   0.,   0.],
   [110.,   0.,   0.,   0.],
   [ 39.,   0.,   0.,   0.],
   [  0.,   0.,   0.,   0.],
   [  0.,   0.,   0.,   0.],
   [  0.,   0.,   0.,   0.],
   [  0.,   0.,   0.,   0.],
   [  0.,   0.,   0.,   0.]],

  [[  0.,   0.,   0.,   0.],
   [  0.,   0.,   0.,   0.],
   [  0.,   0.,   0.,   0.],
   [  0.,   0.,   0.,   0.],
   [  0.,   0.,   0.,   0.],
   [  0.,   0.,   5.,   3.],
   [  2.,   0.,   2.,   7.],
   [  8.,   0.,   0.,   1.],
   [  2.,   0.,   0.,   0.],
   [  0.,   0.,   0.,   0.],
   [  0.,  18.,   0.,  15.],
   [  0.,  24.,   0.,  12.],
   [ 27.,  15.,   0.,   0.],
   [ 25.,   5.,   1.,   0.],
   [  7.,   1.,   0.,   0.],
   [  0.,   6.,   0.,   5.],
   [  0.,  32.,   0.,  24.],
   [  0.,  48.,   0.,  50.],
   [  0.,  26.,   7.,  69.],
   [ 53.,   0.,   2.,  56.],
   [ 89.,   0.,   0.,  11.],
   [118.,   0.,   0.,   0.],
   [ 84.,   0.,   7.,   0.],
   [  0.,   0.,   0.,   0.],
   [  0.,   0.,   0.,   0.],
   [  0.,   0.,   0.,   0.],
   [  0.,   0.,   0.,   0.],
   [  0.,   0.,   0.,   0.]],

  [[  0.,   0.,   0.,   0.],
   [  0.,   0.,   0.,   0.],
   [  0.,   0.,   0.,   0.],
   [  0.,   0.,   0.,   0.],
   [  0.,   0.,   5.,   3.],
   [  0.,   0.,  35.,  30.],
   [ 13.,   0.,   5.,  53.],
   [ 27.,   0.,   0.,  23.],
   [ 49.,   0.,   0.,   9.],
   [ 28.,   0.,   0.,   0.],
   [ 12.,   0.,   0.,   0.],
   [  2.,   0.,   0.,   0.],
   [  0.,   0.,   0.,   0.],
   [  0.,   0.,   0.,   0.],
   [  0.,   0.,   0.,   0.],
   [  0.,   0.,   0.,   0.],
   [  0.,   0.,   0.,   0.],
   [  0.,  26.,   0.,  28.],
   [  0.,  10.,  37.,  90.],
   [ 16.,   0.,   0.,  98.],
   [ 77.,   0.,   0.,  21.],
   [126.,   0.,   0.,   0.],
   [ 98.,   0.,   7.,   0.],
   [  0.,   0.,   0.,   0.],
   [  0.,   0.,   0.,   0.],
   [  0.,   0.,   0.,   0.],
   [  0.,   0.,   0.,   0.],
   [  0.,   0.,   0.,   0.]],

  [[  0.,   0.,   0.,   0.],
   [  0.,   0.,   0.,   0.],
   [  0.,   0.,   0.,   0.],
   [  0.,   0.,   0.,   0.],
   [  3.,   0.,   3.,   5.],
   [  0.,   0.,  46.,  63.],
   [  0.,   0.,   0.,  95.],
   [ 53.,   0.,   0.,  22.],
   [ 37.,   0.,   0.,   3.],
   [ 48.,   0.,   3.,   0.],
   [ 37.,   0.,   0.,   9.],
   [ 49.,   0.,   0.,   9.],
   [ 28.,   0.,   0.,   0.],
   [ 12.,   0.,   0.,   0.],
   [  2.,   0.,   0.,   0.],
   [  0.,   0.,   0.,   0.],
   [  0.,   0.,  15.,   9.],
   [  0.,   0.,  29.,  38.],
   [  0.,   0.,   0., 112.],
   [  0.,   0.,   0.,  98.],
   [ 93.,   0.,   0.,   9.],
   [102.,   0.,   0.,   0.],
   [ 90.,   0.,  27.,   0.],
   [  0.,   0.,   0.,   0.],
   [  0.,   0.,   0.,   0.],
   [  0.,   0.,   0.,   0.],
   [  0.,   0.,   0.,   0.],
   [  0.,   0.,   0.,   0.]],

  [[  0.,   0.,   0.,   0.],
   [  0.,   0.,   0.,   0.],
   [  0.,   0.,   0.,   0.],
   [  0.,   0.,   0.,   0.],
   [  0.,   6.,   0.,   5.],
   [  0.,  33.,   6.,  72.],
   [  0.,  23.,   0.,  91.],
   [ 53.,   0.,  15.,  31.],
   [ 97.,   0.,   1.,   7.],
   [ 97.,   0.,   0.,   0.],
   [ 67.,   0.,   0.,  12.],
   [ 37.,   0.,   0.,   3.],
   [ 48.,   0.,   3.,   0.],
   [ 37.,   0.,   0.,   9.],
   [ 33.,   0.,   0.,  21.],
   [ 28.,   0.,   0.,  28.],
   [ 37.,   0.,   0.,  43.],
   [ 25.,   0.,   0.,  74.],
   [  0.,   0.,   0.,  90.],
   [ 35.,   0.,   0.,  51.],
   [ 93.,   0.,   0.,   0.],
   [108.,   0.,   0.,   0.],
   [ 64.,   4.,  18.,   0.],
   [  0.,   0.,   0.,   0.],
   [  0.,   0.,   0.,   0.],
   [  0.,   0.,   0.,   0.],
   [  0.,   0.,   0.,   0.],
   [  0.,   0.,   0.,   0.]],

  [[  0.,   0.,   0.,   0.],
   [  0.,   0.,   0.,   0.],
   [  0.,   0.,   0.,   0.],
   [  0.,   0.,   0.,   0.],
   [  0.,   0.,   0.,   0.],
   [  0.,  41.,   0.,  40.],
   [  0.,  47.,   0.,  58.],
   [ 17.,  28.,   0.,  50.],
   [ 43.,   0.,   3.,  45.],
   [ 73.,   0.,   0.,  27.],
   [ 77.,   0.,   0.,  21.],
   [101.,   0.,   0.,   1.],
   [ 97.,   0.,   0.,   0.],
   [ 67.,   0.,   0.,  12.],
   [ 49.,   0.,   0.,  23.],
   [ 42.,   0.,   0.,  28.],
   [ 24.,   0.,   0.,  43.],
   [ 12.,   0.,   0.,  60.],
   [ 49.,   0.,   0.,  41.],
   [ 85.,   0.,   0.,  15.],
   [ 96.,   0.,   0.,   0.],
   [106.,   0.,  20.,   0.],
   [ 21.,   3.,   0.,   0.],
   [  0.,   0.,   0.,   0.],
   [  0.,   0.,   0.,   0.],
   [  0.,   0.,   0.,   0.],
   [  0.,   0.,   0.,   0.],
   [  0.,   0.,   0.,   0.]],

  [[  0.,   0.,   0.,   0.],
   [  0.,   0.,   0.,   0.],
   [  0.,   0.,   0.,   0.],
   [  0.,   0.,   0.,   0.],
   [  0.,   0.,   0.,   0.],
   [  0.,   6.,   0.,   5.],
   [  0.,  31.,   0.,  29.],
   [  0.,  48.,   0.,  52.],
   [  5.,  41.,   0.,  50.],
   [ 29.,   2.,  14.,  40.],
   [ 69.,   0.,   0.,  33.],
   [ 77.,   0.,   0.,  21.],
   [ 77.,   0.,   0.,  21.],
   [ 77.,   0.,   0.,  21.],
   [ 77.,   0.,   0.,  21.],
   [ 77.,   0.,   0.,  21.],
   [ 77.,   0.,   0.,  21.],
   [ 77.,   0.,   0.,  21.],
   [101.,   0.,   0.,   3.],
   [ 63.,   2.,   0.,   0.],
   [ 84.,   8.,   9.,   0.],
   [ 74.,   2.,  30.,   0.],
   [  0.,   0.,   0.,   0.],
   [  0.,   0.,   0.,   0.],
   [  0.,   0.,   0.,   0.],
   [  0.,   0.,   0.,   0.],
   [  0.,   0.,   0.,   0.],
   [  0.,   0.,   0.,   0.]],

  [[  0.,   0.,   0.,   0.],
   [  0.,   0.,   0.,   0.],
   [  0.,   0.,   0.,   0.],
   [  0.,   0.,   0.,   0.],
   [  0.,   0.,   0.,   0.],
   [  0.,   0.,   0.,   0.],
   [  0.,   6.,   0.,   5.],
   [  0.,  32.,   0.,  24.],
   [  0.,  50.,   0.,  40.],
   [ 24.,  54.,   0.,  44.],
   [ 25.,  49.,   0.,  24.],
   [ 43.,  30.,  12.,   6.],
   [ 41.,   0.,  21.,  23.],
   [ 69.,   0.,   0.,  33.],
   [ 77.,   0.,   0.,  21.],
   [ 77.,   0.,   0.,  21.],
   [ 93.,   0.,   0.,   9.],
   [ 77.,   0.,   0.,   0.],
   [ 43.,  30.,   0.,   0.],
   [ 78.,  38.,  22.,   0.],
   [ 74.,  16.,  11.,   0.],
   [ 35.,   5.,   0.,   0.],
   [  0.,   0.,   0.,   0.],
   [  0.,   0.,   0.,   0.],
   [  0.,   0.,   0.,   0.],
   [  0.,   0.,   0.,   0.],
   [  0.,   0.,   0.,   0.],
   [  0.,   0.,   0.,   0.]],

  [[  0.,   0.,   0.,   0.],
   [  0.,   0.,   0.,   0.],
   [  0.,   0.,   0.,   0.],
   [  0.,   0.,   0.,   0.],
   [  0.,   0.,   0.,   0.],
   [  0.,   0.,   0.,   0.],
   [  0.,   0.,   0.,   0.],
   [  0.,   0.,   0.,   0.],
   [  0.,  18.,   0.,  15.],
   [  0.,  48.,   0.,  32.],
   [ 10.,  58.,   0.,  18.],
   [ 38.,  60.,   0.,  10.],
   [ 43.,  55.,   0.,  27.],
   [ 29.,  53.,   0.,  21.],
   [ 49.,  49.,   0.,   0.],
   [ 49.,  49.,   0.,   0.],
   [ 37.,  53.,   0.,   0.],
   [ 55.,  55.,  10.,   0.],
   [ 80.,  24.,  15.,   0.],
   [ 58.,   8.,   7.,   0.],
   [  7.,   1.,   0.,   0.],
   [  0.,   0.,   0.,   0.],
   [  0.,   0.,   0.,   0.],
   [  0.,   0.,   0.,   0.],
   [  0.,   0.,   0.,   0.],
   [  0.,   0.,   0.,   0.],
   [  0.,   0.,   0.,   0.],
   [  0.,   0.,   0.,   0.]],

  [[  0.,   0.,   0.,   0.],
   [  0.,   0.,   0.,   0.],
   [  0.,   0.,   0.,   0.],
   [  0.,   0.,   0.,   0.],
   [  0.,   0.,   0.,   0.],
   [  0.,   0.,   0.,   0.],
   [  0.,   0.,   0.,   0.],
   [  0.,   0.,   0.,   0.],
   [  0.,   0.,   0.,   0.],
   [  0.,   0.,   0.,   0.],
   [  0.,   6.,   0.,   5.],
   [  0.,  20.,   0.,  14.],
   [  0.,  49.,   0.,  27.],
   [  7.,  59.,   0.,  13.],
   [ 35.,  63.,   0.,   0.],
   [ 35.,  63.,   0.,   0.],
   [ 59.,  39.,   0.,   0.],
   [ 55.,  19.,   0.,   0.],
   [ 25.,   5.,   1.,   0.],
   [  7.,   1.,   0.,   0.],
   [  0.,   0.,   0.,   0.],
   [  0.,   0.,   0.,   0.],
   [  0.,   0.,   0.,   0.],
   [  0.,   0.,   0.,   0.],
   [  0.,   0.,   0.,   0.],
   [  0.,   0.,   0.,   0.],
   [  0.,   0.,   0.,   0.],
   [  0.,   0.,   0.,   0.]],

  [[  0.,   0.,   0.,   0.],
   [  0.,   0.,   0.,   0.],
   [  0.,   0.,   0.,   0.],
   [  0.,   0.,   0.,   0.],
   [  0.,   0.,   0.,   0.],
   [  0.,   0.,   0.,   0.],
   [  0.,   0.,   0.,   0.],
   [  0.,   0.,   0.,   0.],
   [  0.,   0.,   0.,   0.],
   [  0.,   0.,   0.,   0.],
   [  0.,   0.,   0.,   0.],
   [  0.,   0.,   0.,   0.],
   [  0.,   0.,   0.,   0.],
   [  0.,   0.,   0.,   0.],
   [  0.,   0.,   0.,   0.],
   [  0.,   0.,   0.,   0.],
   [  0.,   0.,   0.,   0.],
   [  0.,   0.,   0.,   0.],
   [  0.,   0.,   0.,   0.],
   [  0.,   0.,   0.,   0.],
   [  0.,   0.,   0.,   0.],
   [  0.,   0.,   0.,   0.],
   [  0.,   0.,   0.,   0.],
   [  0.,   0.,   0.,   0.],
   [  0.,   0.,   0.,   0.],
   [  0.,   0.,   0.,   0.],
   [  0.,   0.,   0.,   0.],
   [  0.,   0.,   0.,   0.]],

  [[  0.,   0.,   0.,   0.],
   [  0.,   0.,   0.,   0.],
   [  0.,   0.,   0.,   0.],
   [  0.,   0.,   0.,   0.],
   [  0.,   0.,   0.,   0.],
   [  0.,   0.,   0.,   0.],
   [  0.,   0.,   0.,   0.],
   [  0.,   0.,   0.,   0.],
   [  0.,   0.,   0.,   0.],
   [  0.,   0.,   0.,   0.],
   [  0.,   0.,   0.,   0.],
   [  0.,   0.,   0.,   0.],
   [  0.,   0.,   0.,   0.],
   [  0.,   0.,   0.,   0.],
   [  0.,   0.,   0.,   0.],
   [  0.,   0.,   0.,   0.],
   [  0.,   0.,   0.,   0.],
   [  0.,   0.,   0.,   0.],
   [  0.,   0.,   0.,   0.],
   [  0.,   0.,   0.,   0.],
   [  0.,   0.,   0.,   0.],
   [  0.,   0.,   0.,   0.],
   [  0.,   0.,   0.,   0.],
   [  0.,   0.,   0.,   0.],
   [  0.,   0.,   0.,   0.],
   [  0.,   0.,   0.,   0.],
   [  0.,   0.,   0.,   0.],
   [  0.,   0.,   0.,   0.]]]]

🔹 Layer: average_pooling2d_2
   📐 Output Shape: (1, 14, 14, 4)
   🔢 Output Values:
[[[[  0.  ,   0.  ,   0.  ,   0.  ],
   [  0.  ,   0.  ,   0.  ,   0.  ],
   [  0.  ,   0.  ,   0.  ,   0.  ],
   [  0.  ,   0.  ,   0.  ,   0.  ],
   [  0.  ,   0.  ,   0.  ,   0.  ],
   [  0.  ,   0.  ,   0.  ,   0.  ],
   [  0.  ,   0.  ,   0.  ,   0.  ],
   [  0.  ,   0.  ,   0.  ,   0.  ],
   [  0.  ,   0.  ,   0.  ,   0.  ],
   [  0.  ,   0.  ,   0.  ,   0.  ],
   [  0.  ,   0.  ,   0.  ,   0.  ],
   [  0.  ,   0.  ,   0.  ,   0.  ],
   [  0.  ,   0.  ,   0.  ,   0.  ],
   [  0.  ,   0.  ,   0.  ,   0.  ]],

  [[  0.  ,   0.  ,   0.  ,   0.  ],
   [  0.  ,   0.  ,   0.  ,   0.  ],
   [  0.  ,   0.  ,   0.  ,   0.  ],
   [  0.  ,   0.  ,   0.  ,   0.  ],
   [  0.  ,   0.  ,   0.  ,   0.  ],
   [  0.  ,   0.  ,   0.  ,   0.  ],
   [  0.  ,   0.  ,   0.  ,   0.  ],
   [  0.  ,   0.  ,   0.  ,   0.  ],
   [  0.  ,   0.  ,   0.  ,   0.  ],
   [  0.  ,   0.  ,   0.  ,   0.  ],
   [  0.  ,   0.  ,   0.  ,   0.  ],
   [  0.  ,   0.  ,   0.  ,   0.  ],
   [  0.  ,   0.  ,   0.  ,   0.  ],
   [  0.  ,   0.  ,   0.  ,   0.  ]],

  [[  0.  ,   0.  ,   0.  ,   0.  ],
   [  0.  ,   0.  ,   0.  ,   0.  ],
   [  0.  ,   0.  ,   0.  ,   0.  ],
   [  0.  ,   0.  ,   0.  ,   0.  ],
   [  2.75,   0.  ,  17.25,  20.  ],
   [ 17.25,   0.  ,   6.5 ,  51.  ],
   [ 35.  ,   0.  ,   0.  ,  28.  ],
   [ 35.  ,   0.  ,   0.  ,  28.  ],
   [ 35.  ,   0.  ,   0.  ,  28.  ],
   [ 36.  ,   0.  ,   0.  ,  20.  ],
   [ 35.5 ,   0.  ,   0.  ,   0.  ],
   [  0.5 ,   0.  ,   0.  ,   0.  ],
   [  0.  ,   0.  ,   0.  ,   0.  ],
   [  0.  ,   0.  ,   0.  ,   0.  ]],

  [[  0.  ,   0.  ,   0.  ,   0.  ],
   [  0.  ,   0.  ,   0.  ,   0.  ],
   [  0.  ,   0.  ,   0.  ,   0.  ],
   [  0.  ,   0.  ,   0.  ,   0.  ],
   [  0.  ,   0.  ,  22.75,  91.  ],
   [ 47.75,   0.  ,   0.  ,  41.75],
   [ 77.  ,   0.  ,   0.  ,  21.  ],
   [ 77.  ,   0.  ,   0.  ,  21.  ],
   [ 77.  ,   0.  ,   0.  ,  21.  ],
   [ 83.  ,   0.  ,   0.  ,  16.  ],
   [ 99.  ,   0.  ,   0.  ,   0.  ],
   [  8.25,   0.  ,   4.5 ,   0.  ],
   [  0.  ,   0.  ,   0.  ,   0.  ],
   [  0.  ,   0.  ,   0.  ,   0.  ]],

  [[  0.  ,   0.  ,   0.  ,   0.  ],
   [  0.  ,   0.  ,   0.  ,   0.  ],
   [  0.  ,   0.  ,   0.  ,   0.  ],
   [  0.  ,   0.  ,   0.  ,   0.  ],
   [  0.  ,   5.5 ,  15.  , 105.  ],
   [ 78.  ,   0.  ,   0.  ,  21.  ],
   [ 79.  ,   5.75,   1.25,   0.75],
   [ 46.5 ,  30.5 ,   4.  ,  12.  ],
   [ 55.  ,  24.5 ,   1.25,  18.75],
   [ 65.5 ,  12.  ,   3.  ,  13.25],
   [ 96.5 ,   0.  ,  11.75,   0.  ],
   [  5.25,   0.75,   0.  ,   0.  ],
   [  0.  ,   0.  ,   0.  ,   0.  ],
   [  0.  ,   0.  ,   0.  ,   0.  ]],

  [[  0.  ,   0.  ,   0.  ,   0.  ],
   [  0.  ,   0.  ,   0.  ,   0.  ],
   [  0.  ,   0.  ,   0.  ,   0.  ],
   [  0.  ,   0.  ,   0.  ,   0.  ],
   [  0.  ,  17.25,   7.  ,  76.75],
   [ 62.  ,   0.  ,   0.  ,  37.25],
   [ 97.  ,   0.  ,   2.25,   0.  ],
   [ 21.  ,   0.  ,   0.  ,  26.  ],
   [ 38.25,  16.  ,   0.  ,   7.25],
   [ 25.  ,  30.25,   0.  ,   3.75],
   [ 43.  ,   7.5 ,   6.25,   0.  ],
   [  0.  ,   0.  ,   0.  ,   0.  ],
   [  0.  ,   0.  ,   0.  ,   0.  ],
   [  0.  ,   0.  ,   0.  ,   0.  ]],

  [[  0.  ,   0.  ,   0.  ,   0.  ],
   [  0.  ,   0.  ,   0.  ,   0.  ],
   [  0.  ,   0.  ,   0.  ,   0.  ],
   [  0.  ,   0.  ,   0.  ,   0.  ],
   [  0.  ,   9.5 ,  18.25,  48.5 ],
   [ 38.5 ,   0.  ,   0.  ,  69.75],
   [ 85.  ,   0.  ,   0.  ,  12.  ],
   [ 67.  ,   0.  ,   0.  ,  23.  ],
   [ 76.  ,   0.  ,   0.  ,   8.  ],
   [ 67.75,   0.  ,   0.  ,   0.  ],
   [ 22.25,   0.  ,   0.  ,   0.  ],
   [  0.  ,   0.  ,   0.  ,   0.  ],
   [  0.  ,   0.  ,   0.  ,   0.  ],
   [  0.  ,   0.  ,   0.  ,   0.  ]],

  [[  0.  ,   0.  ,   0.  ,   0.  ],
   [  0.  ,   0.  ,   0.  ,   0.  ],
   [  0.  ,   0.  ,   0.  ,   0.  ],
   [  0.  ,   0.  ,   0.  ,   0.  ],
   [  0.  ,  15.5 ,   3.75,  32.25],
   [ 26.  ,  14.25,   0.25,  65.75],
   [ 71.  ,   7.5 ,   0.  ,  10.5 ],
   [ 62.5 ,  22.  ,   1.25,  10.5 ],
   [ 60.5 ,   5.5 ,   9.25,  21.25],
   [ 89.  ,   0.  ,   0.  ,  12.25],
   [ 86.75,   0.  ,   0.  ,   0.  ],
   [  2.5 ,   0.  ,   0.  ,   0.  ],
   [  0.  ,   0.  ,   0.  ,   0.  ],
   [  0.  ,   0.  ,   0.  ,   0.  ]],

  [[  0.  ,   0.  ,   0.  ,   0.  ],
   [  0.  ,   0.  ,   0.  ,   0.  ],
   [  0.  ,   0.  ,   1.25,   0.75],
   [  2.5 ,   0.  ,   0.5 ,   2.  ],
   [  0.5 ,   4.5 ,   0.  ,   3.75],
   [  0.  ,  35.75,   0.  ,  27.  ],
   [ 32.75,  34.75,   0.25,   0.  ],
   [ 21.25,  32.75,   0.  ,   1.25],
   [ 13.75,  43.25,   0.75,  35.  ],
   [ 41.75,   6.5 ,   4.25,  50.  ],
   [107.5 ,   0.  ,   0.  ,   2.75],
   [ 30.75,   0.  ,   1.75,   0.  ],
   [  0.  ,   0.  ,   0.  ,   0.  ],
   [  0.  ,   0.  ,   0.  ,   0.  ]],

  [[  0.  ,   0.  ,   0.  ,   0.  ],
   [  0.  ,   0.  ,   0.  ,   0.  ],
   [  0.75,   0.  ,  22.25,  25.25],
   [ 23.25,   0.  ,   1.25,  48.25],
   [ 40.5 ,   0.  ,   0.75,   3.  ],
   [ 25.  ,   0.  ,   0.  ,   4.5 ],
   [ 10.  ,   0.  ,   0.  ,   0.  ],
   [  0.5 ,   0.  ,   0.  ,   0.  ],
   [  0.  ,   6.5 ,  11.  ,  18.75],
   [  4.  ,   2.5 ,   9.25,  99.5 ],
   [ 99.5 ,   0.  ,   0.  ,   7.5 ],
   [ 47.  ,   0.  ,   8.5 ,   0.  ],
   [  0.  ,   0.  ,   0.  ,   0.  ],
   [  0.  ,   0.  ,   0.  ,   0.  ]],

  [[  0.  ,   0.  ,   0.  ,   0.  ],
   [  0.  ,   0.  ,   0.  ,   0.  ],
   [  0.  ,  20.  ,   1.5 ,  29.25],
   [ 17.5 ,  24.5 ,   3.75,  57.5 ],
   [ 77.5 ,   0.  ,   1.  ,  19.75],
   [ 70.5 ,   0.  ,   0.  ,   9.25],
   [ 62.25,   0.  ,   0.75,   5.25],
   [ 38.  ,   0.  ,   0.  ,  25.  ],
   [ 24.5 ,   0.  ,   0.  ,  55.  ],
   [ 42.25,   0.  ,   0.  ,  49.25],
   [100.75,   0.  ,   5.  ,   0.  ],
   [ 21.25,   1.75,   4.5 ,   0.  ],
   [  0.  ,   0.  ,   0.  ,   0.  ],
   [  0.  ,   0.  ,   0.  ,   0.  ]],

  [[  0.  ,   0.  ,   0.  ,   0.  ],
   [  0.  ,   0.  ,   0.  ,   0.  ],
   [  0.  ,   1.5 ,   0.  ,   1.25],
   [  0.  ,  29.25,   0.  ,  27.5 ],
   [ 14.5 ,  36.75,   3.5 ,  43.5 ],
   [ 53.5 ,  19.75,   3.  ,  21.  ],
   [ 66.  ,   0.  ,   5.25,  24.5 ],
   [ 77.  ,   0.  ,   0.  ,  21.  ],
   [ 81.  ,   0.  ,   0.  ,  12.75],
   [ 71.25,  17.5 ,   5.5 ,   0.75],
   [ 66.75,   7.75,  12.5 ,   0.  ],
   [  0.  ,   0.  ,   0.  ,   0.  ],
   [  0.  ,   0.  ,   0.  ,   0.  ],
   [  0.  ,   0.  ,   0.  ,   0.  ]],

  [[  0.  ,   0.  ,   0.  ,   0.  ],
   [  0.  ,   0.  ,   0.  ,   0.  ],
   [  0.  ,   0.  ,   0.  ,   0.  ],
   [  0.  ,   0.  ,   0.  ,   0.  ],
   [  0.  ,  16.5 ,   0.  ,  11.75],
   [ 12.  ,  36.  ,   0.  ,  11.75],
   [ 19.75,  54.  ,   0.  ,  22.  ],
   [ 42.  ,  56.  ,   0.  ,   0.  ],
   [ 51.5 ,  41.5 ,   2.5 ,   0.  ],
   [ 42.5 ,   9.5 ,   5.75,   0.  ],
   [  1.75,   0.25,   0.  ,   0.  ],
   [  0.  ,   0.  ,   0.  ,   0.  ],
   [  0.  ,   0.  ,   0.  ,   0.  ],
   [  0.  ,   0.  ,   0.  ,   0.  ]],

  [[  0.  ,   0.  ,   0.  ,   0.  ],
   [  0.  ,   0.  ,   0.  ,   0.  ],
   [  0.  ,   0.  ,   0.  ,   0.  ],
   [  0.  ,   0.  ,   0.  ,   0.  ],
   [  0.  ,   0.  ,   0.  ,   0.  ],
   [  0.  ,   0.  ,   0.  ,   0.  ],
   [  0.  ,   0.  ,   0.  ,   0.  ],
   [  0.  ,   0.  ,   0.  ,   0.  ],
   [  0.  ,   0.  ,   0.  ,   0.  ],
   [  0.  ,   0.  ,   0.  ,   0.  ],
   [  0.  ,   0.  ,   0.  ,   0.  ],
   [  0.  ,   0.  ,   0.  ,   0.  ],
   [  0.  ,   0.  ,   0.  ,   0.  ],
   [  0.  ,   0.  ,   0.  ,   0.  ]]]]

🔹 Layer: conv2d_3
   📐 Output Shape: (1, 12, 12, 8)
   🔢 Output Values:
[[[[0.00000e+00, 0.00000e+00, 0.00000e+00, 0.00000e+00, 0.00000e+00, 0.00000e+00, 0.00000e+00, 0.00000e+00],
   [0.00000e+00, 0.00000e+00, 0.00000e+00, 0.00000e+00, 0.00000e+00, 0.00000e+00, 0.00000e+00, 0.00000e+00],
   [8.82500e+01, 4.62500e+01, 0.00000e+00, 6.42500e+01, 0.00000e+00, 7.92500e+01, 8.35000e+01, 0.00000e+00],
   [3.22250e+02, 0.00000e+00, 0.00000e+00, 0.00000e+00, 0.00000e+00, 3.00250e+02, 0.00000e+00, 0.00000e+00],
   [3.85250e+02, 0.00000e+00, 1.44000e+02, 0.00000e+00, 0.00000e+00, 3.30750e+02, 0.00000e+00, 0.00000e+00],
   [3.11500e+02, 0.00000e+00, 0.00000e+00, 0.00000e+00, 2.03750e+02, 1.37000e+02, 0.00000e+00, 0.00000e+00],
   [5.95000e+02, 0.00000e+00, 0.00000e+00, 4.20000e+01, 9.10000e+01, 1.26000e+02, 0.00000e+00, 0.00000e+00],
   [5.93000e+02, 0.00000e+00, 0.00000e+00, 5.20000e+01, 1.43000e+02, 8.20000e+01, 0.00000e+00, 0.00000e+00],
   [5.35000e+02, 1.60000e+01, 4.00000e+01, 1.18000e+02, 2.73000e+02, 0.00000e+00, 0.00000e+00, 0.00000e+00],
   [2.76500e+02, 1.54500e+02, 7.90000e+01, 3.85500e+02, 1.16000e+02, 0.00000e+00, 0.00000e+00, 0.00000e+00],
   [2.15500e+02, 1.78000e+02, 0.00000e+00, 1.81000e+02, 0.00000e+00, 0.00000e+00, 0.00000e+00, 1.39000e+02],
   [3.00000e+00, 2.50000e+00, 0.00000e+00, 2.50000e+00, 0.00000e+00, 0.00000e+00, 0.00000e+00, 2.00000e+00]],

  [[0.00000e+00, 0.00000e+00, 0.00000e+00, 0.00000e+00, 0.00000e+00, 0.00000e+00, 0.00000e+00, 0.00000e+00],
   [0.00000e+00, 0.00000e+00, 0.00000e+00, 0.00000e+00, 0.00000e+00, 0.00000e+00, 0.00000e+00, 0.00000e+00],
   [2.74500e+02, 9.57500e+01, 0.00000e+00, 0.00000e+00, 0.00000e+00, 6.47500e+02, 1.56500e+02, 0.00000e+00],
   [9.65000e+02, 2.63750e+02, 0.00000e+00, 0.00000e+00, 0.00000e+00, 6.21750e+02, 0.00000e+00, 0.00000e+00],
   [9.57500e+01, 0.00000e+00, 0.00000e+00, 0.00000e+00, 8.04000e+02, 2.77250e+02, 0.00000e+00, 0.00000e+00],
   [6.17250e+02, 1.42500e+01, 0.00000e+00, 0.00000e+00, 9.00000e+02, 0.00000e+00, 0.00000e+00, 0.00000e+00],
   [9.52000e+02, 2.94000e+02, 0.00000e+00, 0.00000e+00, 7.56000e+02, 0.00000e+00, 0.00000e+00, 0.00000e+00],
   [9.36000e+02, 2.47000e+02, 0.00000e+00, 0.00000e+00, 7.91000e+02, 0.00000e+00, 0.00000e+00, 0.00000e+00],
   [8.93500e+02, 7.55000e+01, 0.00000e+00, 1.14500e+02, 9.15500e+02, 0.00000e+00, 0.00000e+00, 0.00000e+00],
   [6.32000e+02, 1.00000e+02, 4.57500e+02, 1.03750e+03, 6.08000e+02, 0.00000e+00, 0.00000e+00, 0.00000e+00],
   [6.05250e+02, 3.98750e+02, 0.00000e+00, 5.66250e+02, 0.00000e+00, 0.00000e+00, 0.00000e+00, 2.52500e+02],
   [2.20000e+01, 3.07500e+01, 0.00000e+00, 6.37500e+01, 0.00000e+00, 0.00000e+00, 2.95000e+01, 0.00000e+00]],

  [[0.00000e+00, 0.00000e+00, 0.00000e+00, 0.00000e+00, 0.00000e+00, 0.00000e+00, 0.00000e+00, 0.00000e+00],
   [0.00000e+00, 0.00000e+00, 0.00000e+00, 0.00000e+00, 0.00000e+00, 0.00000e+00, 0.00000e+00, 0.00000e+00],
   [8.56000e+02, 4.32500e+02, 0.00000e+00, 0.00000e+00, 0.00000e+00, 1.37850e+03, 0.00000e+00, 0.00000e+00],
   [1.32150e+03, 6.39000e+02, 0.00000e+00, 0.00000e+00, 2.76500e+02, 1.18325e+03, 0.00000e+00, 0.00000e+00],
   [0.00000e+00, 0.00000e+00, 0.00000e+00, 0.00000e+00, 9.95000e+02, 0.00000e+00, 0.00000e+00, 0.00000e+00],
   [5.21750e+02, 0.00000e+00, 0.00000e+00, 5.65000e+02, 3.05000e+02, 0.00000e+00, 0.00000e+00, 1.19750e+02],
   [2.25250e+02, 0.00000e+00, 0.00000e+00, 4.67500e+01, 1.95250e+02, 0.00000e+00, 0.00000e+00, 1.28000e+02],
   [0.00000e+00, 0.00000e+00, 0.00000e+00, 0.00000e+00, 3.34000e+02, 0.00000e+00, 0.00000e+00, 0.00000e+00],
   [0.00000e+00, 0.00000e+00, 0.00000e+00, 7.70000e+01, 5.50250e+02, 0.00000e+00, 0.00000e+00, 0.00000e+00],
   [1.68000e+02, 0.00000e+00, 6.04500e+02, 1.39300e+03, 7.53000e+02, 0.00000e+00, 0.00000e+00, 0.00000e+00],
   [3.26500e+02, 2.53000e+02, 0.00000e+00, 6.48000e+02, 0.00000e+00, 0.00000e+00, 0.00000e+00, 0.00000e+00],
   [1.60000e+01, 0.00000e+00, 0.00000e+00, 1.75000e+01, 0.00000e+00, 0.00000e+00, 0.00000e+00, 1.65000e+01]],

  [[0.00000e+00, 0.00000e+00, 0.00000e+00, 0.00000e+00, 0.00000e+00, 0.00000e+00, 0.00000e+00, 0.00000e+00],
   [0.00000e+00, 0.00000e+00, 0.00000e+00, 0.00000e+00, 0.00000e+00, 0.00000e+00, 0.00000e+00, 0.00000e+00],
   [1.34850e+03, 3.16500e+02, 0.00000e+00, 0.00000e+00, 0.00000e+00, 1.81075e+03, 0.00000e+00, 0.00000e+00],
   [3.80250e+02, 4.37500e+02, 0.00000e+00, 0.00000e+00, 0.00000e+00, 1.10025e+03, 2.23000e+02, 8.62500e+01],
   [0.00000e+00, 0.00000e+00, 0.00000e+00, 0.00000e+00, 5.86500e+02, 0.00000e+00, 0.00000e+00, 0.00000e+00],
   [1.15000e+01, 0.00000e+00, 0.00000e+00, 9.24000e+02, 2.02000e+02, 0.00000e+00, 0.00000e+00, 0.00000e+00],
   [6.68500e+02, 1.64000e+02, 0.00000e+00, 4.74750e+02, 0.00000e+00, 0.00000e+00, 0.00000e+00, 5.20000e+01],
   [0.00000e+00, 0.00000e+00, 0.00000e+00, 1.90500e+02, 0.00000e+00, 0.00000e+00, 0.00000e+00, 0.00000e+00],
   [0.00000e+00, 0.00000e+00, 0.00000e+00, 4.82500e+01, 0.00000e+00, 0.00000e+00, 0.00000e+00, 1.58750e+02],
   [0.00000e+00, 0.00000e+00, 2.40500e+02, 1.28575e+03, 1.63750e+02, 0.00000e+00, 0.00000e+00, 1.22250e+02],
   [0.00000e+00, 8.45000e+01, 0.00000e+00, 4.79250e+02, 0.00000e+00, 0.00000e+00, 0.00000e+00, 0.00000e+00],
   [6.75000e+00, 0.00000e+00, 2.55000e+01, 4.35000e+01, 3.00000e+00, 0.00000e+00, 0.00000e+00, 0.00000e+00]],

  [[0.00000e+00, 0.00000e+00, 0.00000e+00, 0.00000e+00, 0.00000e+00, 0.00000e+00, 0.00000e+00, 0.00000e+00],
   [0.00000e+00, 0.00000e+00, 0.00000e+00, 0.00000e+00, 0.00000e+00, 0.00000e+00, 0.00000e+00, 0.00000e+00],
   [1.16875e+03, 1.83750e+02, 0.00000e+00, 0.00000e+00, 1.24750e+02, 1.40625e+03, 0.00000e+00, 0.00000e+00],
   [1.35500e+02, 4.23250e+02, 0.00000e+00, 0.00000e+00, 0.00000e+00, 1.19275e+03, 4.95500e+02, 2.12000e+02],
   [1.45500e+02, 0.00000e+00, 0.00000e+00, 0.00000e+00, 0.00000e+00, 0.00000e+00, 0.00000e+00, 0.00000e+00],
   [2.57000e+02, 0.00000e+00, 0.00000e+00, 6.72500e+02, 6.15750e+02, 0.00000e+00, 0.00000e+00, 0.00000e+00],
   [9.84750e+02, 1.51750e+02, 0.00000e+00, 2.92500e+02, 0.00000e+00, 0.00000e+00, 0.00000e+00, 0.00000e+00],
   [5.38500e+02, 0.00000e+00, 0.00000e+00, 2.50000e+02, 0.00000e+00, 0.00000e+00, 0.00000e+00, 0.00000e+00],
   [4.35250e+02, 5.16500e+02, 0.00000e+00, 6.44000e+02, 0.00000e+00, 0.00000e+00, 0.00000e+00, 0.00000e+00],
   [6.41750e+02, 0.00000e+00, 0.00000e+00, 1.53025e+03, 0.00000e+00, 0.00000e+00, 0.00000e+00, 2.90500e+02],
   [8.05000e+01, 1.65250e+02, 1.09250e+02, 4.30750e+02, 0.00000e+00, 0.00000e+00, 0.00000e+00, 0.00000e+00],
   [0.00000e+00, 1.87500e+01, 1.20000e+01, 6.75000e+00, 0.00000e+00, 0.00000e+00, 0.00000e+00, 0.00000e+00]],

  [[0.00000e+00, 0.00000e+00, 0.00000e+00, 0.00000e+00, 0.00000e+00, 0.00000e+00, 0.00000e+00, 0.00000e+00],
   [0.00000e+00, 0.00000e+00, 0.00000e+00, 0.00000e+00, 0.00000e+00, 0.00000e+00, 0.00000e+00, 0.00000e+00],
   [8.92750e+02, 0.00000e+00, 0.00000e+00, 5.82500e+01, 0.00000e+00, 1.22000e+03, 0.00000e+00, 0.00000e+00],
   [4.10000e+02, 3.67000e+02, 0.00000e+00, 0.00000e+00, 0.00000e+00, 1.42175e+03, 2.91000e+02, 0.00000e+00],
   [4.55000e+01, 0.00000e+00, 0.00000e+00, 0.00000e+00, 0.00000e+00, 0.00000e+00, 0.00000e+00, 0.00000e+00],
   [1.11750e+02, 0.00000e+00, 0.00000e+00, 6.09250e+02, 5.72250e+02, 0.00000e+00, 0.00000e+00, 0.00000e+00],
   [0.00000e+00, 1.34250e+02, 0.00000e+00, 1.42000e+02, 1.69500e+02, 0.00000e+00, 0.00000e+00, 0.00000e+00],
   [4.11250e+02, 0.00000e+00, 0.00000e+00, 4.02500e+02, 2.69250e+02, 0.00000e+00, 0.00000e+00, 0.00000e+00],
   [4.32500e+02, 0.00000e+00, 1.15750e+02, 2.14500e+02, 4.60250e+02, 0.00000e+00, 0.00000e+00, 0.00000e+00],
   [7.02500e+02, 5.80000e+01, 1.86500e+02, 1.22625e+03, 2.52500e+01, 0.00000e+00, 0.00000e+00, 0.00000e+00],
   [4.47750e+02, 4.97250e+02, 0.00000e+00, 5.31000e+02, 0.00000e+00, 0.00000e+00, 0.00000e+00, 0.00000e+00],
   [1.50000e+01, 1.25000e+01, 0.00000e+00, 1.25000e+01, 0.00000e+00, 0.00000e+00, 0.00000e+00, 1.00000e+01]],

  [[4.50000e+00, 3.75000e+00, 0.00000e+00, 7.25000e+00, 0.00000e+00, 7.50000e-01, 5.75000e+00, 0.00000e+00],
   [2.47500e+01, 0.00000e+00, 0.00000e+00, 0.00000e+00, 0.00000e+00, 1.50000e+01, 0.00000e+00, 0.00000e+00],
   [5.24500e+02, 8.97500e+01, 0.00000e+00, 0.00000e+00, 1.27250e+02, 6.30000e+02, 0.00000e+00, 1.85000e+01],
   [6.35750e+02, 2.98000e+02, 0.00000e+00, 0.00000e+00, 0.00000e+00, 1.27800e+03, 0.00000e+00, 3.15000e+01],
   [0.00000e+00, 0.00000e+00, 0.00000e+00, 0.00000e+00, 0.00000e+00, 0.00000e+00, 3.64250e+02, 2.03250e+02],
   [0.00000e+00, 0.00000e+00, 0.00000e+00, 1.76000e+02, 0.00000e+00, 0.00000e+00, 0.00000e+00, 1.82500e+01],
   [0.00000e+00, 0.00000e+00, 0.00000e+00, 0.00000e+00, 0.00000e+00, 0.00000e+00, 0.00000e+00, 0.00000e+00],
   [0.00000e+00, 0.00000e+00, 0.00000e+00, 0.00000e+00, 0.00000e+00, 0.00000e+00, 0.00000e+00, 0.00000e+00],
   [0.00000e+00, 0.00000e+00, 0.00000e+00, 0.00000e+00, 5.24000e+02, 0.00000e+00, 0.00000e+00, 0.00000e+00],
   [0.00000e+00, 0.00000e+00, 5.98500e+02, 9.74750e+02, 1.12050e+03, 0.00000e+00, 0.00000e+00, 0.00000e+00],
   [6.59250e+02, 3.55750e+02, 0.00000e+00, 7.97000e+02, 2.17500e+01, 0.00000e+00, 0.00000e+00, 0.00000e+00],
   [1.71500e+02, 1.42750e+02, 0.00000e+00, 1.62500e+02, 0.00000e+00, 0.00000e+00, 2.25000e+00, 1.03250e+02]],

  [[1.02750e+02, 6.27500e+01, 0.00000e+00, 9.55000e+01, 0.00000e+00, 9.82500e+01, 1.13000e+02, 0.00000e+00],
   [3.58000e+02, 0.00000e+00, 0.00000e+00, 0.00000e+00, 0.00000e+00, 2.96000e+02, 0.00000e+00, 0.00000e+00],
   [5.59750e+02, 0.00000e+00, 3.06750e+02, 1.02250e+02, 2.44000e+02, 5.69750e+02, 0.00000e+00, 0.00000e+00],
   [4.92250e+02, 0.00000e+00, 0.00000e+00, 1.70000e+01, 4.23000e+02, 4.92000e+02, 0.00000e+00, 0.00000e+00],
   [2.29000e+02, 9.42500e+01, 0.00000e+00, 0.00000e+00, 0.00000e+00, 0.00000e+00, 6.21250e+02, 1.18000e+02],
   [3.79250e+02, 0.00000e+00, 0.00000e+00, 9.73250e+02, 0.00000e+00, 0.00000e+00, 0.00000e+00, 1.97250e+02],
   [3.38000e+02, 2.09250e+02, 0.00000e+00, 2.40750e+02, 0.00000e+00, 0.00000e+00, 0.00000e+00, 0.00000e+00],
   [3.56000e+02, 6.37500e+02, 0.00000e+00, 0.00000e+00, 0.00000e+00, 2.52750e+02, 1.05000e+02, 0.00000e+00],
   [1.67750e+02, 0.00000e+00, 0.00000e+00, 0.00000e+00, 0.00000e+00, 0.00000e+00, 0.00000e+00, 0.00000e+00],
   [0.00000e+00, 0.00000e+00, 6.15000e+01, 1.09825e+03, 1.12900e+03, 0.00000e+00, 0.00000e+00, 0.00000e+00],
   [3.93750e+02, 2.96500e+02, 2.19250e+02, 1.02525e+03, 1.64000e+02, 0.00000e+00, 0.00000e+00, 0.00000e+00],
   [1.96000e+02, 1.24500e+02, 0.00000e+00, 2.79000e+02, 0.00000e+00, 0.00000e+00, 0.00000e+00, 3.17500e+01]],

  [[3.08750e+02, 0.00000e+00, 0.00000e+00, 0.00000e+00, 0.00000e+00, 5.54500e+02, 0.00000e+00, 0.00000e+00],
   [4.13250e+02, 4.32000e+02, 0.00000e+00, 0.00000e+00, 0.00000e+00, 7.62500e+02, 0.00000e+00, 0.00000e+00],
   [1.64500e+02, 0.00000e+00, 2.12500e+01, 0.00000e+00, 4.77000e+02, 9.52500e+01, 0.00000e+00, 0.00000e+00],
   [3.19250e+02, 0.00000e+00, 4.51500e+02, 2.89000e+02, 8.39000e+02, 0.00000e+00, 0.00000e+00, 0.00000e+00],
   [8.37000e+02, 0.00000e+00, 1.51750e+02, 2.61500e+02, 5.45000e+01, 1.64000e+02, 0.00000e+00, 0.00000e+00],
   [1.05575e+03, 0.00000e+00, 1.82500e+01, 6.77000e+02, 0.00000e+00, 1.75000e+00, 0.00000e+00, 0.00000e+00],
   [1.15125e+03, 0.00000e+00, 1.81500e+02, 4.50250e+02, 0.00000e+00, 6.03250e+02, 0.00000e+00, 0.00000e+00],
   [1.36175e+03, 3.67750e+02, 0.00000e+00, 0.00000e+00, 0.00000e+00, 1.20425e+03, 0.00000e+00, 0.00000e+00],
   [3.32500e+01, 7.24250e+02, 0.00000e+00, 0.00000e+00, 0.00000e+00, 0.00000e+00, 3.47750e+02, 0.00000e+00],
   [0.00000e+00, 0.00000e+00, 0.00000e+00, 1.43200e+03, 4.13500e+02, 0.00000e+00, 0.00000e+00, 6.57500e+02],
   [2.44000e+02, 1.03250e+02, 4.27500e+01, 1.12150e+03, 0.00000e+00, 0.00000e+00, 0.00000e+00, 0.00000e+00],
   [1.60000e+01, 0.00000e+00, 0.00000e+00, 1.80250e+02, 0.00000e+00, 0.00000e+00, 0.00000e+00, 0.00000e+00]],

  [[2.95500e+02, 2.57250e+02, 0.00000e+00, 0.00000e+00, 1.24250e+02, 3.37250e+02, 0.00000e+00, 1.50500e+02],
   [5.95250e+02, 4.13250e+02, 0.00000e+00, 0.00000e+00, 0.00000e+00, 1.01750e+03, 0.00000e+00, 6.72500e+01],
   [9.15000e+01, 0.00000e+00, 0.00000e+00, 0.00000e+00, 0.00000e+00, 1.52000e+02, 2.89250e+02, 1.15750e+02],
   [0.00000e+00, 0.00000e+00, 0.00000e+00, 0.00000e+00, 2.72250e+02, 0.00000e+00, 0.00000e+00, 2.20000e+01],
   [0.00000e+00, 0.00000e+00, 0.00000e+00, 0.00000e+00, 6.59000e+02, 0.00000e+00, 0.00000e+00, 0.00000e+00],
   [4.51500e+02, 0.00000e+00, 0.00000e+00, 3.52500e+01, 7.08250e+02, 0.00000e+00, 0.00000e+00, 0.00000e+00],
   [1.21325e+03, 2.68750e+02, 0.00000e+00, 0.00000e+00, 9.33500e+02, 3.32250e+02, 0.00000e+00, 0.00000e+00],
   [1.79225e+03, 3.26750e+02, 0.00000e+00, 1.90500e+02, 1.01950e+03, 8.60000e+02, 0.00000e+00, 0.00000e+00],
   [0.00000e+00, 2.06000e+02, 0.00000e+00, 0.00000e+00, 0.00000e+00, 0.00000e+00, 4.50000e+01, 5.70500e+02],
   [4.76750e+02, 0.00000e+00, 0.00000e+00, 1.70275e+03, 0.00000e+00, 0.00000e+00, 0.00000e+00, 4.48250e+02],
   [1.88500e+02, 0.00000e+00, 0.00000e+00, 9.68750e+02, 0.00000e+00, 0.00000e+00, 0.00000e+00, 0.00000e+00],
   [0.00000e+00, 1.75000e+01, 9.80000e+01, 1.38000e+02, 0.00000e+00, 0.00000e+00, 0.00000e+00, 0.00000e+00]],

  [[2.40250e+02, 0.00000e+00, 1.13750e+02, 2.74750e+02, 1.17500e+01, 3.29750e+02, 0.00000e+00, 0.00000e+00],
   [3.42750e+02, 0.00000e+00, 9.60000e+01, 0.00000e+00, 0.00000e+00, 6.07500e+02, 0.00000e+00, 9.77500e+01],
   [1.71500e+02, 1.91250e+02, 0.00000e+00, 0.00000e+00, 0.00000e+00, 5.11000e+02, 5.61750e+02, 2.07500e+01],
   [3.90500e+02, 0.00000e+00, 0.00000e+00, 0.00000e+00, 0.00000e+00, 0.00000e+00, 9.77500e+01, 9.50000e+00],
   [0.00000e+00, 0.00000e+00, 0.00000e+00, 0.00000e+00, 0.00000e+00, 0.00000e+00, 0.00000e+00, 0.00000e+00],
   [0.00000e+00, 0.00000e+00, 4.05000e+01, 0.00000e+00, 7.17500e+01, 0.00000e+00, 0.00000e+00, 0.00000e+00],
   [0.00000e+00, 0.00000e+00, 1.36000e+02, 0.00000e+00, 4.45250e+02, 0.00000e+00, 0.00000e+00, 0.00000e+00],
   [0.00000e+00, 0.00000e+00, 7.75000e+00, 6.35000e+01, 3.44000e+02, 0.00000e+00, 0.00000e+00, 0.00000e+00],
   [0.00000e+00, 0.00000e+00, 0.00000e+00, 2.98250e+02, 0.00000e+00, 0.00000e+00, 0.00000e+00, 4.47500e+01],
   [3.22500e+02, 0.00000e+00, 0.00000e+00, 1.30850e+03, 0.00000e+00, 0.00000e+00, 0.00000e+00, 2.59250e+02],
   [0.00000e+00, 0.00000e+00, 3.90000e+01, 4.06250e+02, 0.00000e+00, 0.00000e+00, 0.00000e+00, 0.00000e+00],
   [0.00000e+00, 4.82500e+01, 6.40000e+01, 5.62500e+01, 0.00000e+00, 0.00000e+00, 0.00000e+00, 0.00000e+00]],

  [[1.20000e+01, 0.00000e+00, 9.00000e+00, 1.65000e+01, 0.00000e+00, 1.77500e+01, 0.00000e+00, 0.00000e+00],
   [2.53500e+02, 0.00000e+00, 1.79250e+02, 3.35000e+02, 0.00000e+00, 3.69500e+02, 0.00000e+00, 0.00000e+00],
   [3.07250e+02, 0.00000e+00, 2.43750e+02, 1.04250e+02, 0.00000e+00, 5.74000e+02, 3.32500e+01, 2.55000e+01],
   [0.00000e+00, 0.00000e+00, 0.00000e+00, 0.00000e+00, 0.00000e+00, 1.82500e+02, 5.40750e+02, 0.00000e+00],
   [8.82500e+01, 6.60000e+01, 0.00000e+00, 0.00000e+00, 0.00000e+00, 0.00000e+00, 3.34250e+02, 1.50000e+00],
   [0.00000e+00, 2.32250e+02, 0.00000e+00, 2.30750e+02, 0.00000e+00, 0.00000e+00, 2.10000e+02, 1.33750e+02],
   [0.00000e+00, 0.00000e+00, 0.00000e+00, 6.76250e+02, 0.00000e+00, 0.00000e+00, 0.00000e+00, 3.35750e+02],
   [0.00000e+00, 0.00000e+00, 0.00000e+00, 8.73250e+02, 0.00000e+00, 0.00000e+00, 0.00000e+00, 1.85000e+02],
   [0.00000e+00, 0.00000e+00, 0.00000e+00, 5.24250e+02, 0.00000e+00, 0.00000e+00, 0.00000e+00, 0.00000e+00],
   [1.22750e+02, 0.00000e+00, 0.00000e+00, 5.98000e+02, 0.00000e+00, 0.00000e+00, 0.00000e+00, 0.00000e+00],
   [0.00000e+00, 1.64250e+02, 1.96000e+02, 1.58750e+02, 0.00000e+00, 0.00000e+00, 0.00000e+00, 0.00000e+00],
   [0.00000e+00, 0.00000e+00, 0.00000e+00, 0.00000e+00, 0.00000e+00, 0.00000e+00, 0.00000e+00, 0.00000e+00]]]]

🔹 Layer: average_pooling2d_3
   📐 Output Shape: (1, 6, 6, 8)
   🔢 Output Values:
[[[[0.0000000e+00, 0.0000000e+00, 0.0000000e+00, 0.0000000e+00, 0.0000000e+00, 0.0000000e+00, 0.0000000e+00, 0.0000000e+00],
   [4.1250000e+02, 1.0143750e+02, 0.0000000e+00, 1.6062500e+01, 0.0000000e+00, 4.1218750e+02, 6.0000000e+01, 0.0000000e+00],
   [3.5243750e+02, 3.5625000e+00, 3.6000000e+01, 0.0000000e+00, 4.7693750e+02, 1.8625000e+02, 0.0000000e+00, 0.0000000e+00],
   [7.6900000e+02, 1.3525000e+02, 0.0000000e+00, 2.3500000e+01, 4.4525000e+02, 5.2000000e+01, 0.0000000e+00, 0.0000000e+00],
   [5.8425000e+02, 8.6500000e+01, 1.4412500e+02, 4.1387500e+02, 4.7812500e+02, 0.0000000e+00, 0.0000000e+00, 0.0000000e+00],
   [2.1143750e+02, 1.5250000e+02, 0.0000000e+00, 2.0337500e+02, 0.0000000e+00, 0.0000000e+00, 7.3750000e+00, 9.8375000e+01]],

  [[0.0000000e+00, 0.0000000e+00, 0.0000000e+00, 0.0000000e+00, 0.0000000e+00, 0.0000000e+00, 0.0000000e+00, 0.0000000e+00],
   [9.7656250e+02, 4.5637500e+02, 0.0000000e+00, 0.0000000e+00, 6.9125000e+01, 1.3681875e+03, 5.5750000e+01, 2.1562500e+01],
   [1.3331250e+02, 0.0000000e+00, 0.0000000e+00, 3.7225000e+02, 5.2212500e+02, 0.0000000e+00, 0.0000000e+00, 2.9937500e+01],
   [2.2343750e+02, 4.1000000e+01, 0.0000000e+00, 1.7800000e+02, 1.3231250e+02, 0.0000000e+00, 0.0000000e+00, 4.5000000e+01],
   [4.2000000e+01, 0.0000000e+00, 2.1125000e+02, 7.0100000e+02, 3.6675000e+02, 0.0000000e+00, 0.0000000e+00, 7.0250000e+01],
   [8.7312500e+01, 8.4375000e+01, 6.3750000e+00, 2.9706250e+02, 7.5000000e-01, 0.0000000e+00, 0.0000000e+00, 4.1250000e+00]],

  [[0.0000000e+00, 0.0000000e+00, 0.0000000e+00, 0.0000000e+00, 0.0000000e+00, 0.0000000e+00, 0.0000000e+00, 0.0000000e+00],
   [6.5175000e+02, 2.4350000e+02, 0.0000000e+00, 1.4562500e+01, 3.1187500e+01, 1.3101875e+03, 1.9662500e+02, 5.3000000e+01],
   [1.3993750e+02, 0.0000000e+00, 0.0000000e+00, 3.2043750e+02, 2.9700000e+02, 0.0000000e+00, 0.0000000e+00, 0.0000000e+00],
   [4.8362500e+02, 7.1500000e+01, 0.0000000e+00, 2.7175000e+02, 1.0968750e+02, 0.0000000e+00, 0.0000000e+00, 0.0000000e+00],
   [5.5300000e+02, 1.4362500e+02, 7.5562500e+01, 9.0375000e+02, 1.2137500e+02, 0.0000000e+00, 0.0000000e+00, 7.2625000e+01],
   [1.3581250e+02, 1.7343750e+02, 3.0312500e+01, 2.4525000e+02, 0.0000000e+00, 0.0000000e+00, 0.0000000e+00, 2.5000000e+00]],

  [[1.2250000e+02, 1.6625000e+01, 0.0000000e+00, 2.5687500e+01, 0.0000000e+00, 1.0250000e+02, 2.9687500e+01, 0.0000000e+00],
   [5.5306250e+02, 9.6937500e+01, 7.6687500e+01, 2.9812500e+01, 1.9856250e+02, 7.4243750e+02, 0.0000000e+00, 1.2500000e+01],
   [1.5206250e+02, 2.3562500e+01, 0.0000000e+00, 2.8731250e+02, 0.0000000e+00, 0.0000000e+00, 2.4637500e+02, 1.3418750e+02],
   [1.7350000e+02, 2.1168750e+02, 0.0000000e+00, 6.0187500e+01, 0.0000000e+00, 6.3187500e+01, 2.6250000e+01, 0.0000000e+00],
   [4.1937500e+01, 0.0000000e+00, 1.6500000e+02, 5.1825000e+02, 6.9337500e+02, 0.0000000e+00, 0.0000000e+00, 0.0000000e+00],
   [3.5512500e+02, 2.2987500e+02, 5.4812500e+01, 5.6593750e+02, 4.6437500e+01, 0.0000000e+00, 5.6250000e-01, 3.3750000e+01]],

  [[4.0318750e+02, 2.7562500e+02, 0.0000000e+00, 0.0000000e+00, 3.1062500e+01, 6.6793750e+02, 0.0000000e+00, 5.4437500e+01],
   [1.4381250e+02, 0.0000000e+00, 1.1818750e+02, 7.2250000e+01, 3.9706250e+02, 6.1812500e+01, 7.2312500e+01, 3.4437500e+01],
   [5.8606250e+02, 0.0000000e+00, 4.2500000e+01, 2.4343750e+02, 3.5543750e+02, 4.1437500e+01, 0.0000000e+00, 0.0000000e+00],
   [1.3796250e+03, 2.4081250e+02, 4.5375000e+01, 1.6018750e+02, 4.8825000e+02, 7.4993750e+02, 0.0000000e+00, 0.0000000e+00],
   [1.2750000e+02, 2.3256250e+02, 0.0000000e+00, 7.8368750e+02, 1.0337500e+02, 0.0000000e+00, 9.8187500e+01, 4.1906250e+02],
   [1.1212500e+02, 3.0187500e+01, 3.5187500e+01, 6.0212500e+02, 0.0000000e+00, 0.0000000e+00, 0.0000000e+00, 0.0000000e+00]],

  [[2.1212500e+02, 0.0000000e+00, 9.9500000e+01, 1.5656250e+02, 2.9375000e+00, 3.3112500e+02, 0.0000000e+00, 2.4437500e+01],
   [2.1731250e+02, 4.7812500e+01, 6.0937500e+01, 2.6062500e+01, 0.0000000e+00, 3.1687500e+02, 3.0837500e+02, 1.3937500e+01],
   [2.2062500e+01, 7.4562500e+01, 1.0125000e+01, 5.7687500e+01, 1.7937500e+01, 0.0000000e+00, 1.3606250e+02, 3.3812500e+01],
   [0.0000000e+00, 0.0000000e+00, 3.5937500e+01, 4.0325000e+02, 1.9731250e+02, 0.0000000e+00, 0.0000000e+00, 1.3018750e+02],
   [1.1131250e+02, 0.0000000e+00, 0.0000000e+00, 6.8225000e+02, 0.0000000e+00, 0.0000000e+00, 0.0000000e+00, 7.6000000e+01],
   [0.0000000e+00, 5.3125000e+01, 7.4750000e+01, 1.5531250e+02, 0.0000000e+00, 0.0000000e+00, 0.0000000e+00, 0.0000000e+00]]]]

🔹 Layer: flatten_1
   📐 Output Shape: (1, 288)
   🔢 Output Values:
[[0.0000000e+00, 0.0000000e+00, 0.0000000e+00, 0.0000000e+00, 0.0000000e+00, 0.0000000e+00, 0.0000000e+00, 0.0000000e+00, 4.1250000e+02, 1.0143750e+02, 0.0000000e+00, 1.6062500e+01, 0.0000000e+00, 4.1218750e+02, 6.0000000e+01, 0.0000000e+00, 3.5243750e+02, 3.5625000e+00, 3.6000000e+01, 0.0000000e+00, 4.7693750e+02, 1.8625000e+02, 0.0000000e+00, 0.0000000e+00, 7.6900000e+02, 1.3525000e+02, 0.0000000e+00, 2.3500000e+01, 4.4525000e+02, 5.2000000e+01, 0.0000000e+00, 0.0000000e+00, 5.8425000e+02, 8.6500000e+01, 1.4412500e+02, 4.1387500e+02, 4.7812500e+02, 0.0000000e+00, 0.0000000e+00, 0.0000000e+00, 2.1143750e+02, 1.5250000e+02, 0.0000000e+00, 2.0337500e+02, 0.0000000e+00, 0.0000000e+00, 7.3750000e+00, 9.8375000e+01, 0.0000000e+00, 0.0000000e+00, 0.0000000e+00, 0.0000000e+00, 0.0000000e+00, 0.0000000e+00, 0.0000000e+00, 0.0000000e+00, 9.7656250e+02, 4.5637500e+02, 0.0000000e+00, 0.0000000e+00, 6.9125000e+01, 1.3681875e+03, 5.5750000e+01, 2.1562500e+01, 1.3331250e+02, 0.0000000e+00, 0.0000000e+00, 3.7225000e+02, 5.2212500e+02, 0.0000000e+00, 0.0000000e+00, 2.9937500e+01, 2.2343750e+02, 4.1000000e+01, 0.0000000e+00, 1.7800000e+02, 1.3231250e+02, 0.0000000e+00, 0.0000000e+00, 4.5000000e+01, 4.2000000e+01, 0.0000000e+00, 2.1125000e+02, 7.0100000e+02, 3.6675000e+02, 0.0000000e+00, 0.0000000e+00, 7.0250000e+01, 8.7312500e+01, 8.4375000e+01, 6.3750000e+00, 2.9706250e+02, 7.5000000e-01, 0.0000000e+00, 0.0000000e+00, 4.1250000e+00, 0.0000000e+00, 0.0000000e+00, 0.0000000e+00, 0.0000000e+00, 0.0000000e+00, 0.0000000e+00, 0.0000000e+00, 0.0000000e+00, 6.5175000e+02, 2.4350000e+02, 0.0000000e+00, 1.4562500e+01, 3.1187500e+01, 1.3101875e+03, 1.9662500e+02, 5.3000000e+01, 1.3993750e+02, 0.0000000e+00, 0.0000000e+00, 3.2043750e+02, 2.9700000e+02, 0.0000000e+00, 0.0000000e+00, 0.0000000e+00, 4.8362500e+02, 7.1500000e+01, 0.0000000e+00, 2.7175000e+02, 1.0968750e+02, 0.0000000e+00, 0.0000000e+00, 0.0000000e+00, 5.5300000e+02, 1.4362500e+02, 7.5562500e+01, 9.0375000e+02, 1.2137500e+02, 0.0000000e+00, 0.0000000e+00, 7.2625000e+01, 1.3581250e+02, 1.7343750e+02, 3.0312500e+01, 2.4525000e+02, 0.0000000e+00, 0.0000000e+00, 0.0000000e+00, 2.5000000e+00, 1.2250000e+02, 1.6625000e+01, 0.0000000e+00, 2.5687500e+01, 0.0000000e+00, 1.0250000e+02, 2.9687500e+01, 0.0000000e+00, 5.5306250e+02, 9.6937500e+01, 7.6687500e+01, 2.9812500e+01, 1.9856250e+02, 7.4243750e+02, 0.0000000e+00, 1.2500000e+01, 1.5206250e+02, 2.3562500e+01, 0.0000000e+00, 2.8731250e+02, 0.0000000e+00, 0.0000000e+00, 2.4637500e+02, 1.3418750e+02, 1.7350000e+02, 2.1168750e+02, 0.0000000e+00, 6.0187500e+01, 0.0000000e+00, 6.3187500e+01, 2.6250000e+01, 0.0000000e+00, 4.1937500e+01, 0.0000000e+00, 1.6500000e+02, 5.1825000e+02, 6.9337500e+02, 0.0000000e+00, 0.0000000e+00, 0.0000000e+00, 3.5512500e+02, 2.2987500e+02, 5.4812500e+01, 5.6593750e+02, 4.6437500e+01, 0.0000000e+00, 5.6250000e-01, 3.3750000e+01, 4.0318750e+02, 2.7562500e+02, 0.0000000e+00, 0.0000000e+00, 3.1062500e+01, 6.6793750e+02, 0.0000000e+00, 5.4437500e+01, 1.4381250e+02, 0.0000000e+00, 1.1818750e+02, 7.2250000e+01, 3.9706250e+02, 6.1812500e+01, 7.2312500e+01, 3.4437500e+01, 5.8606250e+02, 0.0000000e+00, 4.2500000e+01, 2.4343750e+02, 3.5543750e+02, 4.1437500e+01, 0.0000000e+00, 0.0000000e+00, 1.3796250e+03, 2.4081250e+02, 4.5375000e+01, 1.6018750e+02, 4.8825000e+02, 7.4993750e+02, 0.0000000e+00, 0.0000000e+00, 1.2750000e+02, 2.3256250e+02, 0.0000000e+00, 7.8368750e+02, 1.0337500e+02, 0.0000000e+00, 9.8187500e+01, 4.1906250e+02, 1.1212500e+02, 3.0187500e+01, 3.5187500e+01, 6.0212500e+02, 0.0000000e+00, 0.0000000e+00, 0.0000000e+00, 0.0000000e+00, 2.1212500e+02, 0.0000000e+00, 9.9500000e+01, 1.5656250e+02, 2.9375000e+00, 3.3112500e+02, 0.0000000e+00, 2.4437500e+01, 2.1731250e+02, 4.7812500e+01, 6.0937500e+01, 2.6062500e+01, 0.0000000e+00, 3.1687500e+02, 3.0837500e+02, 1.3937500e+01, 2.2062500e+01, 7.4562500e+01, 1.0125000e+01, 5.7687500e+01, 1.7937500e+01, 0.0000000e+00, 1.3606250e+02, 3.3812500e+01, 0.0000000e+00, 0.0000000e+00, 3.5937500e+01, 4.0325000e+02, 1.9731250e+02, 0.0000000e+00, 0.0000000e+00, 1.3018750e+02, 1.1131250e+02, 0.0000000e+00, 0.0000000e+00, 6.8225000e+02, 0.0000000e+00, 0.0000000e+00, 0.0000000e+00, 7.6000000e+01, 0.0000000e+00, 5.3125000e+01, 7.4750000e+01, 1.5531250e+02, 0.0000000e+00, 0.0000000e+00, 0.0000000e+00, 0.0000000e+00]]

🔹 Layer: lambda_1
   📐 Output Shape: (1, 288)
   🔢 Output Values:
[[0., 0., 0., 0., 0., 0., 0., 0., 2., 1., 0., 0., 0., 2., 0., 0., 2., 0., 0., 0., 2., 1., 0., 0., 4., 1., 0., 0., 2., 0., 0., 0., 3., 0., 1., 2., 2., 0., 0., 0., 1., 1., 0., 1., 0., 0., 0., 0., 0., 0., 0., 0., 0., 0., 0., 0., 5., 2., 0., 0., 0., 7., 0., 0., 1., 0., 0., 2., 3., 0., 0., 0., 1., 0., 0., 1., 1., 0., 0., 0., 0., 0., 1., 4., 2., 0., 0., 0., 0., 0., 0., 2., 0., 0., 0., 0., 0., 0., 0., 0., 0., 0., 0., 0., 3., 1., 0., 0., 0., 7., 1., 0., 1., 0., 0., 2., 2., 0., 0., 0., 2., 0., 0., 1., 1., 0., 0., 0., 3., 1., 0., 5., 1., 0., 0., 0., 1., 1., 0., 1., 0., 0., 0., 0., 1., 0., 0., 0., 0., 1., 0., 0., 3., 0., 0., 0., 1., 4., 0., 0., 1., 0., 0., 1., 0., 0., 1., 1., 1., 1., 0., 0., 0., 0., 0., 0., 0., 0., 1., 3., 4., 0., 0., 0., 2., 1., 0., 3., 0., 0., 0., 0., 2., 1., 0., 0., 0., 3., 0., 0., 1., 0., 1., 0., 2., 0., 0., 0., 3., 0., 0., 1., 2., 0., 0., 0., 7., 1., 0., 1., 2., 4., 0., 0., 1., 1., 0., 4., 1., 0., 0., 2., 1., 0., 0., 3., 0., 0., 0., 0., 1., 0., 1., 1., 0., 2., 0., 0., 1., 0., 0., 0., 0., 2., 2., 0., 0., 0., 0., 0., 0., 0., 1., 0., 0., 0., 0., 2., 1., 0., 0., 1., 1., 0., 0., 3., 0., 0., 0., 0., 0., 0., 0., 1., 0., 0., 0., 0.]]

🔹 Layer: dense_3
   📐 Output Shape: (1, 120)
   🔢 Output Values:
[[ 21.,  34.,   0.,   0.,   0.,   0.,   0.,   1.,  30.,   0.,  24.,   0.,  27.,  19.,  16.,   0.,   0.,   0.,  14.,   0.,   0.,   3.,   0.,  32.,  15.,   0.,   0.,   0.,   0.,  17.,  18.,  93.,  58.,  20.,   0.,   0.,   2.,   0.,   0.,  20.,  19.,   0.,   0.,  26.,   0.,   0.,   0.,  40.,   0.,   0.,  50.,   0.,   0.,   0.,  50.,   0.,   0.,   0.,   0.,  60.,   2.,   0.,  12.,  23.,   0.,  29.,   0.,  34.,   0.,   0.,   6.,  87.,   0.,  56.,  23.,   0., 136.,   0.,  66.,  68.,   0.,  62.,   0.,  14.,  16.,   0.,   0.,   0.,   0.,  22.,   0.,  47.,   0.,  16.,   0.,   0.,   0.,   0.,   0.,   4.,  10.,  30.,   0.,  44.,   5.,   0.,   0.,   0.,   7.,  33.,   7.,   0.,  28.,   0.,  16.,   0.,  12.,  32.,   0.,   0.]]

🔹 Layer: dense_4
   📐 Output Shape: (1, 84)
   🔢 Output Values:
[[   0.,    0.,    0.,    0.,  638.,    0.,    0.,    0.,    0.,    0.,  860.,    0., 1024.,  368.,    0.,  849., 1846.,    0.,    0., 1014.,  624., 1350.,    0., 1247.,    0.,  262.,    0.,    0.,    0., 1846.,    0.,    0.,    0.,    0.,  439.,    0.,    0.,    0.,    0., 1516.,    0., 1609.,   20.,    0.,  553., 1060., 1443.,  810., 1207.,  398.,  598.,  189.,    0.,    0., 2514., 1987.,    0.,    0.,  275.,    0.,  976., 1286., 1066.,    0.,    0., 1325.,  188., 1020.,    0.,  911., 1234.,   90.,    0.,    0.,    0.,    0.,    0.,  170.,  704.,    0.,  145.,    0.,   41.,  782.]]

🔹 Layer: dense_5
   📐 Output Shape: (1, 10)
   🔢 Output Values:
[[0., 0., 0., 1., 0., 0., 0., 0., 0., 0.]]

🎯 Prediction for Image 1004:
   ✅ Predicted Label: 3
   🎯 True Label: 5
   ❌ Result: Incorrect Prediction
