=============================
  🔍 Inference for Image 1009  
=============================

🔹 Layer: input_2
   📐 Output Shape: (1, 28, 28, 1)
   🔢 Output Values:
[[[[0.],
   [0.],
   [0.],
   [0.],
   [0.],
   [0.],
   [0.],
   [0.],
   [0.],
   [0.],
   [0.],
   [0.],
   [0.],
   [0.],
   [0.],
   [0.],
   [0.],
   [0.],
   [0.],
   [0.],
   [0.],
   [0.],
   [0.],
   [0.],
   [0.],
   [0.],
   [0.],
   [0.]],

  [[0.],
   [0.],
   [0.],
   [0.],
   [0.],
   [0.],
   [0.],
   [0.],
   [0.],
   [0.],
   [0.],
   [0.],
   [0.],
   [0.],
   [0.],
   [0.],
   [0.],
   [0.],
   [0.],
   [0.],
   [0.],
   [0.],
   [0.],
   [0.],
   [0.],
   [0.],
   [0.],
   [0.]],

  [[0.],
   [0.],
   [0.],
   [0.],
   [0.],
   [0.],
   [0.],
   [0.],
   [0.],
   [0.],
   [0.],
   [0.],
   [0.],
   [0.],
   [0.],
   [0.],
   [0.],
   [0.],
   [0.],
   [0.],
   [0.],
   [0.],
   [0.],
   [0.],
   [0.],
   [0.],
   [0.],
   [0.]],

  [[0.],
   [0.],
   [0.],
   [0.],
   [0.],
   [0.],
   [0.],
   [0.],
   [0.],
   [0.],
   [0.],
   [0.],
   [0.],
   [0.],
   [0.],
   [0.],
   [0.],
   [0.],
   [0.],
   [0.],
   [0.],
   [0.],
   [0.],
   [0.],
   [0.],
   [0.],
   [0.],
   [0.]],

  [[0.],
   [0.],
   [0.],
   [0.],
   [0.],
   [0.],
   [0.],
   [0.],
   [0.],
   [0.],
   [0.],
   [0.],
   [0.],
   [2.],
   [5.],
   [1.],
   [0.],
   [0.],
   [0.],
   [0.],
   [0.],
   [0.],
   [0.],
   [0.],
   [0.],
   [0.],
   [0.],
   [0.]],

  [[0.],
   [0.],
   [0.],
   [0.],
   [0.],
   [0.],
   [0.],
   [0.],
   [0.],
   [0.],
   [0.],
   [0.],
   [0.],
   [6.],
   [6.],
   [4.],
   [0.],
   [0.],
   [0.],
   [0.],
   [0.],
   [0.],
   [0.],
   [0.],
   [0.],
   [0.],
   [0.],
   [0.]],

  [[0.],
   [0.],
   [0.],
   [0.],
   [0.],
   [0.],
   [0.],
   [0.],
   [0.],
   [0.],
   [0.],
   [0.],
   [0.],
   [6.],
   [6.],
   [4.],
   [0.],
   [0.],
   [0.],
   [0.],
   [0.],
   [0.],
   [0.],
   [0.],
   [0.],
   [0.],
   [0.],
   [0.]],

  [[0.],
   [0.],
   [0.],
   [0.],
   [0.],
   [0.],
   [0.],
   [0.],
   [0.],
   [0.],
   [0.],
   [0.],
   [0.],
   [6.],
   [6.],
   [4.],
   [0.],
   [0.],
   [0.],
   [0.],
   [0.],
   [0.],
   [0.],
   [0.],
   [0.],
   [0.],
   [0.],
   [0.]],

  [[0.],
   [0.],
   [0.],
   [0.],
   [0.],
   [0.],
   [0.],
   [0.],
   [0.],
   [0.],
   [0.],
   [0.],
   [1.],
   [6.],
   [6.],
   [4.],
   [0.],
   [0.],
   [0.],
   [0.],
   [0.],
   [0.],
   [0.],
   [0.],
   [0.],
   [0.],
   [0.],
   [0.]],

  [[0.],
   [0.],
   [0.],
   [0.],
   [0.],
   [0.],
   [0.],
   [0.],
   [0.],
   [0.],
   [0.],
   [0.],
   [2.],
   [6.],
   [6.],
   [1.],
   [0.],
   [0.],
   [0.],
   [0.],
   [0.],
   [0.],
   [0.],
   [0.],
   [0.],
   [0.],
   [0.],
   [0.]],

  [[0.],
   [0.],
   [0.],
   [0.],
   [0.],
   [0.],
   [0.],
   [0.],
   [0.],
   [0.],
   [0.],
   [0.],
   [3.],
   [6.],
   [6.],
   [4.],
   [0.],
   [0.],
   [0.],
   [0.],
   [0.],
   [0.],
   [0.],
   [0.],
   [0.],
   [0.],
   [0.],
   [0.]],

  [[0.],
   [0.],
   [0.],
   [0.],
   [0.],
   [0.],
   [0.],
   [0.],
   [0.],
   [0.],
   [0.],
   [0.],
   [3.],
   [6.],
   [6.],
   [1.],
   [0.],
   [0.],
   [0.],
   [0.],
   [0.],
   [0.],
   [0.],
   [0.],
   [0.],
   [0.],
   [0.],
   [0.]],

  [[0.],
   [0.],
   [0.],
   [0.],
   [0.],
   [0.],
   [0.],
   [0.],
   [0.],
   [0.],
   [0.],
   [0.],
   [3.],
   [6.],
   [6.],
   [1.],
   [0.],
   [0.],
   [0.],
   [0.],
   [0.],
   [0.],
   [0.],
   [0.],
   [0.],
   [0.],
   [0.],
   [0.]],

  [[0.],
   [0.],
   [0.],
   [0.],
   [0.],
   [0.],
   [0.],
   [0.],
   [0.],
   [0.],
   [0.],
   [0.],
   [3.],
   [6.],
   [7.],
   [1.],
   [0.],
   [0.],
   [0.],
   [0.],
   [0.],
   [0.],
   [0.],
   [0.],
   [0.],
   [0.],
   [0.],
   [0.]],

  [[0.],
   [0.],
   [0.],
   [0.],
   [0.],
   [0.],
   [0.],
   [0.],
   [0.],
   [0.],
   [0.],
   [0.],
   [3.],
   [6.],
   [6.],
   [2.],
   [0.],
   [0.],
   [0.],
   [0.],
   [0.],
   [0.],
   [0.],
   [0.],
   [0.],
   [0.],
   [0.],
   [0.]],

  [[0.],
   [0.],
   [0.],
   [0.],
   [0.],
   [0.],
   [0.],
   [0.],
   [0.],
   [0.],
   [0.],
   [0.],
   [3.],
   [6.],
   [7.],
   [3.],
   [0.],
   [0.],
   [0.],
   [0.],
   [0.],
   [0.],
   [0.],
   [0.],
   [0.],
   [0.],
   [0.],
   [0.]],

  [[0.],
   [0.],
   [0.],
   [0.],
   [0.],
   [0.],
   [0.],
   [0.],
   [0.],
   [0.],
   [0.],
   [0.],
   [3.],
   [6.],
   [6.],
   [3.],
   [0.],
   [0.],
   [0.],
   [0.],
   [0.],
   [0.],
   [0.],
   [0.],
   [0.],
   [0.],
   [0.],
   [0.]],

  [[0.],
   [0.],
   [0.],
   [0.],
   [0.],
   [0.],
   [0.],
   [0.],
   [0.],
   [0.],
   [0.],
   [0.],
   [3.],
   [6.],
   [6.],
   [4.],
   [0.],
   [0.],
   [0.],
   [0.],
   [0.],
   [0.],
   [0.],
   [0.],
   [0.],
   [0.],
   [0.],
   [0.]],

  [[0.],
   [0.],
   [0.],
   [0.],
   [0.],
   [0.],
   [0.],
   [0.],
   [0.],
   [0.],
   [0.],
   [0.],
   [2.],
   [6.],
   [7.],
   [4.],
   [0.],
   [0.],
   [0.],
   [0.],
   [0.],
   [0.],
   [0.],
   [0.],
   [0.],
   [0.],
   [0.],
   [0.]],

  [[0.],
   [0.],
   [0.],
   [0.],
   [0.],
   [0.],
   [0.],
   [0.],
   [0.],
   [0.],
   [0.],
   [0.],
   [0.],
   [5.],
   [6.],
   [6.],
   [0.],
   [0.],
   [0.],
   [0.],
   [0.],
   [0.],
   [0.],
   [0.],
   [0.],
   [0.],
   [0.],
   [0.]],

  [[0.],
   [0.],
   [0.],
   [0.],
   [0.],
   [0.],
   [0.],
   [0.],
   [0.],
   [0.],
   [0.],
   [0.],
   [0.],
   [4.],
   [6.],
   [6.],
   [1.],
   [0.],
   [0.],
   [0.],
   [0.],
   [0.],
   [0.],
   [0.],
   [0.],
   [0.],
   [0.],
   [0.]],

  [[0.],
   [0.],
   [0.],
   [0.],
   [0.],
   [0.],
   [0.],
   [0.],
   [0.],
   [0.],
   [0.],
   [0.],
   [0.],
   [3.],
   [6.],
   [6.],
   [2.],
   [0.],
   [0.],
   [0.],
   [0.],
   [0.],
   [0.],
   [0.],
   [0.],
   [0.],
   [0.],
   [0.]],

  [[0.],
   [0.],
   [0.],
   [0.],
   [0.],
   [0.],
   [0.],
   [0.],
   [0.],
   [0.],
   [0.],
   [0.],
   [0.],
   [0.],
   [6.],
   [6.],
   [5.],
   [0.],
   [0.],
   [0.],
   [0.],
   [0.],
   [0.],
   [0.],
   [0.],
   [0.],
   [0.],
   [0.]],

  [[0.],
   [0.],
   [0.],
   [0.],
   [0.],
   [0.],
   [0.],
   [0.],
   [0.],
   [0.],
   [0.],
   [0.],
   [0.],
   [0.],
   [6.],
   [6.],
   [3.],
   [0.],
   [0.],
   [0.],
   [0.],
   [0.],
   [0.],
   [0.],
   [0.],
   [0.],
   [0.],
   [0.]],

  [[0.],
   [0.],
   [0.],
   [0.],
   [0.],
   [0.],
   [0.],
   [0.],
   [0.],
   [0.],
   [0.],
   [0.],
   [0.],
   [0.],
   [0.],
   [0.],
   [0.],
   [0.],
   [0.],
   [0.],
   [0.],
   [0.],
   [0.],
   [0.],
   [0.],
   [0.],
   [0.],
   [0.]],

  [[0.],
   [0.],
   [0.],
   [0.],
   [0.],
   [0.],
   [0.],
   [0.],
   [0.],
   [0.],
   [0.],
   [0.],
   [0.],
   [0.],
   [0.],
   [0.],
   [0.],
   [0.],
   [0.],
   [0.],
   [0.],
   [0.],
   [0.],
   [0.],
   [0.],
   [0.],
   [0.],
   [0.]],

  [[0.],
   [0.],
   [0.],
   [0.],
   [0.],
   [0.],
   [0.],
   [0.],
   [0.],
   [0.],
   [0.],
   [0.],
   [0.],
   [0.],
   [0.],
   [0.],
   [0.],
   [0.],
   [0.],
   [0.],
   [0.],
   [0.],
   [0.],
   [0.],
   [0.],
   [0.],
   [0.],
   [0.]],

  [[0.],
   [0.],
   [0.],
   [0.],
   [0.],
   [0.],
   [0.],
   [0.],
   [0.],
   [0.],
   [0.],
   [0.],
   [0.],
   [0.],
   [0.],
   [0.],
   [0.],
   [0.],
   [0.],
   [0.],
   [0.],
   [0.],
   [0.],
   [0.],
   [0.],
   [0.],
   [0.],
   [0.]]]]

🔹 Layer: zero_padding2d_1
   📐 Output Shape: (1, 30, 30, 1)
   🔢 Output Values:
[[[[0.],
   [0.],
   [0.],
   [0.],
   [0.],
   [0.],
   [0.],
   [0.],
   [0.],
   [0.],
   [0.],
   [0.],
   [0.],
   [0.],
   [0.],
   [0.],
   [0.],
   [0.],
   [0.],
   [0.],
   [0.],
   [0.],
   [0.],
   [0.],
   [0.],
   [0.],
   [0.],
   [0.],
   [0.],
   [0.]],

  [[0.],
   [0.],
   [0.],
   [0.],
   [0.],
   [0.],
   [0.],
   [0.],
   [0.],
   [0.],
   [0.],
   [0.],
   [0.],
   [0.],
   [0.],
   [0.],
   [0.],
   [0.],
   [0.],
   [0.],
   [0.],
   [0.],
   [0.],
   [0.],
   [0.],
   [0.],
   [0.],
   [0.],
   [0.],
   [0.]],

  [[0.],
   [0.],
   [0.],
   [0.],
   [0.],
   [0.],
   [0.],
   [0.],
   [0.],
   [0.],
   [0.],
   [0.],
   [0.],
   [0.],
   [0.],
   [0.],
   [0.],
   [0.],
   [0.],
   [0.],
   [0.],
   [0.],
   [0.],
   [0.],
   [0.],
   [0.],
   [0.],
   [0.],
   [0.],
   [0.]],

  [[0.],
   [0.],
   [0.],
   [0.],
   [0.],
   [0.],
   [0.],
   [0.],
   [0.],
   [0.],
   [0.],
   [0.],
   [0.],
   [0.],
   [0.],
   [0.],
   [0.],
   [0.],
   [0.],
   [0.],
   [0.],
   [0.],
   [0.],
   [0.],
   [0.],
   [0.],
   [0.],
   [0.],
   [0.],
   [0.]],

  [[0.],
   [0.],
   [0.],
   [0.],
   [0.],
   [0.],
   [0.],
   [0.],
   [0.],
   [0.],
   [0.],
   [0.],
   [0.],
   [0.],
   [0.],
   [0.],
   [0.],
   [0.],
   [0.],
   [0.],
   [0.],
   [0.],
   [0.],
   [0.],
   [0.],
   [0.],
   [0.],
   [0.],
   [0.],
   [0.]],

  [[0.],
   [0.],
   [0.],
   [0.],
   [0.],
   [0.],
   [0.],
   [0.],
   [0.],
   [0.],
   [0.],
   [0.],
   [0.],
   [0.],
   [2.],
   [5.],
   [1.],
   [0.],
   [0.],
   [0.],
   [0.],
   [0.],
   [0.],
   [0.],
   [0.],
   [0.],
   [0.],
   [0.],
   [0.],
   [0.]],

  [[0.],
   [0.],
   [0.],
   [0.],
   [0.],
   [0.],
   [0.],
   [0.],
   [0.],
   [0.],
   [0.],
   [0.],
   [0.],
   [0.],
   [6.],
   [6.],
   [4.],
   [0.],
   [0.],
   [0.],
   [0.],
   [0.],
   [0.],
   [0.],
   [0.],
   [0.],
   [0.],
   [0.],
   [0.],
   [0.]],

  [[0.],
   [0.],
   [0.],
   [0.],
   [0.],
   [0.],
   [0.],
   [0.],
   [0.],
   [0.],
   [0.],
   [0.],
   [0.],
   [0.],
   [6.],
   [6.],
   [4.],
   [0.],
   [0.],
   [0.],
   [0.],
   [0.],
   [0.],
   [0.],
   [0.],
   [0.],
   [0.],
   [0.],
   [0.],
   [0.]],

  [[0.],
   [0.],
   [0.],
   [0.],
   [0.],
   [0.],
   [0.],
   [0.],
   [0.],
   [0.],
   [0.],
   [0.],
   [0.],
   [0.],
   [6.],
   [6.],
   [4.],
   [0.],
   [0.],
   [0.],
   [0.],
   [0.],
   [0.],
   [0.],
   [0.],
   [0.],
   [0.],
   [0.],
   [0.],
   [0.]],

  [[0.],
   [0.],
   [0.],
   [0.],
   [0.],
   [0.],
   [0.],
   [0.],
   [0.],
   [0.],
   [0.],
   [0.],
   [0.],
   [1.],
   [6.],
   [6.],
   [4.],
   [0.],
   [0.],
   [0.],
   [0.],
   [0.],
   [0.],
   [0.],
   [0.],
   [0.],
   [0.],
   [0.],
   [0.],
   [0.]],

  [[0.],
   [0.],
   [0.],
   [0.],
   [0.],
   [0.],
   [0.],
   [0.],
   [0.],
   [0.],
   [0.],
   [0.],
   [0.],
   [2.],
   [6.],
   [6.],
   [1.],
   [0.],
   [0.],
   [0.],
   [0.],
   [0.],
   [0.],
   [0.],
   [0.],
   [0.],
   [0.],
   [0.],
   [0.],
   [0.]],

  [[0.],
   [0.],
   [0.],
   [0.],
   [0.],
   [0.],
   [0.],
   [0.],
   [0.],
   [0.],
   [0.],
   [0.],
   [0.],
   [3.],
   [6.],
   [6.],
   [4.],
   [0.],
   [0.],
   [0.],
   [0.],
   [0.],
   [0.],
   [0.],
   [0.],
   [0.],
   [0.],
   [0.],
   [0.],
   [0.]],

  [[0.],
   [0.],
   [0.],
   [0.],
   [0.],
   [0.],
   [0.],
   [0.],
   [0.],
   [0.],
   [0.],
   [0.],
   [0.],
   [3.],
   [6.],
   [6.],
   [1.],
   [0.],
   [0.],
   [0.],
   [0.],
   [0.],
   [0.],
   [0.],
   [0.],
   [0.],
   [0.],
   [0.],
   [0.],
   [0.]],

  [[0.],
   [0.],
   [0.],
   [0.],
   [0.],
   [0.],
   [0.],
   [0.],
   [0.],
   [0.],
   [0.],
   [0.],
   [0.],
   [3.],
   [6.],
   [6.],
   [1.],
   [0.],
   [0.],
   [0.],
   [0.],
   [0.],
   [0.],
   [0.],
   [0.],
   [0.],
   [0.],
   [0.],
   [0.],
   [0.]],

  [[0.],
   [0.],
   [0.],
   [0.],
   [0.],
   [0.],
   [0.],
   [0.],
   [0.],
   [0.],
   [0.],
   [0.],
   [0.],
   [3.],
   [6.],
   [7.],
   [1.],
   [0.],
   [0.],
   [0.],
   [0.],
   [0.],
   [0.],
   [0.],
   [0.],
   [0.],
   [0.],
   [0.],
   [0.],
   [0.]],

  [[0.],
   [0.],
   [0.],
   [0.],
   [0.],
   [0.],
   [0.],
   [0.],
   [0.],
   [0.],
   [0.],
   [0.],
   [0.],
   [3.],
   [6.],
   [6.],
   [2.],
   [0.],
   [0.],
   [0.],
   [0.],
   [0.],
   [0.],
   [0.],
   [0.],
   [0.],
   [0.],
   [0.],
   [0.],
   [0.]],

  [[0.],
   [0.],
   [0.],
   [0.],
   [0.],
   [0.],
   [0.],
   [0.],
   [0.],
   [0.],
   [0.],
   [0.],
   [0.],
   [3.],
   [6.],
   [7.],
   [3.],
   [0.],
   [0.],
   [0.],
   [0.],
   [0.],
   [0.],
   [0.],
   [0.],
   [0.],
   [0.],
   [0.],
   [0.],
   [0.]],

  [[0.],
   [0.],
   [0.],
   [0.],
   [0.],
   [0.],
   [0.],
   [0.],
   [0.],
   [0.],
   [0.],
   [0.],
   [0.],
   [3.],
   [6.],
   [6.],
   [3.],
   [0.],
   [0.],
   [0.],
   [0.],
   [0.],
   [0.],
   [0.],
   [0.],
   [0.],
   [0.],
   [0.],
   [0.],
   [0.]],

  [[0.],
   [0.],
   [0.],
   [0.],
   [0.],
   [0.],
   [0.],
   [0.],
   [0.],
   [0.],
   [0.],
   [0.],
   [0.],
   [3.],
   [6.],
   [6.],
   [4.],
   [0.],
   [0.],
   [0.],
   [0.],
   [0.],
   [0.],
   [0.],
   [0.],
   [0.],
   [0.],
   [0.],
   [0.],
   [0.]],

  [[0.],
   [0.],
   [0.],
   [0.],
   [0.],
   [0.],
   [0.],
   [0.],
   [0.],
   [0.],
   [0.],
   [0.],
   [0.],
   [2.],
   [6.],
   [7.],
   [4.],
   [0.],
   [0.],
   [0.],
   [0.],
   [0.],
   [0.],
   [0.],
   [0.],
   [0.],
   [0.],
   [0.],
   [0.],
   [0.]],

  [[0.],
   [0.],
   [0.],
   [0.],
   [0.],
   [0.],
   [0.],
   [0.],
   [0.],
   [0.],
   [0.],
   [0.],
   [0.],
   [0.],
   [5.],
   [6.],
   [6.],
   [0.],
   [0.],
   [0.],
   [0.],
   [0.],
   [0.],
   [0.],
   [0.],
   [0.],
   [0.],
   [0.],
   [0.],
   [0.]],

  [[0.],
   [0.],
   [0.],
   [0.],
   [0.],
   [0.],
   [0.],
   [0.],
   [0.],
   [0.],
   [0.],
   [0.],
   [0.],
   [0.],
   [4.],
   [6.],
   [6.],
   [1.],
   [0.],
   [0.],
   [0.],
   [0.],
   [0.],
   [0.],
   [0.],
   [0.],
   [0.],
   [0.],
   [0.],
   [0.]],

  [[0.],
   [0.],
   [0.],
   [0.],
   [0.],
   [0.],
   [0.],
   [0.],
   [0.],
   [0.],
   [0.],
   [0.],
   [0.],
   [0.],
   [3.],
   [6.],
   [6.],
   [2.],
   [0.],
   [0.],
   [0.],
   [0.],
   [0.],
   [0.],
   [0.],
   [0.],
   [0.],
   [0.],
   [0.],
   [0.]],

  [[0.],
   [0.],
   [0.],
   [0.],
   [0.],
   [0.],
   [0.],
   [0.],
   [0.],
   [0.],
   [0.],
   [0.],
   [0.],
   [0.],
   [0.],
   [6.],
   [6.],
   [5.],
   [0.],
   [0.],
   [0.],
   [0.],
   [0.],
   [0.],
   [0.],
   [0.],
   [0.],
   [0.],
   [0.],
   [0.]],

  [[0.],
   [0.],
   [0.],
   [0.],
   [0.],
   [0.],
   [0.],
   [0.],
   [0.],
   [0.],
   [0.],
   [0.],
   [0.],
   [0.],
   [0.],
   [6.],
   [6.],
   [3.],
   [0.],
   [0.],
   [0.],
   [0.],
   [0.],
   [0.],
   [0.],
   [0.],
   [0.],
   [0.],
   [0.],
   [0.]],

  [[0.],
   [0.],
   [0.],
   [0.],
   [0.],
   [0.],
   [0.],
   [0.],
   [0.],
   [0.],
   [0.],
   [0.],
   [0.],
   [0.],
   [0.],
   [0.],
   [0.],
   [0.],
   [0.],
   [0.],
   [0.],
   [0.],
   [0.],
   [0.],
   [0.],
   [0.],
   [0.],
   [0.],
   [0.],
   [0.]],

  [[0.],
   [0.],
   [0.],
   [0.],
   [0.],
   [0.],
   [0.],
   [0.],
   [0.],
   [0.],
   [0.],
   [0.],
   [0.],
   [0.],
   [0.],
   [0.],
   [0.],
   [0.],
   [0.],
   [0.],
   [0.],
   [0.],
   [0.],
   [0.],
   [0.],
   [0.],
   [0.],
   [0.],
   [0.],
   [0.]],

  [[0.],
   [0.],
   [0.],
   [0.],
   [0.],
   [0.],
   [0.],
   [0.],
   [0.],
   [0.],
   [0.],
   [0.],
   [0.],
   [0.],
   [0.],
   [0.],
   [0.],
   [0.],
   [0.],
   [0.],
   [0.],
   [0.],
   [0.],
   [0.],
   [0.],
   [0.],
   [0.],
   [0.],
   [0.],
   [0.]],

  [[0.],
   [0.],
   [0.],
   [0.],
   [0.],
   [0.],
   [0.],
   [0.],
   [0.],
   [0.],
   [0.],
   [0.],
   [0.],
   [0.],
   [0.],
   [0.],
   [0.],
   [0.],
   [0.],
   [0.],
   [0.],
   [0.],
   [0.],
   [0.],
   [0.],
   [0.],
   [0.],
   [0.],
   [0.],
   [0.]],

  [[0.],
   [0.],
   [0.],
   [0.],
   [0.],
   [0.],
   [0.],
   [0.],
   [0.],
   [0.],
   [0.],
   [0.],
   [0.],
   [0.],
   [0.],
   [0.],
   [0.],
   [0.],
   [0.],
   [0.],
   [0.],
   [0.],
   [0.],
   [0.],
   [0.],
   [0.],
   [0.],
   [0.],
   [0.],
   [0.]]]]

🔹 Layer: conv2d_2
   📐 Output Shape: (1, 28, 28, 4)
   🔢 Output Values:
[[[[  0.,   0.,   0.,   0.],
   [  0.,   0.,   0.,   0.],
   [  0.,   0.,   0.,   0.],
   [  0.,   0.,   0.,   0.],
   [  0.,   0.,   0.,   0.],
   [  0.,   0.,   0.,   0.],
   [  0.,   0.,   0.,   0.],
   [  0.,   0.,   0.,   0.],
   [  0.,   0.,   0.,   0.],
   [  0.,   0.,   0.,   0.],
   [  0.,   0.,   0.,   0.],
   [  0.,   0.,   0.,   0.],
   [  0.,   0.,   0.,   0.],
   [  0.,   0.,   0.,   0.],
   [  0.,   0.,   0.,   0.],
   [  0.,   0.,   0.,   0.],
   [  0.,   0.,   0.,   0.],
   [  0.,   0.,   0.,   0.],
   [  0.,   0.,   0.,   0.],
   [  0.,   0.,   0.,   0.],
   [  0.,   0.,   0.,   0.],
   [  0.,   0.,   0.,   0.],
   [  0.,   0.,   0.,   0.],
   [  0.,   0.,   0.,   0.],
   [  0.,   0.,   0.,   0.],
   [  0.,   0.,   0.,   0.],
   [  0.,   0.,   0.,   0.],
   [  0.,   0.,   0.,   0.]],

  [[  0.,   0.,   0.,   0.],
   [  0.,   0.,   0.,   0.],
   [  0.,   0.,   0.,   0.],
   [  0.,   0.,   0.,   0.],
   [  0.,   0.,   0.,   0.],
   [  0.,   0.,   0.,   0.],
   [  0.,   0.,   0.,   0.],
   [  0.,   0.,   0.,   0.],
   [  0.,   0.,   0.,   0.],
   [  0.,   0.,   0.,   0.],
   [  0.,   0.,   0.,   0.],
   [  0.,   0.,   0.,   0.],
   [  0.,   0.,   0.,   0.],
   [  0.,   0.,   0.,   0.],
   [  0.,   0.,   0.,   0.],
   [  0.,   0.,   0.,   0.],
   [  0.,   0.,   0.,   0.],
   [  0.,   0.,   0.,   0.],
   [  0.,   0.,   0.,   0.],
   [  0.,   0.,   0.,   0.],
   [  0.,   0.,   0.,   0.],
   [  0.,   0.,   0.,   0.],
   [  0.,   0.,   0.,   0.],
   [  0.,   0.,   0.,   0.],
   [  0.,   0.,   0.,   0.],
   [  0.,   0.,   0.,   0.],
   [  0.,   0.,   0.,   0.],
   [  0.,   0.,   0.,   0.]],

  [[  0.,   0.,   0.,   0.],
   [  0.,   0.,   0.,   0.],
   [  0.,   0.,   0.,   0.],
   [  0.,   0.,   0.,   0.],
   [  0.,   0.,   0.,   0.],
   [  0.,   0.,   0.,   0.],
   [  0.,   0.,   0.,   0.],
   [  0.,   0.,   0.,   0.],
   [  0.,   0.,   0.,   0.],
   [  0.,   0.,   0.,   0.],
   [  0.,   0.,   0.,   0.],
   [  0.,   0.,   0.,   0.],
   [  0.,   0.,   0.,   0.],
   [  0.,   0.,   0.,   0.],
   [  0.,   0.,   0.,   0.],
   [  0.,   0.,   0.,   0.],
   [  0.,   0.,   0.,   0.],
   [  0.,   0.,   0.,   0.],
   [  0.,   0.,   0.,   0.],
   [  0.,   0.,   0.,   0.],
   [  0.,   0.,   0.,   0.],
   [  0.,   0.,   0.,   0.],
   [  0.,   0.,   0.,   0.],
   [  0.,   0.,   0.,   0.],
   [  0.,   0.,   0.,   0.],
   [  0.,   0.,   0.,   0.],
   [  0.,   0.,   0.,   0.],
   [  0.,   0.,   0.,   0.]],

  [[  0.,   0.,   0.,   0.],
   [  0.,   0.,   0.,   0.],
   [  0.,   0.,   0.,   0.],
   [  0.,   0.,   0.,   0.],
   [  0.,   0.,   0.,   0.],
   [  0.,   0.,   0.,   0.],
   [  0.,   0.,   0.,   0.],
   [  0.,   0.,   0.,   0.],
   [  0.,   0.,   0.,   0.],
   [  0.,   0.,   0.,   0.],
   [  0.,   0.,   0.,   0.],
   [  0.,   0.,   0.,   0.],
   [  0.,   0.,  10.,   6.],
   [  0.,   0.,  19.,  23.],
   [ 30.,   0.,   0.,  17.],
   [ 16.,   0.,   0.,   0.],
   [  2.,   0.,   0.,   0.],
   [  0.,   0.,   0.,   0.],
   [  0.,   0.,   0.,   0.],
   [  0.,   0.,   0.,   0.],
   [  0.,   0.,   0.,   0.],
   [  0.,   0.,   0.,   0.],
   [  0.,   0.,   0.,   0.],
   [  0.,   0.,   0.,   0.],
   [  0.,   0.,   0.,   0.],
   [  0.,   0.,   0.,   0.],
   [  0.,   0.,   0.,   0.],
   [  0.,   0.,   0.,   0.]],

  [[  0.,   0.,   0.,   0.],
   [  0.,   0.,   0.,   0.],
   [  0.,   0.,   0.,   0.],
   [  0.,   0.,   0.,   0.],
   [  0.,   0.,   0.,   0.],
   [  0.,   0.,   0.,   0.],
   [  0.,   0.,   0.,   0.],
   [  0.,   0.,   0.,   0.],
   [  0.,   0.,   0.,   0.],
   [  0.,   0.,   0.,   0.],
   [  0.,   0.,   0.,   0.],
   [  0.,   0.,   0.,   0.],
   [  0.,   0.,  36.,  28.],
   [ 15.,   0.,  13.,  71.],
   [ 15.,   0.,   0.,  19.],
   [ 55.,   0.,   0.,   0.],
   [ 13.,   0.,   0.,   0.],
   [  0.,   0.,   0.,   0.],
   [  0.,   0.,   0.,   0.],
   [  0.,   0.,   0.,   0.],
   [  0.,   0.,   0.,   0.],
   [  0.,   0.,   0.,   0.],
   [  0.,   0.,   0.,   0.],
   [  0.,   0.,   0.,   0.],
   [  0.,   0.,   0.,   0.],
   [  0.,   0.,   0.,   0.],
   [  0.,   0.,   0.,   0.],
   [  0.,   0.,   0.,   0.]],

  [[  0.,   0.,   0.,   0.],
   [  0.,   0.,   0.,   0.],
   [  0.,   0.,   0.,   0.],
   [  0.,   0.,   0.,   0.],
   [  0.,   0.,   0.,   0.],
   [  0.,   0.,   0.,   0.],
   [  0.,   0.,   0.,   0.],
   [  0.,   0.,   0.,   0.],
   [  0.,   0.,   0.,   0.],
   [  0.,   0.,   0.,   0.],
   [  0.,   0.,   0.,   0.],
   [  0.,   0.,   0.,   0.],
   [  0.,   0.,  42.,  58.],
   [  0.,   0.,   0., 107.],
   [ 66.,   0.,   0.,   0.],
   [ 81.,   0.,   0.,   0.],
   [ 35.,   0.,   4.,   0.],
   [  0.,   0.,   0.,   0.],
   [  0.,   0.,   0.,   0.],
   [  0.,   0.,   0.,   0.],
   [  0.,   0.,   0.,   0.],
   [  0.,   0.,   0.,   0.],
   [  0.,   0.,   0.,   0.],
   [  0.,   0.,   0.,   0.],
   [  0.,   0.,   0.,   0.],
   [  0.,   0.,   0.,   0.],
   [  0.,   0.,   0.,   0.],
   [  0.,   0.,   0.,   0.]],

  [[  0.,   0.,   0.,   0.],
   [  0.,   0.,   0.,   0.],
   [  0.,   0.,   0.,   0.],
   [  0.,   0.,   0.,   0.],
   [  0.,   0.,   0.,   0.],
   [  0.,   0.,   0.,   0.],
   [  0.,   0.,   0.,   0.],
   [  0.,   0.,   0.,   0.],
   [  0.,   0.,   0.,   0.],
   [  0.,   0.,   0.,   0.],
   [  0.,   0.,   0.,   0.],
   [  0.,   0.,   0.,   0.],
   [  0.,   6.,  30.,  78.],
   [  0.,   0.,   0., 108.],
   [ 80.,   0.,   0.,   0.],
   [100.,   0.,   0.,   0.],
   [ 56.,   0.,   4.,   0.],
   [  0.,   0.,   0.,   0.],
   [  0.,   0.,   0.,   0.],
   [  0.,   0.,   0.,   0.],
   [  0.,   0.,   0.,   0.],
   [  0.,   0.,   0.,   0.],
   [  0.,   0.,   0.,   0.],
   [  0.,   0.,   0.,   0.],
   [  0.,   0.,   0.,   0.],
   [  0.,   0.,   0.,   0.],
   [  0.,   0.,   0.,   0.],
   [  0.,   0.,   0.,   0.]],

  [[  0.,   0.,   0.,   0.],
   [  0.,   0.,   0.,   0.],
   [  0.,   0.,   0.,   0.],
   [  0.,   0.,   0.,   0.],
   [  0.,   0.,   0.,   0.],
   [  0.,   0.,   0.,   0.],
   [  0.,   0.,   0.,   0.],
   [  0.,   0.,   0.,   0.],
   [  0.,   0.,   0.,   0.],
   [  0.,   0.,   0.,   0.],
   [  0.,   0.,   0.,   0.],
   [  0.,   0.,   5.,   3.],
   [  0.,   0.,  27.,  82.],
   [  0.,   0.,   0., 105.],
   [ 80.,   0.,   0.,   0.],
   [100.,   0.,   0.,   0.],
   [ 56.,   0.,   4.,   0.],
   [  0.,   0.,   0.,   0.],
   [  0.,   0.,   0.,   0.],
   [  0.,   0.,   0.,   0.],
   [  0.,   0.,   0.,   0.],
   [  0.,   0.,   0.,   0.],
   [  0.,   0.,   0.,   0.],
   [  0.,   0.,   0.,   0.],
   [  0.,   0.,   0.,   0.],
   [  0.,   0.,   0.,   0.],
   [  0.,   0.,   0.,   0.],
   [  0.,   0.,   0.,   0.]],

  [[  0.,   0.,   0.,   0.],
   [  0.,   0.,   0.,   0.],
   [  0.,   0.,   0.,   0.],
   [  0.,   0.,   0.,   0.],
   [  0.,   0.,   0.,   0.],
   [  0.,   0.,   0.,   0.],
   [  0.,   0.,   0.,   0.],
   [  0.,   0.,   0.,   0.],
   [  0.,   0.,   0.,   0.],
   [  0.,   0.,   0.,   0.],
   [  0.,   0.,   0.,   0.],
   [  0.,   0.,  13.,  11.],
   [  0.,   0.,  17.,  88.],
   [  0.,   0.,   0.,  95.],
   [ 92.,   0.,   0.,   0.],
   [ 82.,   0.,   0.,   0.],
   [ 50.,   0.,  19.,   0.],
   [  0.,   0.,   0.,   0.],
   [  0.,   0.,   0.,   0.],
   [  0.,   0.,   0.,   0.],
   [  0.,   0.,   0.,   0.],
   [  0.,   0.,   0.,   0.],
   [  0.,   0.,   0.,   0.],
   [  0.,   0.,   0.,   0.],
   [  0.,   0.,   0.,   0.],
   [  0.,   0.,   0.,   0.],
   [  0.,   0.,   0.,   0.],
   [  0.,   0.,   0.,   0.]],

  [[  0.,   0.,   0.,   0.],
   [  0.,   0.,   0.,   0.],
   [  0.,   0.,   0.,   0.],
   [  0.,   0.,   0.,   0.],
   [  0.,   0.,   0.,   0.],
   [  0.,   0.,   0.,   0.],
   [  0.,   0.,   0.,   0.],
   [  0.,   0.,   0.,   0.],
   [  0.,   0.,   0.,   0.],
   [  0.,   0.,   0.,   0.],
   [  0.,   0.,   0.,   0.],
   [  0.,   0.,  18.,  24.],
   [  0.,   0.,   8.,  93.],
   [  5.,   0.,   0.,  80.],
   [ 71.,   0.,   0.,   0.],
   [118.,   0.,   0.,   0.],
   [ 41.,   0.,   0.,   0.],
   [  0.,   0.,   0.,   0.],
   [  0.,   0.,   0.,   0.],
   [  0.,   0.,   0.,   0.],
   [  0.,   0.,   0.,   0.],
   [  0.,   0.,   0.,   0.],
   [  0.,   0.,   0.,   0.],
   [  0.,   0.,   0.,   0.],
   [  0.,   0.,   0.,   0.],
   [  0.,   0.,   0.,   0.],
   [  0.,   0.,   0.,   0.],
   [  0.,   0.,   0.,   0.]],

  [[  0.,   0.,   0.,   0.],
   [  0.,   0.,   0.,   0.],
   [  0.,   0.,   0.,   0.],
   [  0.,   0.,   0.,   0.],
   [  0.,   0.,   0.,   0.],
   [  0.,   0.,   0.,   0.],
   [  0.,   0.,   0.,   0.],
   [  0.,   0.,   0.,   0.],
   [  0.,   0.,   0.,   0.],
   [  0.,   0.,   0.,   0.],
   [  0.,   0.,   0.,   0.],
   [  0.,   0.,  18.,  34.],
   [  0.,   0.,   2.,  94.],
   [ 17.,   0.,   0.,  68.],
   [110.,   0.,   0.,   0.],
   [ 70.,   0.,   0.,   0.],
   [ 29.,   0.,  19.,   0.],
   [  0.,   0.,   0.,   0.],
   [  0.,   0.,   0.,   0.],
   [  0.,   0.,   0.,   0.],
   [  0.,   0.,   0.,   0.],
   [  0.,   0.,   0.,   0.],
   [  0.,   0.,   0.,   0.],
   [  0.,   0.,   0.,   0.],
   [  0.,   0.,   0.,   0.],
   [  0.,   0.,   0.,   0.],
   [  0.,   0.,   0.,   0.],
   [  0.,   0.,   0.,   0.]],

  [[  0.,   0.,   0.,   0.],
   [  0.,   0.,   0.,   0.],
   [  0.,   0.,   0.,   0.],
   [  0.,   0.,   0.,   0.],
   [  0.,   0.,   0.,   0.],
   [  0.,   0.,   0.,   0.],
   [  0.,   0.,   0.,   0.],
   [  0.,   0.,   0.,   0.],
   [  0.,   0.,   0.,   0.],
   [  0.,   0.,   0.,   0.],
   [  0.,   0.,   0.,   0.],
   [  0.,   3.,  15.,  39.],
   [  0.,   0.,   3.,  93.],
   [ 24.,   0.,   0.,  63.],
   [ 83.,   0.,   0.,   0.],
   [100.,   0.,   0.,   0.],
   [ 35.,   0.,   1.,   0.],
   [  0.,   0.,   0.,   0.],
   [  0.,   0.,   0.,   0.],
   [  0.,   0.,   0.,   0.],
   [  0.,   0.,   0.,   0.],
   [  0.,   0.,   0.,   0.],
   [  0.,   0.,   0.,   0.],
   [  0.,   0.,   0.,   0.],
   [  0.,   0.,   0.,   0.],
   [  0.,   0.,   0.,   0.],
   [  0.,   0.,   0.,   0.],
   [  0.,   0.,   0.,   0.]],

  [[  0.,   0.,   0.,   0.],
   [  0.,   0.,   0.,   0.],
   [  0.,   0.,   0.,   0.],
   [  0.,   0.,   0.,   0.],
   [  0.,   0.,   0.,   0.],
   [  0.,   0.,   0.,   0.],
   [  0.,   0.,   0.,   0.],
   [  0.,   0.,   0.,   0.],
   [  0.,   0.,   0.,   0.],
   [  0.,   0.,   0.,   0.],
   [  0.,   0.,   0.,   0.],
   [  0.,   3.,  15.,  39.],
   [  0.,   0.,   3.,  93.],
   [ 20.,   0.,   0.,  66.],
   [107.,   0.,   0.,   0.],
   [ 90.,   0.,   0.,   0.],
   [ 14.,   0.,   1.,   0.],
   [  0.,   0.,   0.,   0.],
   [  0.,   0.,   0.,   0.],
   [  0.,   0.,   0.,   0.],
   [  0.,   0.,   0.,   0.],
   [  0.,   0.,   0.,   0.],
   [  0.,   0.,   0.,   0.],
   [  0.,   0.,   0.,   0.],
   [  0.,   0.,   0.,   0.],
   [  0.,   0.,   0.,   0.],
   [  0.,   0.,   0.,   0.],
   [  0.,   0.,   0.,   0.]],

  [[  0.,   0.,   0.,   0.],
   [  0.,   0.,   0.,   0.],
   [  0.,   0.,   0.,   0.],
   [  0.,   0.,   0.,   0.],
   [  0.,   0.,   0.,   0.],
   [  0.,   0.,   0.,   0.],
   [  0.,   0.,   0.,   0.],
   [  0.,   0.,   0.,   0.],
   [  0.,   0.,   0.,   0.],
   [  0.,   0.,   0.,   0.],
   [  0.,   0.,   0.,   0.],
   [  0.,   3.,  15.,  39.],
   [  0.,   0.,   3.,  93.],
   [ 27.,   0.,   0.,  68.],
   [ 91.,   0.,   0.,   0.],
   [ 99.,   0.,   0.,   0.],
   [ 16.,   0.,   0.,   0.],
   [  0.,   0.,   0.,   0.],
   [  0.,   0.,   0.,   0.],
   [  0.,   0.,   0.,   0.],
   [  0.,   0.,   0.,   0.],
   [  0.,   0.,   0.,   0.],
   [  0.,   0.,   0.,   0.],
   [  0.,   0.,   0.,   0.],
   [  0.,   0.,   0.,   0.],
   [  0.,   0.,   0.,   0.],
   [  0.,   0.,   0.,   0.],
   [  0.,   0.,   0.,   0.]],

  [[  0.,   0.,   0.,   0.],
   [  0.,   0.,   0.,   0.],
   [  0.,   0.,   0.,   0.],
   [  0.,   0.,   0.,   0.],
   [  0.,   0.,   0.,   0.],
   [  0.,   0.,   0.,   0.],
   [  0.,   0.,   0.,   0.],
   [  0.,   0.,   0.,   0.],
   [  0.,   0.,   0.,   0.],
   [  0.,   0.,   0.,   0.],
   [  0.,   0.,   0.,   0.],
   [  0.,   3.,  15.,  39.],
   [  0.,   0.,   3.,  93.],
   [ 14.,   0.,   0.,  71.],
   [106.,   0.,   0.,   0.],
   [103.,   0.,   0.,   0.],
   [ 23.,   0.,   0.,   0.],
   [  0.,   0.,   0.,   0.],
   [  0.,   0.,   0.,   0.],
   [  0.,   0.,   0.,   0.],
   [  0.,   0.,   0.,   0.],
   [  0.,   0.,   0.,   0.],
   [  0.,   0.,   0.,   0.],
   [  0.,   0.,   0.,   0.],
   [  0.,   0.,   0.,   0.],
   [  0.,   0.,   0.,   0.],
   [  0.,   0.,   0.,   0.],
   [  0.,   0.,   0.,   0.]],

  [[  0.,   0.,   0.,   0.],
   [  0.,   0.,   0.,   0.],
   [  0.,   0.,   0.,   0.],
   [  0.,   0.,   0.,   0.],
   [  0.,   0.,   0.,   0.],
   [  0.,   0.,   0.,   0.],
   [  0.,   0.,   0.,   0.],
   [  0.,   0.,   0.,   0.],
   [  0.,   0.,   0.,   0.],
   [  0.,   0.,   0.,   0.],
   [  0.,   0.,   0.,   0.],
   [  0.,   3.,  15.,  39.],
   [  0.,   0.,   3.,  93.],
   [ 27.,   0.,   0.,  68.],
   [ 87.,   0.,   0.,   0.],
   [ 97.,   0.,   0.,   0.],
   [ 35.,   0.,   3.,   0.],
   [  0.,   0.,   0.,   0.],
   [  0.,   0.,   0.,   0.],
   [  0.,   0.,   0.,   0.],
   [  0.,   0.,   0.,   0.],
   [  0.,   0.,   0.,   0.],
   [  0.,   0.,   0.,   0.],
   [  0.,   0.,   0.,   0.],
   [  0.,   0.,   0.,   0.],
   [  0.,   0.,   0.,   0.],
   [  0.,   0.,   0.,   0.],
   [  0.,   0.,   0.,   0.]],

  [[  0.,   0.,   0.,   0.],
   [  0.,   0.,   0.,   0.],
   [  0.,   0.,   0.,   0.],
   [  0.,   0.,   0.,   0.],
   [  0.,   0.,   0.,   0.],
   [  0.,   0.,   0.,   0.],
   [  0.,   0.,   0.,   0.],
   [  0.,   0.,   0.,   0.],
   [  0.,   0.,   0.,   0.],
   [  0.,   0.,   0.,   0.],
   [  0.,   0.,   0.,   0.],
   [  0.,   3.,  15.,  39.],
   [  0.,   0.,   3.,  93.],
   [ 18.,   0.,   0.,  68.],
   [ 87.,   0.,   0.,   0.],
   [109.,   0.,   0.,   0.],
   [ 44.,   0.,   0.,   0.],
   [  0.,   0.,   0.,   0.],
   [  0.,   0.,   0.,   0.],
   [  0.,   0.,   0.,   0.],
   [  0.,   0.,   0.,   0.],
   [  0.,   0.,   0.,   0.],
   [  0.,   0.,   0.,   0.],
   [  0.,   0.,   0.,   0.],
   [  0.,   0.,   0.,   0.],
   [  0.,   0.,   0.,   0.],
   [  0.,   0.,   0.,   0.],
   [  0.,   0.,   0.,   0.]],

  [[  0.,   0.,   0.,   0.],
   [  0.,   0.,   0.,   0.],
   [  0.,   0.,   0.,   0.],
   [  0.,   0.,   0.,   0.],
   [  0.,   0.,   0.,   0.],
   [  0.,   0.,   0.,   0.],
   [  0.,   0.,   0.,   0.],
   [  0.,   0.,   0.,   0.],
   [  0.,   0.,   0.,   0.],
   [  0.,   0.,   0.,   0.],
   [  0.,   0.,   0.,   0.],
   [  0.,   7.,  10.,  36.],
   [  0.,   0.,   6.,  89.],
   [ 18.,   0.,   0.,  69.],
   [ 92.,   0.,   0.,   0.],
   [ 98.,   0.,   0.,   0.],
   [ 49.,   0.,   4.,   0.],
   [  0.,   0.,   0.,   0.],
   [  0.,   0.,   0.,   0.],
   [  0.,   0.,   0.,   0.],
   [  0.,   0.,   0.,   0.],
   [  0.,   0.,   0.,   0.],
   [  0.,   0.,   0.,   0.],
   [  0.,   0.,   0.,   0.],
   [  0.,   0.,   0.,   0.],
   [  0.,   0.,   0.,   0.],
   [  0.,   0.,   0.,   0.],
   [  0.,   0.,   0.,   0.]],

  [[  0.,   0.,   0.,   0.],
   [  0.,   0.,   0.,   0.],
   [  0.,   0.,   0.,   0.],
   [  0.,   0.,   0.,   0.],
   [  0.,   0.,   0.,   0.],
   [  0.,   0.,   0.,   0.],
   [  0.,   0.,   0.,   0.],
   [  0.,   0.,   0.,   0.],
   [  0.,   0.,   0.,   0.],
   [  0.,   0.,   0.,   0.],
   [  0.,   0.,   0.,   0.],
   [  0.,  16.,   0.,  25.],
   [  0.,  16.,  14.,  76.],
   [ 10.,   0.,   0.,  80.],
   [ 64.,   0.,   0.,   3.],
   [117.,   0.,   0.,   0.],
   [ 60.,   0.,   0.,   0.],
   [  0.,   0.,   0.,   0.],
   [  0.,   0.,   0.,   0.],
   [  0.,   0.,   0.,   0.],
   [  0.,   0.,   0.,   0.],
   [  0.,   0.,   0.,   0.],
   [  0.,   0.,   0.,   0.],
   [  0.,   0.,   0.,   0.],
   [  0.,   0.,   0.,   0.],
   [  0.,   0.,   0.,   0.],
   [  0.,   0.,   0.,   0.],
   [  0.,   0.,   0.,   0.]],

  [[  0.,   0.,   0.,   0.],
   [  0.,   0.,   0.,   0.],
   [  0.,   0.,   0.,   0.],
   [  0.,   0.,   0.,   0.],
   [  0.,   0.,   0.,   0.],
   [  0.,   0.,   0.,   0.],
   [  0.,   0.,   0.,   0.],
   [  0.,   0.,   0.,   0.],
   [  0.,   0.,   0.,   0.],
   [  0.,   0.,   0.,   0.],
   [  0.,   0.,   0.,   0.],
   [  0.,  12.,   0.,  10.],
   [  0.,  19.,  19.,  65.],
   [  0.,   0.,   0.,  93.],
   [ 73.,   0.,   0.,  20.],
   [103.,   0.,   0.,   0.],
   [ 76.,   0.,   3.,   0.],
   [  2.,   0.,   0.,   0.],
   [  0.,   0.,   0.,   0.],
   [  0.,   0.,   0.,   0.],
   [  0.,   0.,   0.,   0.],
   [  0.,   0.,   0.,   0.],
   [  0.,   0.,   0.,   0.],
   [  0.,   0.,   0.,   0.],
   [  0.,   0.,   0.,   0.],
   [  0.,   0.,   0.,   0.],
   [  0.,   0.,   0.,   0.],
   [  0.,   0.,   0.,   0.]],

  [[  0.,   0.,   0.,   0.],
   [  0.,   0.,   0.,   0.],
   [  0.,   0.,   0.,   0.],
   [  0.,   0.,   0.,   0.],
   [  0.,   0.,   0.,   0.],
   [  0.,   0.,   0.,   0.],
   [  0.,   0.,   0.,   0.],
   [  0.,   0.,   0.,   0.],
   [  0.,   0.,   0.,   0.],
   [  0.,   0.,   0.,   0.],
   [  0.,   0.,   0.,   0.],
   [  0.,   0.,   0.,   0.],
   [  0.,  14.,  12.,  54.],
   [  0.,   0.,   0.,  93.],
   [ 43.,   0.,   0.,  46.],
   [103.,   0.,   0.,   0.],
   [ 90.,   0.,   0.,   0.],
   [  9.,   0.,   0.,   0.],
   [  0.,   0.,   0.,   0.],
   [  0.,   0.,   0.,   0.],
   [  0.,   0.,   0.,   0.],
   [  0.,   0.,   0.,   0.],
   [  0.,   0.,   0.,   0.],
   [  0.,   0.,   0.,   0.],
   [  0.,   0.,   0.,   0.],
   [  0.,   0.,   0.,   0.],
   [  0.,   0.,   0.,   0.],
   [  0.,   0.,   0.,   0.]],

  [[  0.,   0.,   0.,   0.],
   [  0.,   0.,   0.,   0.],
   [  0.,   0.,   0.,   0.],
   [  0.,   0.,   0.,   0.],
   [  0.,   0.,   0.,   0.],
   [  0.,   0.,   0.,   0.],
   [  0.,   0.,   0.,   0.],
   [  0.,   0.,   0.,   0.],
   [  0.,   0.,   0.,   0.],
   [  0.,   0.,   0.,   0.],
   [  0.,   0.,   0.,   0.],
   [  0.,   0.,   0.,   0.],
   [  0.,  21.,   0.,  35.],
   [  0.,  14.,  13.,  80.],
   [ 25.,   0.,   0.,  67.],
   [ 88.,   0.,   0.,   0.],
   [106.,   0.,   0.,   0.],
   [ 27.,   0.,   0.,   0.],
   [  0.,   0.,   0.,   0.],
   [  0.,   0.,   0.,   0.],
   [  0.,   0.,   0.,   0.],
   [  0.,   0.,   0.,   0.],
   [  0.,   0.,   0.,   0.],
   [  0.,   0.,   0.,   0.],
   [  0.,   0.,   0.,   0.],
   [  0.,   0.,   0.,   0.],
   [  0.,   0.,   0.,   0.],
   [  0.,   0.,   0.,   0.]],

  [[  0.,   0.,   0.,   0.],
   [  0.,   0.,   0.,   0.],
   [  0.,   0.,   0.,   0.],
   [  0.,   0.,   0.,   0.],
   [  0.,   0.,   0.,   0.],
   [  0.,   0.,   0.,   0.],
   [  0.,   0.,   0.,   0.],
   [  0.,   0.,   0.,   0.],
   [  0.,   0.,   0.,   0.],
   [  0.,   0.,   0.,   0.],
   [  0.,   0.,   0.,   0.],
   [  0.,   0.,   0.,   0.],
   [  0.,  18.,   0.,  15.],
   [  0.,  12.,  33.,  75.],
   [  3.,   0.,   0.,  93.],
   [ 99.,   0.,   0.,   0.],
   [ 80.,   0.,   0.,   0.],
   [ 45.,   0.,  15.,   0.],
   [  0.,   0.,   0.,   0.],
   [  0.,   0.,   0.,   0.],
   [  0.,   0.,   0.,   0.],
   [  0.,   0.,   0.,   0.],
   [  0.,   0.,   0.,   0.],
   [  0.,   0.,   0.,   0.],
   [  0.,   0.,   0.,   0.],
   [  0.,   0.,   0.,   0.],
   [  0.,   0.,   0.,   0.],
   [  0.,   0.,   0.,   0.]],

  [[  0.,   0.,   0.,   0.],
   [  0.,   0.,   0.,   0.],
   [  0.,   0.,   0.,   0.],
   [  0.,   0.,   0.,   0.],
   [  0.,   0.,   0.,   0.],
   [  0.,   0.,   0.,   0.],
   [  0.,   0.,   0.,   0.],
   [  0.,   0.,   0.,   0.],
   [  0.,   0.,   0.,   0.],
   [  0.,   0.,   0.,   0.],
   [  0.,   0.,   0.,   0.],
   [  0.,   0.,   0.,   0.],
   [  0.,   0.,   0.,   0.],
   [  0.,  30.,   0.,  60.],
   [  0.,  42.,   0.,  66.],
   [ 39.,  39.,   0.,   0.],
   [ 74.,  10.,  20.,   0.],
   [ 50.,   2.,  18.,   0.],
   [  0.,   0.,   0.,   0.],
   [  0.,   0.,   0.,   0.],
   [  0.,   0.,   0.,   0.],
   [  0.,   0.,   0.,   0.],
   [  0.,   0.,   0.,   0.],
   [  0.,   0.,   0.,   0.],
   [  0.,   0.,   0.,   0.],
   [  0.,   0.,   0.,   0.],
   [  0.,   0.,   0.,   0.],
   [  0.,   0.,   0.,   0.]],

  [[  0.,   0.,   0.,   0.],
   [  0.,   0.,   0.,   0.],
   [  0.,   0.,   0.,   0.],
   [  0.,   0.,   0.,   0.],
   [  0.,   0.,   0.,   0.],
   [  0.,   0.,   0.,   0.],
   [  0.,   0.,   0.,   0.],
   [  0.,   0.,   0.,   0.],
   [  0.,   0.,   0.,   0.],
   [  0.,   0.,   0.,   0.],
   [  0.,   0.,   0.,   0.],
   [  0.,   0.,   0.,   0.],
   [  0.,   0.,   0.,   0.],
   [  0.,  36.,   0.,  30.],
   [  0.,  48.,   0.,  24.],
   [ 48.,  36.,   0.,   0.],
   [ 54.,  12.,   3.,   0.],
   [ 21.,   3.,   0.,   0.],
   [  0.,   0.,   0.,   0.],
   [  0.,   0.,   0.,   0.],
   [  0.,   0.,   0.,   0.],
   [  0.,   0.,   0.,   0.],
   [  0.,   0.,   0.,   0.],
   [  0.,   0.,   0.,   0.],
   [  0.,   0.,   0.,   0.],
   [  0.,   0.,   0.,   0.],
   [  0.,   0.,   0.,   0.],
   [  0.,   0.,   0.,   0.]],

  [[  0.,   0.,   0.,   0.],
   [  0.,   0.,   0.,   0.],
   [  0.,   0.,   0.,   0.],
   [  0.,   0.,   0.,   0.],
   [  0.,   0.,   0.,   0.],
   [  0.,   0.,   0.,   0.],
   [  0.,   0.,   0.,   0.],
   [  0.,   0.,   0.,   0.],
   [  0.,   0.,   0.,   0.],
   [  0.,   0.,   0.,   0.],
   [  0.,   0.,   0.,   0.],
   [  0.,   0.,   0.,   0.],
   [  0.,   0.,   0.,   0.],
   [  0.,   0.,   0.,   0.],
   [  0.,   0.,   0.,   0.],
   [  0.,   0.,   0.,   0.],
   [  0.,   0.,   0.,   0.],
   [  0.,   0.,   0.,   0.],
   [  0.,   0.,   0.,   0.],
   [  0.,   0.,   0.,   0.],
   [  0.,   0.,   0.,   0.],
   [  0.,   0.,   0.,   0.],
   [  0.,   0.,   0.,   0.],
   [  0.,   0.,   0.,   0.],
   [  0.,   0.,   0.,   0.],
   [  0.,   0.,   0.,   0.],
   [  0.,   0.,   0.,   0.],
   [  0.,   0.,   0.,   0.]],

  [[  0.,   0.,   0.,   0.],
   [  0.,   0.,   0.,   0.],
   [  0.,   0.,   0.,   0.],
   [  0.,   0.,   0.,   0.],
   [  0.,   0.,   0.,   0.],
   [  0.,   0.,   0.,   0.],
   [  0.,   0.,   0.,   0.],
   [  0.,   0.,   0.,   0.],
   [  0.,   0.,   0.,   0.],
   [  0.,   0.,   0.,   0.],
   [  0.,   0.,   0.,   0.],
   [  0.,   0.,   0.,   0.],
   [  0.,   0.,   0.,   0.],
   [  0.,   0.,   0.,   0.],
   [  0.,   0.,   0.,   0.],
   [  0.,   0.,   0.,   0.],
   [  0.,   0.,   0.,   0.],
   [  0.,   0.,   0.,   0.],
   [  0.,   0.,   0.,   0.],
   [  0.,   0.,   0.,   0.],
   [  0.,   0.,   0.,   0.],
   [  0.,   0.,   0.,   0.],
   [  0.,   0.,   0.,   0.],
   [  0.,   0.,   0.,   0.],
   [  0.,   0.,   0.,   0.],
   [  0.,   0.,   0.,   0.],
   [  0.,   0.,   0.,   0.],
   [  0.,   0.,   0.,   0.]],

  [[  0.,   0.,   0.,   0.],
   [  0.,   0.,   0.,   0.],
   [  0.,   0.,   0.,   0.],
   [  0.,   0.,   0.,   0.],
   [  0.,   0.,   0.,   0.],
   [  0.,   0.,   0.,   0.],
   [  0.,   0.,   0.,   0.],
   [  0.,   0.,   0.,   0.],
   [  0.,   0.,   0.,   0.],
   [  0.,   0.,   0.,   0.],
   [  0.,   0.,   0.,   0.],
   [  0.,   0.,   0.,   0.],
   [  0.,   0.,   0.,   0.],
   [  0.,   0.,   0.,   0.],
   [  0.,   0.,   0.,   0.],
   [  0.,   0.,   0.,   0.],
   [  0.,   0.,   0.,   0.],
   [  0.,   0.,   0.,   0.],
   [  0.,   0.,   0.,   0.],
   [  0.,   0.,   0.,   0.],
   [  0.,   0.,   0.,   0.],
   [  0.,   0.,   0.,   0.],
   [  0.,   0.,   0.,   0.],
   [  0.,   0.,   0.,   0.],
   [  0.,   0.,   0.,   0.],
   [  0.,   0.,   0.,   0.],
   [  0.,   0.,   0.,   0.],
   [  0.,   0.,   0.,   0.]]]]

🔹 Layer: average_pooling2d_2
   📐 Output Shape: (1, 14, 14, 4)
   🔢 Output Values:
[[[[ 0.  ,  0.  ,  0.  ,  0.  ],
   [ 0.  ,  0.  ,  0.  ,  0.  ],
   [ 0.  ,  0.  ,  0.  ,  0.  ],
   [ 0.  ,  0.  ,  0.  ,  0.  ],
   [ 0.  ,  0.  ,  0.  ,  0.  ],
   [ 0.  ,  0.  ,  0.  ,  0.  ],
   [ 0.  ,  0.  ,  0.  ,  0.  ],
   [ 0.  ,  0.  ,  0.  ,  0.  ],
   [ 0.  ,  0.  ,  0.  ,  0.  ],
   [ 0.  ,  0.  ,  0.  ,  0.  ],
   [ 0.  ,  0.  ,  0.  ,  0.  ],
   [ 0.  ,  0.  ,  0.  ,  0.  ],
   [ 0.  ,  0.  ,  0.  ,  0.  ],
   [ 0.  ,  0.  ,  0.  ,  0.  ]],

  [[ 0.  ,  0.  ,  0.  ,  0.  ],
   [ 0.  ,  0.  ,  0.  ,  0.  ],
   [ 0.  ,  0.  ,  0.  ,  0.  ],
   [ 0.  ,  0.  ,  0.  ,  0.  ],
   [ 0.  ,  0.  ,  0.  ,  0.  ],
   [ 0.  ,  0.  ,  0.  ,  0.  ],
   [ 0.  ,  0.  ,  7.25,  7.25],
   [11.5 ,  0.  ,  0.  ,  4.25],
   [ 0.5 ,  0.  ,  0.  ,  0.  ],
   [ 0.  ,  0.  ,  0.  ,  0.  ],
   [ 0.  ,  0.  ,  0.  ,  0.  ],
   [ 0.  ,  0.  ,  0.  ,  0.  ],
   [ 0.  ,  0.  ,  0.  ,  0.  ],
   [ 0.  ,  0.  ,  0.  ,  0.  ]],

  [[ 0.  ,  0.  ,  0.  ,  0.  ],
   [ 0.  ,  0.  ,  0.  ,  0.  ],
   [ 0.  ,  0.  ,  0.  ,  0.  ],
   [ 0.  ,  0.  ,  0.  ,  0.  ],
   [ 0.  ,  0.  ,  0.  ,  0.  ],
   [ 0.  ,  0.  ,  0.  ,  0.  ],
   [ 3.75,  0.  , 22.75, 66.  ],
   [54.25,  0.  ,  0.  ,  4.75],
   [12.  ,  0.  ,  1.  ,  0.  ],
   [ 0.  ,  0.  ,  0.  ,  0.  ],
   [ 0.  ,  0.  ,  0.  ,  0.  ],
   [ 0.  ,  0.  ,  0.  ,  0.  ],
   [ 0.  ,  0.  ,  0.  ,  0.  ],
   [ 0.  ,  0.  ,  0.  ,  0.  ]],

  [[ 0.  ,  0.  ,  0.  ,  0.  ],
   [ 0.  ,  0.  ,  0.  ,  0.  ],
   [ 0.  ,  0.  ,  0.  ,  0.  ],
   [ 0.  ,  0.  ,  0.  ,  0.  ],
   [ 0.  ,  0.  ,  0.  ,  0.  ],
   [ 0.  ,  0.  ,  1.25,  0.75],
   [ 0.  ,  1.5 , 14.25, 93.25],
   [90.  ,  0.  ,  0.  ,  0.  ],
   [28.  ,  0.  ,  2.  ,  0.  ],
   [ 0.  ,  0.  ,  0.  ,  0.  ],
   [ 0.  ,  0.  ,  0.  ,  0.  ],
   [ 0.  ,  0.  ,  0.  ,  0.  ],
   [ 0.  ,  0.  ,  0.  ,  0.  ],
   [ 0.  ,  0.  ,  0.  ,  0.  ]],

  [[ 0.  ,  0.  ,  0.  ,  0.  ],
   [ 0.  ,  0.  ,  0.  ,  0.  ],
   [ 0.  ,  0.  ,  0.  ,  0.  ],
   [ 0.  ,  0.  ,  0.  ,  0.  ],
   [ 0.  ,  0.  ,  0.  ,  0.  ],
   [ 0.  ,  0.  ,  7.75,  8.75],
   [ 1.25,  0.  ,  6.25, 89.  ],
   [90.75,  0.  ,  0.  ,  0.  ],
   [22.75,  0.  ,  4.75,  0.  ],
   [ 0.  ,  0.  ,  0.  ,  0.  ],
   [ 0.  ,  0.  ,  0.  ,  0.  ],
   [ 0.  ,  0.  ,  0.  ,  0.  ],
   [ 0.  ,  0.  ,  0.  ,  0.  ],
   [ 0.  ,  0.  ,  0.  ,  0.  ]],

  [[ 0.  ,  0.  ,  0.  ,  0.  ],
   [ 0.  ,  0.  ,  0.  ,  0.  ],
   [ 0.  ,  0.  ,  0.  ,  0.  ],
   [ 0.  ,  0.  ,  0.  ,  0.  ],
   [ 0.  ,  0.  ,  0.  ,  0.  ],
   [ 0.  ,  0.75,  8.25, 18.25],
   [10.25,  0.  ,  1.25, 79.5 ],
   [90.75,  0.  ,  0.  ,  0.  ],
   [16.  ,  0.  ,  5.  ,  0.  ],
   [ 0.  ,  0.  ,  0.  ,  0.  ],
   [ 0.  ,  0.  ,  0.  ,  0.  ],
   [ 0.  ,  0.  ,  0.  ,  0.  ],
   [ 0.  ,  0.  ,  0.  ,  0.  ],
   [ 0.  ,  0.  ,  0.  ,  0.  ]],

  [[ 0.  ,  0.  ,  0.  ,  0.  ],
   [ 0.  ,  0.  ,  0.  ,  0.  ],
   [ 0.  ,  0.  ,  0.  ,  0.  ],
   [ 0.  ,  0.  ,  0.  ,  0.  ],
   [ 0.  ,  0.  ,  0.  ,  0.  ],
   [ 0.  ,  1.5 ,  7.5 , 19.5 ],
   [11.75,  0.  ,  1.5 , 80.  ],
   [96.75,  0.  ,  0.  ,  0.  ],
   [ 7.5 ,  0.  ,  0.25,  0.  ],
   [ 0.  ,  0.  ,  0.  ,  0.  ],
   [ 0.  ,  0.  ,  0.  ,  0.  ],
   [ 0.  ,  0.  ,  0.  ,  0.  ],
   [ 0.  ,  0.  ,  0.  ,  0.  ],
   [ 0.  ,  0.  ,  0.  ,  0.  ]],

  [[ 0.  ,  0.  ,  0.  ,  0.  ],
   [ 0.  ,  0.  ,  0.  ,  0.  ],
   [ 0.  ,  0.  ,  0.  ,  0.  ],
   [ 0.  ,  0.  ,  0.  ,  0.  ],
   [ 0.  ,  0.  ,  0.  ,  0.  ],
   [ 0.  ,  1.5 ,  7.5 , 19.5 ],
   [10.25,  0.  ,  1.5 , 81.25],
   [98.25,  0.  ,  0.  ,  0.  ],
   [14.5 ,  0.  ,  0.75,  0.  ],
   [ 0.  ,  0.  ,  0.  ,  0.  ],
   [ 0.  ,  0.  ,  0.  ,  0.  ],
   [ 0.  ,  0.  ,  0.  ,  0.  ],
   [ 0.  ,  0.  ,  0.  ,  0.  ],
   [ 0.  ,  0.  ,  0.  ,  0.  ]],

  [[ 0.  ,  0.  ,  0.  ,  0.  ],
   [ 0.  ,  0.  ,  0.  ,  0.  ],
   [ 0.  ,  0.  ,  0.  ,  0.  ],
   [ 0.  ,  0.  ,  0.  ,  0.  ],
   [ 0.  ,  0.  ,  0.  ,  0.  ],
   [ 0.  ,  2.5 ,  6.25, 18.75],
   [ 9.  ,  0.  ,  2.25, 79.75],
   [96.5 ,  0.  ,  0.  ,  0.  ],
   [23.25,  0.  ,  1.  ,  0.  ],
   [ 0.  ,  0.  ,  0.  ,  0.  ],
   [ 0.  ,  0.  ,  0.  ,  0.  ],
   [ 0.  ,  0.  ,  0.  ,  0.  ],
   [ 0.  ,  0.  ,  0.  ,  0.  ],
   [ 0.  ,  0.  ,  0.  ,  0.  ]],

  [[ 0.  ,  0.  ,  0.  ,  0.  ],
   [ 0.  ,  0.  ,  0.  ,  0.  ],
   [ 0.  ,  0.  ,  0.  ,  0.  ],
   [ 0.  ,  0.  ,  0.  ,  0.  ],
   [ 0.  ,  0.  ,  0.  ,  0.  ],
   [ 0.  ,  7.  ,  0.  ,  8.75],
   [ 2.5 ,  8.75,  8.25, 78.5 ],
   [89.25,  0.  ,  0.  ,  5.75],
   [34.5 ,  0.  ,  0.75,  0.  ],
   [ 0.  ,  0.  ,  0.  ,  0.  ],
   [ 0.  ,  0.  ,  0.  ,  0.  ],
   [ 0.  ,  0.  ,  0.  ,  0.  ],
   [ 0.  ,  0.  ,  0.  ,  0.  ],
   [ 0.  ,  0.  ,  0.  ,  0.  ]],

  [[ 0.  ,  0.  ,  0.  ,  0.  ],
   [ 0.  ,  0.  ,  0.  ,  0.  ],
   [ 0.  ,  0.  ,  0.  ,  0.  ],
   [ 0.  ,  0.  ,  0.  ,  0.  ],
   [ 0.  ,  0.  ,  0.  ,  0.  ],
   [ 0.  ,  0.  ,  0.  ,  0.  ],
   [ 0.  , 12.25,  6.25, 65.5 ],
   [64.75,  0.  ,  0.  , 28.25],
   [58.  ,  0.  ,  0.  ,  0.  ],
   [ 0.  ,  0.  ,  0.  ,  0.  ],
   [ 0.  ,  0.  ,  0.  ,  0.  ],
   [ 0.  ,  0.  ,  0.  ,  0.  ],
   [ 0.  ,  0.  ,  0.  ,  0.  ],
   [ 0.  ,  0.  ,  0.  ,  0.  ]],

  [[ 0.  ,  0.  ,  0.  ,  0.  ],
   [ 0.  ,  0.  ,  0.  ,  0.  ],
   [ 0.  ,  0.  ,  0.  ,  0.  ],
   [ 0.  ,  0.  ,  0.  ,  0.  ],
   [ 0.  ,  0.  ,  0.  ,  0.  ],
   [ 0.  ,  0.  ,  0.  ,  0.  ],
   [ 0.  , 15.  ,  8.25, 37.5 ],
   [35.25, 20.25,  0.  , 39.75],
   [62.25,  3.  , 13.25,  0.  ],
   [ 0.  ,  0.  ,  0.  ,  0.  ],
   [ 0.  ,  0.  ,  0.  ,  0.  ],
   [ 0.  ,  0.  ,  0.  ,  0.  ],
   [ 0.  ,  0.  ,  0.  ,  0.  ],
   [ 0.  ,  0.  ,  0.  ,  0.  ]],

  [[ 0.  ,  0.  ,  0.  ,  0.  ],
   [ 0.  ,  0.  ,  0.  ,  0.  ],
   [ 0.  ,  0.  ,  0.  ,  0.  ],
   [ 0.  ,  0.  ,  0.  ,  0.  ],
   [ 0.  ,  0.  ,  0.  ,  0.  ],
   [ 0.  ,  0.  ,  0.  ,  0.  ],
   [ 0.  ,  9.  ,  0.  ,  7.5 ],
   [12.  , 21.  ,  0.  ,  6.  ],
   [18.75,  3.75,  0.75,  0.  ],
   [ 0.  ,  0.  ,  0.  ,  0.  ],
   [ 0.  ,  0.  ,  0.  ,  0.  ],
   [ 0.  ,  0.  ,  0.  ,  0.  ],
   [ 0.  ,  0.  ,  0.  ,  0.  ],
   [ 0.  ,  0.  ,  0.  ,  0.  ]],

  [[ 0.  ,  0.  ,  0.  ,  0.  ],
   [ 0.  ,  0.  ,  0.  ,  0.  ],
   [ 0.  ,  0.  ,  0.  ,  0.  ],
   [ 0.  ,  0.  ,  0.  ,  0.  ],
   [ 0.  ,  0.  ,  0.  ,  0.  ],
   [ 0.  ,  0.  ,  0.  ,  0.  ],
   [ 0.  ,  0.  ,  0.  ,  0.  ],
   [ 0.  ,  0.  ,  0.  ,  0.  ],
   [ 0.  ,  0.  ,  0.  ,  0.  ],
   [ 0.  ,  0.  ,  0.  ,  0.  ],
   [ 0.  ,  0.  ,  0.  ,  0.  ],
   [ 0.  ,  0.  ,  0.  ,  0.  ],
   [ 0.  ,  0.  ,  0.  ,  0.  ],
   [ 0.  ,  0.  ,  0.  ,  0.  ]]]]

🔹 Layer: conv2d_3
   📐 Output Shape: (1, 12, 12, 8)
   🔢 Output Values:
[[[[0.00000e+00, 0.00000e+00, 0.00000e+00, 0.00000e+00, 0.00000e+00, 0.00000e+00, 0.00000e+00, 0.00000e+00],
   [0.00000e+00, 0.00000e+00, 0.00000e+00, 0.00000e+00, 0.00000e+00, 0.00000e+00, 0.00000e+00, 0.00000e+00],
   [0.00000e+00, 0.00000e+00, 0.00000e+00, 0.00000e+00, 0.00000e+00, 0.00000e+00, 0.00000e+00, 0.00000e+00],
   [0.00000e+00, 0.00000e+00, 0.00000e+00, 0.00000e+00, 0.00000e+00, 0.00000e+00, 0.00000e+00, 0.00000e+00],
   [2.07500e+02, 6.07500e+01, 0.00000e+00, 0.00000e+00, 0.00000e+00, 4.15250e+02, 1.42250e+02, 0.00000e+00],
   [6.65250e+02, 0.00000e+00, 1.99000e+02, 0.00000e+00, 1.27000e+02, 1.94000e+02, 0.00000e+00, 0.00000e+00],
   [0.00000e+00, 0.00000e+00, 2.09250e+02, 2.58000e+02, 4.77500e+02, 0.00000e+00, 0.00000e+00, 0.00000e+00],
   [3.35500e+02, 2.16000e+02, 0.00000e+00, 3.44500e+02, 0.00000e+00, 0.00000e+00, 0.00000e+00, 1.23000e+02],
   [6.55000e+01, 5.65000e+01, 0.00000e+00, 6.50000e+01, 0.00000e+00, 0.00000e+00, 5.00000e+00, 3.95000e+01],
   [0.00000e+00, 0.00000e+00, 0.00000e+00, 0.00000e+00, 0.00000e+00, 0.00000e+00, 0.00000e+00, 0.00000e+00],
   [0.00000e+00, 0.00000e+00, 0.00000e+00, 0.00000e+00, 0.00000e+00, 0.00000e+00, 0.00000e+00, 0.00000e+00],
   [0.00000e+00, 0.00000e+00, 0.00000e+00, 0.00000e+00, 0.00000e+00, 0.00000e+00, 0.00000e+00, 0.00000e+00]],

  [[0.00000e+00, 0.00000e+00, 0.00000e+00, 0.00000e+00, 0.00000e+00, 0.00000e+00, 0.00000e+00, 0.00000e+00],
   [0.00000e+00, 0.00000e+00, 0.00000e+00, 0.00000e+00, 0.00000e+00, 0.00000e+00, 0.00000e+00, 0.00000e+00],
   [0.00000e+00, 0.00000e+00, 0.00000e+00, 0.00000e+00, 0.00000e+00, 0.00000e+00, 0.00000e+00, 0.00000e+00],
   [4.50000e+00, 3.75000e+00, 0.00000e+00, 7.25000e+00, 0.00000e+00, 7.50000e-01, 5.75000e+00, 0.00000e+00],
   [5.71500e+02, 2.96250e+02, 0.00000e+00, 0.00000e+00, 0.00000e+00, 9.97750e+02, 0.00000e+00, 0.00000e+00],
   [7.26250e+02, 4.68750e+02, 0.00000e+00, 0.00000e+00, 2.42250e+02, 4.22750e+02, 0.00000e+00, 0.00000e+00],
   [0.00000e+00, 0.00000e+00, 4.23750e+02, 3.55500e+02, 1.08650e+03, 0.00000e+00, 0.00000e+00, 0.00000e+00],
   [5.49250e+02, 2.58250e+02, 0.00000e+00, 6.99250e+02, 3.02500e+01, 0.00000e+00, 0.00000e+00, 4.40000e+01],
   [1.42500e+02, 9.65000e+01, 0.00000e+00, 1.49000e+02, 0.00000e+00, 0.00000e+00, 0.00000e+00, 6.50000e+01],
   [0.00000e+00, 0.00000e+00, 0.00000e+00, 0.00000e+00, 0.00000e+00, 0.00000e+00, 0.00000e+00, 0.00000e+00],
   [0.00000e+00, 0.00000e+00, 0.00000e+00, 0.00000e+00, 0.00000e+00, 0.00000e+00, 0.00000e+00, 0.00000e+00],
   [0.00000e+00, 0.00000e+00, 0.00000e+00, 0.00000e+00, 0.00000e+00, 0.00000e+00, 0.00000e+00, 0.00000e+00]],

  [[0.00000e+00, 0.00000e+00, 0.00000e+00, 0.00000e+00, 0.00000e+00, 0.00000e+00, 0.00000e+00, 0.00000e+00],
   [0.00000e+00, 0.00000e+00, 0.00000e+00, 0.00000e+00, 0.00000e+00, 0.00000e+00, 0.00000e+00, 0.00000e+00],
   [0.00000e+00, 0.00000e+00, 0.00000e+00, 0.00000e+00, 0.00000e+00, 0.00000e+00, 0.00000e+00, 0.00000e+00],
   [3.82500e+01, 2.07500e+01, 0.00000e+00, 3.15000e+01, 0.00000e+00, 3.97500e+01, 4.00000e+01, 0.00000e+00],
   [1.13225e+03, 3.75250e+02, 0.00000e+00, 0.00000e+00, 0.00000e+00, 1.55500e+03, 0.00000e+00, 0.00000e+00],
   [1.75250e+02, 5.50250e+02, 0.00000e+00, 0.00000e+00, 0.00000e+00, 5.53250e+02, 1.20750e+02, 1.57500e+01],
   [0.00000e+00, 0.00000e+00, 2.50000e+01, 1.05025e+03, 9.29750e+02, 0.00000e+00, 0.00000e+00, 5.32500e+01],
   [3.99000e+02, 1.47000e+02, 0.00000e+00, 8.49250e+02, 3.17500e+01, 0.00000e+00, 0.00000e+00, 0.00000e+00],
   [7.00000e+01, 4.12500e+01, 0.00000e+00, 1.62500e+02, 0.00000e+00, 0.00000e+00, 0.00000e+00, 0.00000e+00],
   [0.00000e+00, 0.00000e+00, 0.00000e+00, 0.00000e+00, 0.00000e+00, 0.00000e+00, 0.00000e+00, 0.00000e+00],
   [0.00000e+00, 0.00000e+00, 0.00000e+00, 0.00000e+00, 0.00000e+00, 0.00000e+00, 0.00000e+00, 0.00000e+00],
   [0.00000e+00, 0.00000e+00, 0.00000e+00, 0.00000e+00, 0.00000e+00, 0.00000e+00, 0.00000e+00, 0.00000e+00]],

  [[0.00000e+00, 0.00000e+00, 0.00000e+00, 0.00000e+00, 0.00000e+00, 0.00000e+00, 0.00000e+00, 0.00000e+00],
   [0.00000e+00, 0.00000e+00, 0.00000e+00, 0.00000e+00, 0.00000e+00, 0.00000e+00, 0.00000e+00, 0.00000e+00],
   [0.00000e+00, 0.00000e+00, 0.00000e+00, 0.00000e+00, 0.00000e+00, 0.00000e+00, 0.00000e+00, 0.00000e+00],
   [1.15500e+02, 3.35000e+01, 0.00000e+00, 0.00000e+00, 0.00000e+00, 1.84250e+02, 3.95000e+01, 0.00000e+00],
   [1.31975e+03, 2.69000e+02, 0.00000e+00, 0.00000e+00, 0.00000e+00, 1.65225e+03, 0.00000e+00, 0.00000e+00],
   [0.00000e+00, 3.85500e+02, 0.00000e+00, 0.00000e+00, 0.00000e+00, 6.40250e+02, 3.37250e+02, 1.13000e+02],
   [3.47500e+01, 0.00000e+00, 0.00000e+00, 1.39775e+03, 6.15000e+02, 0.00000e+00, 0.00000e+00, 1.45250e+02],
   [3.94250e+02, 1.99250e+02, 0.00000e+00, 9.58750e+02, 0.00000e+00, 0.00000e+00, 0.00000e+00, 0.00000e+00],
   [1.85000e+01, 5.20000e+01, 6.00000e+00, 1.61500e+02, 0.00000e+00, 0.00000e+00, 0.00000e+00, 0.00000e+00],
   [0.00000e+00, 0.00000e+00, 0.00000e+00, 0.00000e+00, 0.00000e+00, 0.00000e+00, 0.00000e+00, 0.00000e+00],
   [0.00000e+00, 0.00000e+00, 0.00000e+00, 0.00000e+00, 0.00000e+00, 0.00000e+00, 0.00000e+00, 0.00000e+00],
   [0.00000e+00, 0.00000e+00, 0.00000e+00, 0.00000e+00, 0.00000e+00, 0.00000e+00, 0.00000e+00, 0.00000e+00]],

  [[0.00000e+00, 0.00000e+00, 0.00000e+00, 0.00000e+00, 0.00000e+00, 0.00000e+00, 0.00000e+00, 0.00000e+00],
   [0.00000e+00, 0.00000e+00, 0.00000e+00, 0.00000e+00, 0.00000e+00, 0.00000e+00, 0.00000e+00, 0.00000e+00],
   [0.00000e+00, 0.00000e+00, 0.00000e+00, 0.00000e+00, 0.00000e+00, 0.00000e+00, 0.00000e+00, 0.00000e+00],
   [2.37000e+02, 9.20000e+01, 0.00000e+00, 0.00000e+00, 0.00000e+00, 3.30750e+02, 1.25000e+00, 0.00000e+00],
   [1.15750e+03, 2.90750e+02, 0.00000e+00, 0.00000e+00, 0.00000e+00, 1.51050e+03, 0.00000e+00, 0.00000e+00],
   [0.00000e+00, 1.34500e+02, 0.00000e+00, 0.00000e+00, 0.00000e+00, 4.69250e+02, 2.41250e+02, 9.30000e+01],
   [5.20000e+01, 0.00000e+00, 0.00000e+00, 1.46700e+03, 6.50000e+02, 0.00000e+00, 0.00000e+00, 1.15750e+02],
   [4.05750e+02, 3.01250e+02, 0.00000e+00, 8.82500e+02, 0.00000e+00, 0.00000e+00, 0.00000e+00, 0.00000e+00],
   [1.87500e+01, 8.50000e+00, 2.80000e+01, 9.80000e+01, 0.00000e+00, 0.00000e+00, 0.00000e+00, 0.00000e+00],
   [0.00000e+00, 0.00000e+00, 0.00000e+00, 0.00000e+00, 0.00000e+00, 0.00000e+00, 0.00000e+00, 0.00000e+00],
   [0.00000e+00, 0.00000e+00, 0.00000e+00, 0.00000e+00, 0.00000e+00, 0.00000e+00, 0.00000e+00, 0.00000e+00],
   [0.00000e+00, 0.00000e+00, 0.00000e+00, 0.00000e+00, 0.00000e+00, 0.00000e+00, 0.00000e+00, 0.00000e+00]],

  [[0.00000e+00, 0.00000e+00, 0.00000e+00, 0.00000e+00, 0.00000e+00, 0.00000e+00, 0.00000e+00, 0.00000e+00],
   [0.00000e+00, 0.00000e+00, 0.00000e+00, 0.00000e+00, 0.00000e+00, 0.00000e+00, 0.00000e+00, 0.00000e+00],
   [0.00000e+00, 0.00000e+00, 0.00000e+00, 0.00000e+00, 0.00000e+00, 0.00000e+00, 0.00000e+00, 0.00000e+00],
   [2.99250e+02, 7.50000e+01, 0.00000e+00, 0.00000e+00, 0.00000e+00, 4.00750e+02, 0.00000e+00, 0.00000e+00],
   [1.01475e+03, 2.81500e+02, 0.00000e+00, 0.00000e+00, 0.00000e+00, 1.45700e+03, 0.00000e+00, 0.00000e+00],
   [0.00000e+00, 1.01500e+02, 0.00000e+00, 0.00000e+00, 0.00000e+00, 3.09000e+02, 2.08250e+02, 6.15000e+01],
   [3.37500e+01, 0.00000e+00, 0.00000e+00, 1.41875e+03, 8.04500e+02, 0.00000e+00, 0.00000e+00, 1.37750e+02],
   [4.91750e+02, 3.60500e+02, 0.00000e+00, 8.93500e+02, 0.00000e+00, 0.00000e+00, 0.00000e+00, 0.00000e+00],
   [7.87500e+01, 7.02500e+01, 1.00000e+01, 1.32750e+02, 0.00000e+00, 0.00000e+00, 0.00000e+00, 0.00000e+00],
   [0.00000e+00, 0.00000e+00, 0.00000e+00, 0.00000e+00, 0.00000e+00, 0.00000e+00, 0.00000e+00, 0.00000e+00],
   [0.00000e+00, 0.00000e+00, 0.00000e+00, 0.00000e+00, 0.00000e+00, 0.00000e+00, 0.00000e+00, 0.00000e+00],
   [0.00000e+00, 0.00000e+00, 0.00000e+00, 0.00000e+00, 0.00000e+00, 0.00000e+00, 0.00000e+00, 0.00000e+00]],

  [[0.00000e+00, 0.00000e+00, 0.00000e+00, 0.00000e+00, 0.00000e+00, 0.00000e+00, 0.00000e+00, 0.00000e+00],
   [0.00000e+00, 0.00000e+00, 0.00000e+00, 0.00000e+00, 0.00000e+00, 0.00000e+00, 0.00000e+00, 0.00000e+00],
   [0.00000e+00, 0.00000e+00, 0.00000e+00, 0.00000e+00, 0.00000e+00, 0.00000e+00, 0.00000e+00, 0.00000e+00],
   [3.06500e+02, 5.72500e+01, 0.00000e+00, 0.00000e+00, 0.00000e+00, 4.15750e+02, 0.00000e+00, 0.00000e+00],
   [1.00825e+03, 2.74750e+02, 0.00000e+00, 0.00000e+00, 0.00000e+00, 1.46950e+03, 0.00000e+00, 0.00000e+00],
   [0.00000e+00, 1.53500e+02, 0.00000e+00, 0.00000e+00, 0.00000e+00, 2.97500e+02, 2.27500e+02, 7.97500e+01],
   [5.72500e+01, 0.00000e+00, 0.00000e+00, 1.47575e+03, 8.26000e+02, 0.00000e+00, 0.00000e+00, 1.64250e+02],
   [4.28750e+02, 3.82750e+02, 0.00000e+00, 8.94500e+02, 0.00000e+00, 0.00000e+00, 0.00000e+00, 0.00000e+00],
   [1.11750e+02, 8.82500e+01, 0.00000e+00, 1.36000e+02, 0.00000e+00, 0.00000e+00, 0.00000e+00, 2.50000e-01],
   [0.00000e+00, 0.00000e+00, 0.00000e+00, 0.00000e+00, 0.00000e+00, 0.00000e+00, 0.00000e+00, 0.00000e+00],
   [0.00000e+00, 0.00000e+00, 0.00000e+00, 0.00000e+00, 0.00000e+00, 0.00000e+00, 0.00000e+00, 0.00000e+00],
   [0.00000e+00, 0.00000e+00, 0.00000e+00, 0.00000e+00, 0.00000e+00, 0.00000e+00, 0.00000e+00, 0.00000e+00]],

  [[0.00000e+00, 0.00000e+00, 0.00000e+00, 0.00000e+00, 0.00000e+00, 0.00000e+00, 0.00000e+00, 0.00000e+00],
   [0.00000e+00, 0.00000e+00, 0.00000e+00, 0.00000e+00, 0.00000e+00, 0.00000e+00, 0.00000e+00, 0.00000e+00],
   [0.00000e+00, 0.00000e+00, 0.00000e+00, 0.00000e+00, 0.00000e+00, 0.00000e+00, 0.00000e+00, 0.00000e+00],
   [2.89000e+02, 3.50000e+01, 0.00000e+00, 0.00000e+00, 0.00000e+00, 3.89500e+02, 0.00000e+00, 0.00000e+00],
   [9.65000e+02, 2.42250e+02, 0.00000e+00, 0.00000e+00, 0.00000e+00, 1.50575e+03, 0.00000e+00, 0.00000e+00],
   [0.00000e+00, 1.92000e+02, 0.00000e+00, 0.00000e+00, 0.00000e+00, 2.53000e+02, 2.18250e+02, 1.37750e+02],
   [0.00000e+00, 0.00000e+00, 0.00000e+00, 1.29075e+03, 7.19750e+02, 0.00000e+00, 0.00000e+00, 6.75000e+01],
   [3.73250e+02, 2.60750e+02, 5.25000e+01, 9.77250e+02, 0.00000e+00, 0.00000e+00, 0.00000e+00, 0.00000e+00],
   [1.66750e+02, 1.36000e+02, 0.00000e+00, 2.07000e+02, 0.00000e+00, 0.00000e+00, 0.00000e+00, 0.00000e+00],
   [0.00000e+00, 0.00000e+00, 0.00000e+00, 0.00000e+00, 0.00000e+00, 0.00000e+00, 0.00000e+00, 0.00000e+00],
   [0.00000e+00, 0.00000e+00, 0.00000e+00, 0.00000e+00, 0.00000e+00, 0.00000e+00, 0.00000e+00, 0.00000e+00],
   [0.00000e+00, 0.00000e+00, 0.00000e+00, 0.00000e+00, 0.00000e+00, 0.00000e+00, 0.00000e+00, 0.00000e+00]],

  [[0.00000e+00, 0.00000e+00, 0.00000e+00, 0.00000e+00, 0.00000e+00, 0.00000e+00, 0.00000e+00, 0.00000e+00],
   [0.00000e+00, 0.00000e+00, 0.00000e+00, 0.00000e+00, 0.00000e+00, 0.00000e+00, 0.00000e+00, 0.00000e+00],
   [0.00000e+00, 0.00000e+00, 0.00000e+00, 0.00000e+00, 0.00000e+00, 0.00000e+00, 0.00000e+00, 0.00000e+00],
   [1.53750e+02, 3.35000e+01, 0.00000e+00, 1.32500e+01, 7.30000e+01, 1.76750e+02, 0.00000e+00, 1.85000e+01],
   [9.77500e+02, 1.35250e+02, 0.00000e+00, 0.00000e+00, 0.00000e+00, 1.43175e+03, 0.00000e+00, 0.00000e+00],
   [0.00000e+00, 4.31000e+02, 0.00000e+00, 0.00000e+00, 0.00000e+00, 4.96500e+02, 5.17000e+02, 6.25000e+01],
   [1.32250e+02, 0.00000e+00, 0.00000e+00, 8.41750e+02, 5.79000e+02, 0.00000e+00, 0.00000e+00, 1.49250e+02],
   [1.62000e+02, 0.00000e+00, 1.98250e+02, 1.02425e+03, 2.72000e+02, 0.00000e+00, 0.00000e+00, 0.00000e+00],
   [2.93500e+02, 2.47500e+02, 0.00000e+00, 3.40000e+02, 0.00000e+00, 0.00000e+00, 0.00000e+00, 0.00000e+00],
   [0.00000e+00, 0.00000e+00, 0.00000e+00, 0.00000e+00, 0.00000e+00, 0.00000e+00, 0.00000e+00, 0.00000e+00],
   [0.00000e+00, 0.00000e+00, 0.00000e+00, 0.00000e+00, 0.00000e+00, 0.00000e+00, 0.00000e+00, 0.00000e+00],
   [0.00000e+00, 0.00000e+00, 0.00000e+00, 0.00000e+00, 0.00000e+00, 0.00000e+00, 0.00000e+00, 0.00000e+00]],

  [[0.00000e+00, 0.00000e+00, 0.00000e+00, 0.00000e+00, 0.00000e+00, 0.00000e+00, 0.00000e+00, 0.00000e+00],
   [0.00000e+00, 0.00000e+00, 0.00000e+00, 0.00000e+00, 0.00000e+00, 0.00000e+00, 0.00000e+00, 0.00000e+00],
   [0.00000e+00, 0.00000e+00, 0.00000e+00, 0.00000e+00, 0.00000e+00, 0.00000e+00, 0.00000e+00, 0.00000e+00],
   [7.35000e+01, 0.00000e+00, 4.20000e+01, 9.45000e+01, 0.00000e+00, 1.03250e+02, 0.00000e+00, 0.00000e+00],
   [9.31000e+02, 2.82500e+01, 0.00000e+00, 0.00000e+00, 0.00000e+00, 1.19975e+03, 0.00000e+00, 0.00000e+00],
   [0.00000e+00, 5.07250e+02, 0.00000e+00, 0.00000e+00, 0.00000e+00, 9.35750e+02, 5.37000e+02, 3.85000e+01],
   [1.41000e+02, 0.00000e+00, 0.00000e+00, 3.14500e+02, 1.96250e+02, 0.00000e+00, 0.00000e+00, 8.72500e+01],
   [0.00000e+00, 0.00000e+00, 5.63750e+02, 9.61000e+02, 4.63750e+02, 0.00000e+00, 0.00000e+00, 0.00000e+00],
   [1.95500e+02, 2.10500e+02, 0.00000e+00, 4.47250e+02, 0.00000e+00, 0.00000e+00, 0.00000e+00, 0.00000e+00],
   [0.00000e+00, 0.00000e+00, 0.00000e+00, 0.00000e+00, 0.00000e+00, 0.00000e+00, 0.00000e+00, 0.00000e+00],
   [0.00000e+00, 0.00000e+00, 0.00000e+00, 0.00000e+00, 0.00000e+00, 0.00000e+00, 0.00000e+00, 0.00000e+00],
   [0.00000e+00, 0.00000e+00, 0.00000e+00, 0.00000e+00, 0.00000e+00, 0.00000e+00, 0.00000e+00, 0.00000e+00]],

  [[0.00000e+00, 0.00000e+00, 0.00000e+00, 0.00000e+00, 0.00000e+00, 0.00000e+00, 0.00000e+00, 0.00000e+00],
   [0.00000e+00, 0.00000e+00, 0.00000e+00, 0.00000e+00, 0.00000e+00, 0.00000e+00, 0.00000e+00, 0.00000e+00],
   [0.00000e+00, 0.00000e+00, 0.00000e+00, 0.00000e+00, 0.00000e+00, 0.00000e+00, 0.00000e+00, 0.00000e+00],
   [0.00000e+00, 0.00000e+00, 0.00000e+00, 0.00000e+00, 0.00000e+00, 0.00000e+00, 0.00000e+00, 0.00000e+00],
   [6.36250e+02, 0.00000e+00, 0.00000e+00, 6.80000e+01, 1.41500e+02, 7.87000e+02, 0.00000e+00, 0.00000e+00],
   [0.00000e+00, 3.47000e+02, 0.00000e+00, 0.00000e+00, 0.00000e+00, 7.61500e+02, 3.75750e+02, 2.05250e+02],
   [0.00000e+00, 0.00000e+00, 0.00000e+00, 0.00000e+00, 0.00000e+00, 0.00000e+00, 1.36250e+02, 3.31250e+02],
   [0.00000e+00, 0.00000e+00, 1.66500e+02, 9.39750e+02, 7.95000e+01, 0.00000e+00, 0.00000e+00, 1.52500e+01],
   [0.00000e+00, 2.22500e+01, 6.75000e+00, 2.01250e+02, 0.00000e+00, 0.00000e+00, 0.00000e+00, 0.00000e+00],
   [0.00000e+00, 0.00000e+00, 0.00000e+00, 0.00000e+00, 0.00000e+00, 0.00000e+00, 0.00000e+00, 0.00000e+00],
   [0.00000e+00, 0.00000e+00, 0.00000e+00, 0.00000e+00, 0.00000e+00, 0.00000e+00, 0.00000e+00, 0.00000e+00],
   [0.00000e+00, 0.00000e+00, 0.00000e+00, 0.00000e+00, 0.00000e+00, 0.00000e+00, 0.00000e+00, 0.00000e+00]],

  [[0.00000e+00, 0.00000e+00, 0.00000e+00, 0.00000e+00, 0.00000e+00, 0.00000e+00, 0.00000e+00, 0.00000e+00],
   [0.00000e+00, 0.00000e+00, 0.00000e+00, 0.00000e+00, 0.00000e+00, 0.00000e+00, 0.00000e+00, 0.00000e+00],
   [0.00000e+00, 0.00000e+00, 0.00000e+00, 0.00000e+00, 0.00000e+00, 0.00000e+00, 0.00000e+00, 0.00000e+00],
   [0.00000e+00, 0.00000e+00, 0.00000e+00, 0.00000e+00, 0.00000e+00, 0.00000e+00, 0.00000e+00, 0.00000e+00],
   [2.95500e+02, 0.00000e+00, 5.62500e+01, 1.93500e+02, 7.87500e+01, 3.78000e+02, 0.00000e+00, 0.00000e+00],
   [2.55000e+01, 0.00000e+00, 0.00000e+00, 0.00000e+00, 0.00000e+00, 4.59750e+02, 1.48500e+02, 1.08000e+02],
   [8.00000e+00, 0.00000e+00, 0.00000e+00, 0.00000e+00, 0.00000e+00, 0.00000e+00, 5.36000e+02, 8.37500e+01],
   [2.84750e+02, 0.00000e+00, 0.00000e+00, 7.89500e+02, 0.00000e+00, 0.00000e+00, 0.00000e+00, 0.00000e+00],
   [0.00000e+00, 8.37500e+01, 1.55000e+02, 1.96750e+02, 0.00000e+00, 0.00000e+00, 0.00000e+00, 0.00000e+00],
   [0.00000e+00, 0.00000e+00, 0.00000e+00, 0.00000e+00, 0.00000e+00, 0.00000e+00, 0.00000e+00, 0.00000e+00],
   [0.00000e+00, 0.00000e+00, 0.00000e+00, 0.00000e+00, 0.00000e+00, 0.00000e+00, 0.00000e+00, 0.00000e+00],
   [0.00000e+00, 0.00000e+00, 0.00000e+00, 0.00000e+00, 0.00000e+00, 0.00000e+00, 0.00000e+00, 0.00000e+00]]]]

🔹 Layer: average_pooling2d_3
   📐 Output Shape: (1, 6, 6, 8)
   🔢 Output Values:
[[[[0.0000000e+00, 0.0000000e+00, 0.0000000e+00, 0.0000000e+00, 0.0000000e+00, 0.0000000e+00, 0.0000000e+00, 0.0000000e+00],
   [1.1250000e+00, 9.3750000e-01, 0.0000000e+00, 1.8125000e+00, 0.0000000e+00, 1.8750000e-01, 1.4375000e+00, 0.0000000e+00],
   [5.4262500e+02, 2.0643750e+02, 4.9750000e+01, 0.0000000e+00, 9.2312500e+01, 5.0743750e+02, 3.5562500e+01, 0.0000000e+00],
   [2.2118750e+02, 1.1856250e+02, 1.5825000e+02, 4.1431250e+02, 3.9856250e+02, 0.0000000e+00, 0.0000000e+00, 4.1750000e+01],
   [5.2000000e+01, 3.8250000e+01, 0.0000000e+00, 5.3500000e+01, 0.0000000e+00, 0.0000000e+00, 1.2500000e+00, 2.6125000e+01],
   [0.0000000e+00, 0.0000000e+00, 0.0000000e+00, 0.0000000e+00, 0.0000000e+00, 0.0000000e+00, 0.0000000e+00, 0.0000000e+00]],

  [[0.0000000e+00, 0.0000000e+00, 0.0000000e+00, 0.0000000e+00, 0.0000000e+00, 0.0000000e+00, 0.0000000e+00, 0.0000000e+00],
   [3.8437500e+01, 1.3562500e+01, 0.0000000e+00, 7.8750000e+00, 0.0000000e+00, 5.6000000e+01, 1.9875000e+01, 0.0000000e+00],
   [6.5681250e+02, 3.9500000e+02, 0.0000000e+00, 0.0000000e+00, 0.0000000e+00, 1.1001875e+03, 1.1450000e+02, 3.2187500e+01],
   [2.0700000e+02, 8.6562500e+01, 6.2500000e+00, 1.0640000e+03, 3.9412500e+02, 0.0000000e+00, 0.0000000e+00, 4.9625000e+01],
   [2.2125000e+01, 2.3312500e+01, 1.5000000e+00, 8.1000000e+01, 0.0000000e+00, 0.0000000e+00, 0.0000000e+00, 0.0000000e+00],
   [0.0000000e+00, 0.0000000e+00, 0.0000000e+00, 0.0000000e+00, 0.0000000e+00, 0.0000000e+00, 0.0000000e+00, 0.0000000e+00]],

  [[0.0000000e+00, 0.0000000e+00, 0.0000000e+00, 0.0000000e+00, 0.0000000e+00, 0.0000000e+00, 0.0000000e+00, 0.0000000e+00],
   [1.3406250e+02, 4.1750000e+01, 0.0000000e+00, 0.0000000e+00, 0.0000000e+00, 1.8287500e+02, 3.1250000e-01, 0.0000000e+00],
   [5.4306250e+02, 2.0206250e+02, 0.0000000e+00, 0.0000000e+00, 0.0000000e+00, 9.3643750e+02, 1.1237500e+02, 3.8625000e+01],
   [2.4581250e+02, 1.6543750e+02, 0.0000000e+00, 1.1654375e+03, 3.6362500e+02, 0.0000000e+00, 0.0000000e+00, 6.3375000e+01],
   [2.4375000e+01, 1.9687500e+01, 9.5000000e+00, 5.7687500e+01, 0.0000000e+00, 0.0000000e+00, 0.0000000e+00, 0.0000000e+00],
   [0.0000000e+00, 0.0000000e+00, 0.0000000e+00, 0.0000000e+00, 0.0000000e+00, 0.0000000e+00, 0.0000000e+00, 0.0000000e+00]],

  [[0.0000000e+00, 0.0000000e+00, 0.0000000e+00, 0.0000000e+00, 0.0000000e+00, 0.0000000e+00, 0.0000000e+00, 0.0000000e+00],
   [1.4887500e+02, 2.3062500e+01, 0.0000000e+00, 0.0000000e+00, 0.0000000e+00, 2.0131250e+02, 0.0000000e+00, 0.0000000e+00],
   [4.9331250e+02, 2.1562500e+02, 0.0000000e+00, 0.0000000e+00, 0.0000000e+00, 8.8143750e+02, 1.1143750e+02, 5.4375000e+01],
   [2.1481250e+02, 1.6087500e+02, 1.3125000e+01, 1.1595625e+03, 3.8643750e+02, 0.0000000e+00, 0.0000000e+00, 5.7937500e+01],
   [6.9625000e+01, 5.6062500e+01, 0.0000000e+00, 8.5750000e+01, 0.0000000e+00, 0.0000000e+00, 0.0000000e+00, 6.2500000e-02],
   [0.0000000e+00, 0.0000000e+00, 0.0000000e+00, 0.0000000e+00, 0.0000000e+00, 0.0000000e+00, 0.0000000e+00, 0.0000000e+00]],

  [[0.0000000e+00, 0.0000000e+00, 0.0000000e+00, 0.0000000e+00, 0.0000000e+00, 0.0000000e+00, 0.0000000e+00, 0.0000000e+00],
   [5.6812500e+01, 8.3750000e+00, 1.0500000e+01, 2.6937500e+01, 1.8250000e+01, 7.0000000e+01, 0.0000000e+00, 4.6250000e+00],
   [4.7712500e+02, 2.7543750e+02, 0.0000000e+00, 0.0000000e+00, 0.0000000e+00, 1.0159375e+03, 2.6350000e+02, 2.5250000e+01],
   [1.0881250e+02, 0.0000000e+00, 1.9050000e+02, 7.8537500e+02, 3.7775000e+02, 0.0000000e+00, 0.0000000e+00, 5.9125000e+01],
   [1.2225000e+02, 1.1450000e+02, 0.0000000e+00, 1.9681250e+02, 0.0000000e+00, 0.0000000e+00, 0.0000000e+00, 0.0000000e+00],
   [0.0000000e+00, 0.0000000e+00, 0.0000000e+00, 0.0000000e+00, 0.0000000e+00, 0.0000000e+00, 0.0000000e+00, 0.0000000e+00]],

  [[0.0000000e+00, 0.0000000e+00, 0.0000000e+00, 0.0000000e+00, 0.0000000e+00, 0.0000000e+00, 0.0000000e+00, 0.0000000e+00],
   [0.0000000e+00, 0.0000000e+00, 0.0000000e+00, 0.0000000e+00, 0.0000000e+00, 0.0000000e+00, 0.0000000e+00, 0.0000000e+00],
   [2.3931250e+02, 8.6750000e+01, 1.4062500e+01, 6.5375000e+01, 5.5062500e+01, 5.9656250e+02, 1.3106250e+02, 7.8312500e+01],
   [7.3187500e+01, 0.0000000e+00, 4.1625000e+01, 4.3231250e+02, 1.9875000e+01, 0.0000000e+00, 1.6806250e+02, 1.0756250e+02],
   [0.0000000e+00, 2.6500000e+01, 4.0437500e+01, 9.9500000e+01, 0.0000000e+00, 0.0000000e+00, 0.0000000e+00, 0.0000000e+00],
   [0.0000000e+00, 0.0000000e+00, 0.0000000e+00, 0.0000000e+00, 0.0000000e+00, 0.0000000e+00, 0.0000000e+00, 0.0000000e+00]]]]

🔹 Layer: flatten_1
   📐 Output Shape: (1, 288)
   🔢 Output Values:
[[0.0000000e+00, 0.0000000e+00, 0.0000000e+00, 0.0000000e+00, 0.0000000e+00, 0.0000000e+00, 0.0000000e+00, 0.0000000e+00, 1.1250000e+00, 9.3750000e-01, 0.0000000e+00, 1.8125000e+00, 0.0000000e+00, 1.8750000e-01, 1.4375000e+00, 0.0000000e+00, 5.4262500e+02, 2.0643750e+02, 4.9750000e+01, 0.0000000e+00, 9.2312500e+01, 5.0743750e+02, 3.5562500e+01, 0.0000000e+00, 2.2118750e+02, 1.1856250e+02, 1.5825000e+02, 4.1431250e+02, 3.9856250e+02, 0.0000000e+00, 0.0000000e+00, 4.1750000e+01, 5.2000000e+01, 3.8250000e+01, 0.0000000e+00, 5.3500000e+01, 0.0000000e+00, 0.0000000e+00, 1.2500000e+00, 2.6125000e+01, 0.0000000e+00, 0.0000000e+00, 0.0000000e+00, 0.0000000e+00, 0.0000000e+00, 0.0000000e+00, 0.0000000e+00, 0.0000000e+00, 0.0000000e+00, 0.0000000e+00, 0.0000000e+00, 0.0000000e+00, 0.0000000e+00, 0.0000000e+00, 0.0000000e+00, 0.0000000e+00, 3.8437500e+01, 1.3562500e+01, 0.0000000e+00, 7.8750000e+00, 0.0000000e+00, 5.6000000e+01, 1.9875000e+01, 0.0000000e+00, 6.5681250e+02, 3.9500000e+02, 0.0000000e+00, 0.0000000e+00, 0.0000000e+00, 1.1001875e+03, 1.1450000e+02, 3.2187500e+01, 2.0700000e+02, 8.6562500e+01, 6.2500000e+00, 1.0640000e+03, 3.9412500e+02, 0.0000000e+00, 0.0000000e+00, 4.9625000e+01, 2.2125000e+01, 2.3312500e+01, 1.5000000e+00, 8.1000000e+01, 0.0000000e+00, 0.0000000e+00, 0.0000000e+00, 0.0000000e+00, 0.0000000e+00, 0.0000000e+00, 0.0000000e+00, 0.0000000e+00, 0.0000000e+00, 0.0000000e+00, 0.0000000e+00, 0.0000000e+00, 0.0000000e+00, 0.0000000e+00, 0.0000000e+00, 0.0000000e+00, 0.0000000e+00, 0.0000000e+00, 0.0000000e+00, 0.0000000e+00, 1.3406250e+02, 4.1750000e+01, 0.0000000e+00, 0.0000000e+00, 0.0000000e+00, 1.8287500e+02, 3.1250000e-01, 0.0000000e+00, 5.4306250e+02, 2.0206250e+02, 0.0000000e+00, 0.0000000e+00, 0.0000000e+00, 9.3643750e+02, 1.1237500e+02, 3.8625000e+01, 2.4581250e+02, 1.6543750e+02, 0.0000000e+00, 1.1654375e+03, 3.6362500e+02, 0.0000000e+00, 0.0000000e+00, 6.3375000e+01, 2.4375000e+01, 1.9687500e+01, 9.5000000e+00, 5.7687500e+01, 0.0000000e+00, 0.0000000e+00, 0.0000000e+00, 0.0000000e+00, 0.0000000e+00, 0.0000000e+00, 0.0000000e+00, 0.0000000e+00, 0.0000000e+00, 0.0000000e+00, 0.0000000e+00, 0.0000000e+00, 0.0000000e+00, 0.0000000e+00, 0.0000000e+00, 0.0000000e+00, 0.0000000e+00, 0.0000000e+00, 0.0000000e+00, 0.0000000e+00, 1.4887500e+02, 2.3062500e+01, 0.0000000e+00, 0.0000000e+00, 0.0000000e+00, 2.0131250e+02, 0.0000000e+00, 0.0000000e+00, 4.9331250e+02, 2.1562500e+02, 0.0000000e+00, 0.0000000e+00, 0.0000000e+00, 8.8143750e+02, 1.1143750e+02, 5.4375000e+01, 2.1481250e+02, 1.6087500e+02, 1.3125000e+01, 1.1595625e+03, 3.8643750e+02, 0.0000000e+00, 0.0000000e+00, 5.7937500e+01, 6.9625000e+01, 5.6062500e+01, 0.0000000e+00, 8.5750000e+01, 0.0000000e+00, 0.0000000e+00, 0.0000000e+00, 6.2500000e-02, 0.0000000e+00, 0.0000000e+00, 0.0000000e+00, 0.0000000e+00, 0.0000000e+00, 0.0000000e+00, 0.0000000e+00, 0.0000000e+00, 0.0000000e+00, 0.0000000e+00, 0.0000000e+00, 0.0000000e+00, 0.0000000e+00, 0.0000000e+00, 0.0000000e+00, 0.0000000e+00, 5.6812500e+01, 8.3750000e+00, 1.0500000e+01, 2.6937500e+01, 1.8250000e+01, 7.0000000e+01, 0.0000000e+00, 4.6250000e+00, 4.7712500e+02, 2.7543750e+02, 0.0000000e+00, 0.0000000e+00, 0.0000000e+00, 1.0159375e+03, 2.6350000e+02, 2.5250000e+01, 1.0881250e+02, 0.0000000e+00, 1.9050000e+02, 7.8537500e+02, 3.7775000e+02, 0.0000000e+00, 0.0000000e+00, 5.9125000e+01, 1.2225000e+02, 1.1450000e+02, 0.0000000e+00, 1.9681250e+02, 0.0000000e+00, 0.0000000e+00, 0.0000000e+00, 0.0000000e+00, 0.0000000e+00, 0.0000000e+00, 0.0000000e+00, 0.0000000e+00, 0.0000000e+00, 0.0000000e+00, 0.0000000e+00, 0.0000000e+00, 0.0000000e+00, 0.0000000e+00, 0.0000000e+00, 0.0000000e+00, 0.0000000e+00, 0.0000000e+00, 0.0000000e+00, 0.0000000e+00, 0.0000000e+00, 0.0000000e+00, 0.0000000e+00, 0.0000000e+00, 0.0000000e+00, 0.0000000e+00, 0.0000000e+00, 0.0000000e+00, 2.3931250e+02, 8.6750000e+01, 1.4062500e+01, 6.5375000e+01, 5.5062500e+01, 5.9656250e+02, 1.3106250e+02, 7.8312500e+01, 7.3187500e+01, 0.0000000e+00, 4.1625000e+01, 4.3231250e+02, 1.9875000e+01, 0.0000000e+00, 1.6806250e+02, 1.0756250e+02, 0.0000000e+00, 2.6500000e+01, 4.0437500e+01, 9.9500000e+01, 0.0000000e+00, 0.0000000e+00, 0.0000000e+00, 0.0000000e+00, 0.0000000e+00, 0.0000000e+00, 0.0000000e+00, 0.0000000e+00, 0.0000000e+00, 0.0000000e+00, 0.0000000e+00, 0.0000000e+00]]

🔹 Layer: lambda_1
   📐 Output Shape: (1, 288)
   🔢 Output Values:
[[0., 0., 0., 0., 0., 0., 0., 0., 0., 0., 0., 0., 0., 0., 0., 0., 3., 1., 0., 0., 1., 3., 0., 0., 1., 1., 1., 2., 2., 0., 0., 0., 0., 0., 0., 0., 0., 0., 0., 0., 0., 0., 0., 0., 0., 0., 0., 0., 0., 0., 0., 0., 0., 0., 0., 0., 0., 0., 0., 0., 0., 0., 0., 0., 4., 2., 0., 0., 0., 7., 1., 0., 1., 1., 0., 6., 2., 0., 0., 0., 0., 0., 0., 0., 0., 0., 0., 0., 0., 0., 0., 0., 0., 0., 0., 0., 0., 0., 0., 0., 0., 0., 0., 0., 1., 0., 0., 0., 0., 1., 0., 0., 3., 1., 0., 0., 0., 6., 1., 0., 1., 1., 0., 7., 2., 0., 0., 0., 0., 0., 0., 0., 0., 0., 0., 0., 0., 0., 0., 0., 0., 0., 0., 0., 0., 0., 0., 0., 0., 0., 0., 0., 1., 0., 0., 0., 0., 1., 0., 0., 3., 1., 0., 0., 0., 5., 1., 0., 1., 1., 0., 7., 2., 0., 0., 0., 0., 0., 0., 1., 0., 0., 0., 0., 0., 0., 0., 0., 0., 0., 0., 0., 0., 0., 0., 0., 0., 0., 0., 0., 0., 0., 0., 0., 0., 0., 0., 0., 3., 2., 0., 0., 0., 6., 2., 0., 1., 0., 1., 5., 2., 0., 0., 0., 1., 1., 0., 1., 0., 0., 0., 0., 0., 0., 0., 0., 0., 0., 0., 0., 0., 0., 0., 0., 0., 0., 0., 0., 0., 0., 0., 0., 0., 0., 0., 0., 1., 1., 0., 0., 0., 4., 1., 0., 0., 0., 0., 3., 0., 0., 1., 1., 0., 0., 0., 1., 0., 0., 0., 0., 0., 0., 0., 0., 0., 0., 0., 0.]]

🔹 Layer: dense_3
   📐 Output Shape: (1, 120)
   🔢 Output Values:
[[ 0., 49.,  5.,  0.,  0., 13.,  0., 39., 30., 58.,  0.,  0., 31.,  0.,  0.,  0., 38.,  0.,  0., 16.,  0.,  0.,  0., 52., 21., 39., 12.,  7., 19.,  0.,  0.,  1., 31.,  0., 15.,  0.,  4.,  0.,  0.,  0.,  0., 10.,  0., 77.,  0.,  0., 29., 57.,  0.,  0.,  0.,  0.,  0.,  0.,  0.,  0.,  0.,  0., 54.,  0., 34.,  0.,  0.,  0.,  0., 41.,  0.,  0.,  9.,  0., 89.,  3., 24.,  1.,  4.,  0.,  0., 34.,  0.,  2., 29.,  0.,  0.,  0.,  2.,  0., 80.,  0.,  8., 28.,  0.,  0., 21.,  0.,  0.,  0.,  0., 44., 45.,  0., 13.,  0.,  0.,  0., 29.,  0.,  1.,  0.,  0.,  0., 10.,  0., 25.,  8.,  0.,  0., 48., 29.,  0.,  9.]]

🔹 Layer: dense_4
   📐 Output Shape: (1, 84)
   🔢 Output Values:
[[   0.,    0.,    0., 1875.,    0.,    0.,    0.,    0.,    0.,    0.,  341.,    0., 1267.,  460.,  343.,    0., 1255.,    0.,  635.,  784.,  870.,    0.,    0., 1129.,    0.,    0., 1077.,    0.,   41., 2449.,    0.,   72.,    0.,  603.,    0.,  344.,    0.,    0.,    0.,    0.,  786.,    0., 1654.,    0.,  625.,  509.,    0.,  758.,    0.,    0.,    0.,    0.,  876.,  355.,  376.,    0.,  909.,    0., 1229.,    0.,  972., 1146.,  471.,  308.,    0.,  119.,    0.,  183.,    0.,    0.,  267.,  372.,    0., 1024.,    0.,    0.,    0.,    0.,    0.,    0.,    0.,    0.,  765.,  469.]]

🔹 Layer: dense_5
   📐 Output Shape: (1, 10)
   🔢 Output Values:
[[0., 1., 0., 0., 0., 0., 0., 0., 0., 0.]]

🎯 Prediction for Image 1009:
   ✅ Predicted Label: 1
   🎯 True Label: 1
   ✅ Result: Correct Prediction
