=============================
  🔍 Inference for Image 100  
=============================

🔹 Layer: input_2
   📐 Output Shape: (1, 28, 28, 1)
   🔢 Output Values:
[[[[0.],
   [0.],
   [0.],
   [0.],
   [0.],
   [0.],
   [0.],
   [0.],
   [0.],
   [0.],
   [0.],
   [0.],
   [0.],
   [0.],
   [0.],
   [0.],
   [0.],
   [0.],
   [0.],
   [0.],
   [0.],
   [0.],
   [0.],
   [0.],
   [0.],
   [0.],
   [0.],
   [0.]],

  [[0.],
   [0.],
   [0.],
   [0.],
   [0.],
   [0.],
   [0.],
   [0.],
   [0.],
   [0.],
   [0.],
   [0.],
   [0.],
   [0.],
   [0.],
   [0.],
   [0.],
   [0.],
   [0.],
   [0.],
   [0.],
   [0.],
   [0.],
   [0.],
   [0.],
   [0.],
   [0.],
   [0.]],

  [[0.],
   [0.],
   [0.],
   [0.],
   [0.],
   [0.],
   [0.],
   [0.],
   [0.],
   [0.],
   [0.],
   [0.],
   [0.],
   [0.],
   [0.],
   [0.],
   [0.],
   [0.],
   [0.],
   [0.],
   [0.],
   [0.],
   [0.],
   [0.],
   [0.],
   [0.],
   [0.],
   [0.]],

  [[0.],
   [0.],
   [0.],
   [0.],
   [0.],
   [0.],
   [0.],
   [0.],
   [0.],
   [0.],
   [0.],
   [0.],
   [0.],
   [0.],
   [0.],
   [0.],
   [0.],
   [0.],
   [0.],
   [0.],
   [0.],
   [0.],
   [0.],
   [0.],
   [0.],
   [0.],
   [0.],
   [0.]],

  [[0.],
   [0.],
   [0.],
   [0.],
   [0.],
   [0.],
   [0.],
   [0.],
   [0.],
   [0.],
   [0.],
   [0.],
   [0.],
   [0.],
   [0.],
   [0.],
   [0.],
   [0.],
   [0.],
   [0.],
   [0.],
   [0.],
   [0.],
   [0.],
   [0.],
   [0.],
   [0.],
   [0.]],

  [[0.],
   [0.],
   [0.],
   [0.],
   [0.],
   [0.],
   [0.],
   [0.],
   [0.],
   [0.],
   [0.],
   [0.],
   [0.],
   [0.],
   [0.],
   [0.],
   [0.],
   [0.],
   [0.],
   [0.],
   [0.],
   [0.],
   [0.],
   [0.],
   [0.],
   [0.],
   [0.],
   [0.]],

  [[0.],
   [0.],
   [0.],
   [0.],
   [0.],
   [0.],
   [0.],
   [0.],
   [0.],
   [0.],
   [1.],
   [3.],
   [6.],
   [7.],
   [7.],
   [6.],
   [3.],
   [0.],
   [0.],
   [0.],
   [0.],
   [0.],
   [0.],
   [0.],
   [0.],
   [0.],
   [0.],
   [0.]],

  [[0.],
   [0.],
   [0.],
   [0.],
   [0.],
   [0.],
   [0.],
   [0.],
   [1.],
   [4.],
   [6.],
   [6.],
   [6.],
   [6.],
   [6.],
   [6.],
   [6.],
   [4.],
   [0.],
   [0.],
   [0.],
   [0.],
   [0.],
   [0.],
   [0.],
   [0.],
   [0.],
   [0.]],

  [[0.],
   [0.],
   [0.],
   [0.],
   [0.],
   [0.],
   [0.],
   [0.],
   [5.],
   [6.],
   [6.],
   [6.],
   [6.],
   [6.],
   [6.],
   [6.],
   [6.],
   [6.],
   [2.],
   [0.],
   [0.],
   [0.],
   [0.],
   [0.],
   [0.],
   [0.],
   [0.],
   [0.]],

  [[0.],
   [0.],
   [0.],
   [0.],
   [0.],
   [0.],
   [0.],
   [3.],
   [6.],
   [6.],
   [6.],
   [5.],
   [3.],
   [1.],
   [0.],
   [4.],
   [6.],
   [6.],
   [5.],
   [0.],
   [0.],
   [0.],
   [0.],
   [0.],
   [0.],
   [0.],
   [0.],
   [0.]],

  [[0.],
   [0.],
   [0.],
   [0.],
   [0.],
   [0.],
   [0.],
   [6.],
   [6.],
   [6.],
   [3.],
   [0.],
   [0.],
   [0.],
   [0.],
   [0.],
   [6.],
   [6.],
   [6.],
   [3.],
   [0.],
   [0.],
   [0.],
   [0.],
   [0.],
   [0.],
   [0.],
   [0.]],

  [[0.],
   [0.],
   [0.],
   [0.],
   [0.],
   [0.],
   [0.],
   [6.],
   [6.],
   [3.],
   [0.],
   [0.],
   [0.],
   [0.],
   [0.],
   [0.],
   [2.],
   [6.],
   [6.],
   [6.],
   [0.],
   [0.],
   [0.],
   [0.],
   [0.],
   [0.],
   [0.],
   [0.]],

  [[0.],
   [0.],
   [0.],
   [0.],
   [0.],
   [0.],
   [2.],
   [6.],
   [6.],
   [0.],
   [0.],
   [0.],
   [0.],
   [0.],
   [0.],
   [0.],
   [6.],
   [6.],
   [6.],
   [6.],
   [4.],
   [0.],
   [0.],
   [0.],
   [0.],
   [0.],
   [0.],
   [0.]],

  [[0.],
   [0.],
   [0.],
   [0.],
   [0.],
   [0.],
   [3.],
   [6.],
   [6.],
   [0.],
   [0.],
   [0.],
   [0.],
   [0.],
   [0.],
   [5.],
   [6.],
   [6.],
   [6.],
   [6.],
   [6.],
   [0.],
   [0.],
   [0.],
   [0.],
   [0.],
   [0.],
   [0.]],

  [[0.],
   [0.],
   [0.],
   [0.],
   [0.],
   [0.],
   [1.],
   [6.],
   [6.],
   [3.],
   [0.],
   [0.],
   [0.],
   [1.],
   [4.],
   [6.],
   [6.],
   [6.],
   [6.],
   [6.],
   [4.],
   [0.],
   [0.],
   [0.],
   [0.],
   [0.],
   [0.],
   [0.]],

  [[0.],
   [0.],
   [0.],
   [0.],
   [0.],
   [0.],
   [0.],
   [6.],
   [6.],
   [5.],
   [2.],
   [1.],
   [4.],
   [6.],
   [6.],
   [6.],
   [6.],
   [6.],
   [6.],
   [6.],
   [2.],
   [0.],
   [0.],
   [0.],
   [0.],
   [0.],
   [0.],
   [0.]],

  [[0.],
   [0.],
   [0.],
   [0.],
   [0.],
   [0.],
   [0.],
   [3.],
   [6.],
   [6.],
   [6.],
   [6.],
   [6.],
   [6.],
   [6.],
   [6.],
   [5.],
   [6.],
   [6.],
   [5.],
   [0.],
   [0.],
   [0.],
   [0.],
   [0.],
   [0.],
   [0.],
   [0.]],

  [[0.],
   [0.],
   [0.],
   [0.],
   [0.],
   [0.],
   [0.],
   [0.],
   [2.],
   [4.],
   [6.],
   [6.],
   [6.],
   [6.],
   [5.],
   [0.],
   [1.],
   [6.],
   [6.],
   [2.],
   [0.],
   [0.],
   [0.],
   [0.],
   [0.],
   [0.],
   [0.],
   [0.]],

  [[0.],
   [0.],
   [0.],
   [0.],
   [0.],
   [0.],
   [0.],
   [0.],
   [0.],
   [0.],
   [1.],
   [2.],
   [2.],
   [0.],
   [0.],
   [0.],
   [0.],
   [6.],
   [6.],
   [0.],
   [0.],
   [0.],
   [0.],
   [0.],
   [0.],
   [0.],
   [0.],
   [0.]],

  [[0.],
   [0.],
   [0.],
   [0.],
   [0.],
   [0.],
   [0.],
   [0.],
   [0.],
   [0.],
   [0.],
   [0.],
   [0.],
   [0.],
   [0.],
   [0.],
   [0.],
   [6.],
   [6.],
   [0.],
   [0.],
   [0.],
   [0.],
   [0.],
   [0.],
   [0.],
   [0.],
   [0.]],

  [[0.],
   [0.],
   [0.],
   [0.],
   [0.],
   [0.],
   [0.],
   [0.],
   [0.],
   [0.],
   [0.],
   [0.],
   [0.],
   [0.],
   [0.],
   [0.],
   [1.],
   [6.],
   [3.],
   [0.],
   [0.],
   [0.],
   [0.],
   [0.],
   [0.],
   [0.],
   [0.],
   [0.]],

  [[0.],
   [0.],
   [0.],
   [0.],
   [0.],
   [0.],
   [0.],
   [0.],
   [0.],
   [0.],
   [0.],
   [0.],
   [0.],
   [0.],
   [0.],
   [0.],
   [4.],
   [6.],
   [5.],
   [0.],
   [0.],
   [0.],
   [0.],
   [0.],
   [0.],
   [0.],
   [0.],
   [0.]],

  [[0.],
   [0.],
   [0.],
   [0.],
   [0.],
   [0.],
   [0.],
   [0.],
   [0.],
   [0.],
   [0.],
   [0.],
   [0.],
   [0.],
   [0.],
   [0.],
   [4.],
   [6.],
   [6.],
   [0.],
   [0.],
   [0.],
   [0.],
   [0.],
   [0.],
   [0.],
   [0.],
   [0.]],

  [[0.],
   [0.],
   [0.],
   [0.],
   [0.],
   [0.],
   [0.],
   [0.],
   [0.],
   [0.],
   [0.],
   [0.],
   [0.],
   [0.],
   [0.],
   [0.],
   [4.],
   [6.],
   [6.],
   [2.],
   [0.],
   [0.],
   [0.],
   [0.],
   [0.],
   [0.],
   [0.],
   [0.]],

  [[0.],
   [0.],
   [0.],
   [0.],
   [0.],
   [0.],
   [0.],
   [0.],
   [0.],
   [0.],
   [0.],
   [0.],
   [0.],
   [0.],
   [0.],
   [0.],
   [4.],
   [6.],
   [6.],
   [2.],
   [0.],
   [0.],
   [0.],
   [0.],
   [0.],
   [0.],
   [0.],
   [0.]],

  [[0.],
   [0.],
   [0.],
   [0.],
   [0.],
   [0.],
   [0.],
   [0.],
   [0.],
   [0.],
   [0.],
   [0.],
   [0.],
   [0.],
   [0.],
   [0.],
   [2.],
   [6.],
   [6.],
   [1.],
   [0.],
   [0.],
   [0.],
   [0.],
   [0.],
   [0.],
   [0.],
   [0.]],

  [[0.],
   [0.],
   [0.],
   [0.],
   [0.],
   [0.],
   [0.],
   [0.],
   [0.],
   [0.],
   [0.],
   [0.],
   [0.],
   [0.],
   [0.],
   [0.],
   [0.],
   [0.],
   [0.],
   [0.],
   [0.],
   [0.],
   [0.],
   [0.],
   [0.],
   [0.],
   [0.],
   [0.]],

  [[0.],
   [0.],
   [0.],
   [0.],
   [0.],
   [0.],
   [0.],
   [0.],
   [0.],
   [0.],
   [0.],
   [0.],
   [0.],
   [0.],
   [0.],
   [0.],
   [0.],
   [0.],
   [0.],
   [0.],
   [0.],
   [0.],
   [0.],
   [0.],
   [0.],
   [0.],
   [0.],
   [0.]]]]

🔹 Layer: zero_padding2d_1
   📐 Output Shape: (1, 30, 30, 1)
   🔢 Output Values:
[[[[0.],
   [0.],
   [0.],
   [0.],
   [0.],
   [0.],
   [0.],
   [0.],
   [0.],
   [0.],
   [0.],
   [0.],
   [0.],
   [0.],
   [0.],
   [0.],
   [0.],
   [0.],
   [0.],
   [0.],
   [0.],
   [0.],
   [0.],
   [0.],
   [0.],
   [0.],
   [0.],
   [0.],
   [0.],
   [0.]],

  [[0.],
   [0.],
   [0.],
   [0.],
   [0.],
   [0.],
   [0.],
   [0.],
   [0.],
   [0.],
   [0.],
   [0.],
   [0.],
   [0.],
   [0.],
   [0.],
   [0.],
   [0.],
   [0.],
   [0.],
   [0.],
   [0.],
   [0.],
   [0.],
   [0.],
   [0.],
   [0.],
   [0.],
   [0.],
   [0.]],

  [[0.],
   [0.],
   [0.],
   [0.],
   [0.],
   [0.],
   [0.],
   [0.],
   [0.],
   [0.],
   [0.],
   [0.],
   [0.],
   [0.],
   [0.],
   [0.],
   [0.],
   [0.],
   [0.],
   [0.],
   [0.],
   [0.],
   [0.],
   [0.],
   [0.],
   [0.],
   [0.],
   [0.],
   [0.],
   [0.]],

  [[0.],
   [0.],
   [0.],
   [0.],
   [0.],
   [0.],
   [0.],
   [0.],
   [0.],
   [0.],
   [0.],
   [0.],
   [0.],
   [0.],
   [0.],
   [0.],
   [0.],
   [0.],
   [0.],
   [0.],
   [0.],
   [0.],
   [0.],
   [0.],
   [0.],
   [0.],
   [0.],
   [0.],
   [0.],
   [0.]],

  [[0.],
   [0.],
   [0.],
   [0.],
   [0.],
   [0.],
   [0.],
   [0.],
   [0.],
   [0.],
   [0.],
   [0.],
   [0.],
   [0.],
   [0.],
   [0.],
   [0.],
   [0.],
   [0.],
   [0.],
   [0.],
   [0.],
   [0.],
   [0.],
   [0.],
   [0.],
   [0.],
   [0.],
   [0.],
   [0.]],

  [[0.],
   [0.],
   [0.],
   [0.],
   [0.],
   [0.],
   [0.],
   [0.],
   [0.],
   [0.],
   [0.],
   [0.],
   [0.],
   [0.],
   [0.],
   [0.],
   [0.],
   [0.],
   [0.],
   [0.],
   [0.],
   [0.],
   [0.],
   [0.],
   [0.],
   [0.],
   [0.],
   [0.],
   [0.],
   [0.]],

  [[0.],
   [0.],
   [0.],
   [0.],
   [0.],
   [0.],
   [0.],
   [0.],
   [0.],
   [0.],
   [0.],
   [0.],
   [0.],
   [0.],
   [0.],
   [0.],
   [0.],
   [0.],
   [0.],
   [0.],
   [0.],
   [0.],
   [0.],
   [0.],
   [0.],
   [0.],
   [0.],
   [0.],
   [0.],
   [0.]],

  [[0.],
   [0.],
   [0.],
   [0.],
   [0.],
   [0.],
   [0.],
   [0.],
   [0.],
   [0.],
   [0.],
   [1.],
   [3.],
   [6.],
   [7.],
   [7.],
   [6.],
   [3.],
   [0.],
   [0.],
   [0.],
   [0.],
   [0.],
   [0.],
   [0.],
   [0.],
   [0.],
   [0.],
   [0.],
   [0.]],

  [[0.],
   [0.],
   [0.],
   [0.],
   [0.],
   [0.],
   [0.],
   [0.],
   [0.],
   [1.],
   [4.],
   [6.],
   [6.],
   [6.],
   [6.],
   [6.],
   [6.],
   [6.],
   [4.],
   [0.],
   [0.],
   [0.],
   [0.],
   [0.],
   [0.],
   [0.],
   [0.],
   [0.],
   [0.],
   [0.]],

  [[0.],
   [0.],
   [0.],
   [0.],
   [0.],
   [0.],
   [0.],
   [0.],
   [0.],
   [5.],
   [6.],
   [6.],
   [6.],
   [6.],
   [6.],
   [6.],
   [6.],
   [6.],
   [6.],
   [2.],
   [0.],
   [0.],
   [0.],
   [0.],
   [0.],
   [0.],
   [0.],
   [0.],
   [0.],
   [0.]],

  [[0.],
   [0.],
   [0.],
   [0.],
   [0.],
   [0.],
   [0.],
   [0.],
   [3.],
   [6.],
   [6.],
   [6.],
   [5.],
   [3.],
   [1.],
   [0.],
   [4.],
   [6.],
   [6.],
   [5.],
   [0.],
   [0.],
   [0.],
   [0.],
   [0.],
   [0.],
   [0.],
   [0.],
   [0.],
   [0.]],

  [[0.],
   [0.],
   [0.],
   [0.],
   [0.],
   [0.],
   [0.],
   [0.],
   [6.],
   [6.],
   [6.],
   [3.],
   [0.],
   [0.],
   [0.],
   [0.],
   [0.],
   [6.],
   [6.],
   [6.],
   [3.],
   [0.],
   [0.],
   [0.],
   [0.],
   [0.],
   [0.],
   [0.],
   [0.],
   [0.]],

  [[0.],
   [0.],
   [0.],
   [0.],
   [0.],
   [0.],
   [0.],
   [0.],
   [6.],
   [6.],
   [3.],
   [0.],
   [0.],
   [0.],
   [0.],
   [0.],
   [0.],
   [2.],
   [6.],
   [6.],
   [6.],
   [0.],
   [0.],
   [0.],
   [0.],
   [0.],
   [0.],
   [0.],
   [0.],
   [0.]],

  [[0.],
   [0.],
   [0.],
   [0.],
   [0.],
   [0.],
   [0.],
   [2.],
   [6.],
   [6.],
   [0.],
   [0.],
   [0.],
   [0.],
   [0.],
   [0.],
   [0.],
   [6.],
   [6.],
   [6.],
   [6.],
   [4.],
   [0.],
   [0.],
   [0.],
   [0.],
   [0.],
   [0.],
   [0.],
   [0.]],

  [[0.],
   [0.],
   [0.],
   [0.],
   [0.],
   [0.],
   [0.],
   [3.],
   [6.],
   [6.],
   [0.],
   [0.],
   [0.],
   [0.],
   [0.],
   [0.],
   [5.],
   [6.],
   [6.],
   [6.],
   [6.],
   [6.],
   [0.],
   [0.],
   [0.],
   [0.],
   [0.],
   [0.],
   [0.],
   [0.]],

  [[0.],
   [0.],
   [0.],
   [0.],
   [0.],
   [0.],
   [0.],
   [1.],
   [6.],
   [6.],
   [3.],
   [0.],
   [0.],
   [0.],
   [1.],
   [4.],
   [6.],
   [6.],
   [6.],
   [6.],
   [6.],
   [4.],
   [0.],
   [0.],
   [0.],
   [0.],
   [0.],
   [0.],
   [0.],
   [0.]],

  [[0.],
   [0.],
   [0.],
   [0.],
   [0.],
   [0.],
   [0.],
   [0.],
   [6.],
   [6.],
   [5.],
   [2.],
   [1.],
   [4.],
   [6.],
   [6.],
   [6.],
   [6.],
   [6.],
   [6.],
   [6.],
   [2.],
   [0.],
   [0.],
   [0.],
   [0.],
   [0.],
   [0.],
   [0.],
   [0.]],

  [[0.],
   [0.],
   [0.],
   [0.],
   [0.],
   [0.],
   [0.],
   [0.],
   [3.],
   [6.],
   [6.],
   [6.],
   [6.],
   [6.],
   [6.],
   [6.],
   [6.],
   [5.],
   [6.],
   [6.],
   [5.],
   [0.],
   [0.],
   [0.],
   [0.],
   [0.],
   [0.],
   [0.],
   [0.],
   [0.]],

  [[0.],
   [0.],
   [0.],
   [0.],
   [0.],
   [0.],
   [0.],
   [0.],
   [0.],
   [2.],
   [4.],
   [6.],
   [6.],
   [6.],
   [6.],
   [5.],
   [0.],
   [1.],
   [6.],
   [6.],
   [2.],
   [0.],
   [0.],
   [0.],
   [0.],
   [0.],
   [0.],
   [0.],
   [0.],
   [0.]],

  [[0.],
   [0.],
   [0.],
   [0.],
   [0.],
   [0.],
   [0.],
   [0.],
   [0.],
   [0.],
   [0.],
   [1.],
   [2.],
   [2.],
   [0.],
   [0.],
   [0.],
   [0.],
   [6.],
   [6.],
   [0.],
   [0.],
   [0.],
   [0.],
   [0.],
   [0.],
   [0.],
   [0.],
   [0.],
   [0.]],

  [[0.],
   [0.],
   [0.],
   [0.],
   [0.],
   [0.],
   [0.],
   [0.],
   [0.],
   [0.],
   [0.],
   [0.],
   [0.],
   [0.],
   [0.],
   [0.],
   [0.],
   [0.],
   [6.],
   [6.],
   [0.],
   [0.],
   [0.],
   [0.],
   [0.],
   [0.],
   [0.],
   [0.],
   [0.],
   [0.]],

  [[0.],
   [0.],
   [0.],
   [0.],
   [0.],
   [0.],
   [0.],
   [0.],
   [0.],
   [0.],
   [0.],
   [0.],
   [0.],
   [0.],
   [0.],
   [0.],
   [0.],
   [1.],
   [6.],
   [3.],
   [0.],
   [0.],
   [0.],
   [0.],
   [0.],
   [0.],
   [0.],
   [0.],
   [0.],
   [0.]],

  [[0.],
   [0.],
   [0.],
   [0.],
   [0.],
   [0.],
   [0.],
   [0.],
   [0.],
   [0.],
   [0.],
   [0.],
   [0.],
   [0.],
   [0.],
   [0.],
   [0.],
   [4.],
   [6.],
   [5.],
   [0.],
   [0.],
   [0.],
   [0.],
   [0.],
   [0.],
   [0.],
   [0.],
   [0.],
   [0.]],

  [[0.],
   [0.],
   [0.],
   [0.],
   [0.],
   [0.],
   [0.],
   [0.],
   [0.],
   [0.],
   [0.],
   [0.],
   [0.],
   [0.],
   [0.],
   [0.],
   [0.],
   [4.],
   [6.],
   [6.],
   [0.],
   [0.],
   [0.],
   [0.],
   [0.],
   [0.],
   [0.],
   [0.],
   [0.],
   [0.]],

  [[0.],
   [0.],
   [0.],
   [0.],
   [0.],
   [0.],
   [0.],
   [0.],
   [0.],
   [0.],
   [0.],
   [0.],
   [0.],
   [0.],
   [0.],
   [0.],
   [0.],
   [4.],
   [6.],
   [6.],
   [2.],
   [0.],
   [0.],
   [0.],
   [0.],
   [0.],
   [0.],
   [0.],
   [0.],
   [0.]],

  [[0.],
   [0.],
   [0.],
   [0.],
   [0.],
   [0.],
   [0.],
   [0.],
   [0.],
   [0.],
   [0.],
   [0.],
   [0.],
   [0.],
   [0.],
   [0.],
   [0.],
   [4.],
   [6.],
   [6.],
   [2.],
   [0.],
   [0.],
   [0.],
   [0.],
   [0.],
   [0.],
   [0.],
   [0.],
   [0.]],

  [[0.],
   [0.],
   [0.],
   [0.],
   [0.],
   [0.],
   [0.],
   [0.],
   [0.],
   [0.],
   [0.],
   [0.],
   [0.],
   [0.],
   [0.],
   [0.],
   [0.],
   [2.],
   [6.],
   [6.],
   [1.],
   [0.],
   [0.],
   [0.],
   [0.],
   [0.],
   [0.],
   [0.],
   [0.],
   [0.]],

  [[0.],
   [0.],
   [0.],
   [0.],
   [0.],
   [0.],
   [0.],
   [0.],
   [0.],
   [0.],
   [0.],
   [0.],
   [0.],
   [0.],
   [0.],
   [0.],
   [0.],
   [0.],
   [0.],
   [0.],
   [0.],
   [0.],
   [0.],
   [0.],
   [0.],
   [0.],
   [0.],
   [0.],
   [0.],
   [0.]],

  [[0.],
   [0.],
   [0.],
   [0.],
   [0.],
   [0.],
   [0.],
   [0.],
   [0.],
   [0.],
   [0.],
   [0.],
   [0.],
   [0.],
   [0.],
   [0.],
   [0.],
   [0.],
   [0.],
   [0.],
   [0.],
   [0.],
   [0.],
   [0.],
   [0.],
   [0.],
   [0.],
   [0.],
   [0.],
   [0.]],

  [[0.],
   [0.],
   [0.],
   [0.],
   [0.],
   [0.],
   [0.],
   [0.],
   [0.],
   [0.],
   [0.],
   [0.],
   [0.],
   [0.],
   [0.],
   [0.],
   [0.],
   [0.],
   [0.],
   [0.],
   [0.],
   [0.],
   [0.],
   [0.],
   [0.],
   [0.],
   [0.],
   [0.],
   [0.],
   [0.]]]]

🔹 Layer: conv2d_2
   📐 Output Shape: (1, 28, 28, 4)
   🔢 Output Values:
[[[[  0.,   0.,   0.,   0.],
   [  0.,   0.,   0.,   0.],
   [  0.,   0.,   0.,   0.],
   [  0.,   0.,   0.,   0.],
   [  0.,   0.,   0.,   0.],
   [  0.,   0.,   0.,   0.],
   [  0.,   0.,   0.,   0.],
   [  0.,   0.,   0.,   0.],
   [  0.,   0.,   0.,   0.],
   [  0.,   0.,   0.,   0.],
   [  0.,   0.,   0.,   0.],
   [  0.,   0.,   0.,   0.],
   [  0.,   0.,   0.,   0.],
   [  0.,   0.,   0.,   0.],
   [  0.,   0.,   0.,   0.],
   [  0.,   0.,   0.,   0.],
   [  0.,   0.,   0.,   0.],
   [  0.,   0.,   0.,   0.],
   [  0.,   0.,   0.,   0.],
   [  0.,   0.,   0.,   0.],
   [  0.,   0.,   0.,   0.],
   [  0.,   0.,   0.,   0.],
   [  0.,   0.,   0.,   0.],
   [  0.,   0.,   0.,   0.],
   [  0.,   0.,   0.,   0.],
   [  0.,   0.,   0.,   0.],
   [  0.,   0.,   0.,   0.],
   [  0.,   0.,   0.,   0.]],

  [[  0.,   0.,   0.,   0.],
   [  0.,   0.,   0.,   0.],
   [  0.,   0.,   0.,   0.],
   [  0.,   0.,   0.,   0.],
   [  0.,   0.,   0.,   0.],
   [  0.,   0.,   0.,   0.],
   [  0.,   0.,   0.,   0.],
   [  0.,   0.,   0.,   0.],
   [  0.,   0.,   0.,   0.],
   [  0.,   0.,   0.,   0.],
   [  0.,   0.,   0.,   0.],
   [  0.,   0.,   0.,   0.],
   [  0.,   0.,   0.,   0.],
   [  0.,   0.,   0.,   0.],
   [  0.,   0.,   0.,   0.],
   [  0.,   0.,   0.,   0.],
   [  0.,   0.,   0.,   0.],
   [  0.,   0.,   0.,   0.],
   [  0.,   0.,   0.,   0.],
   [  0.,   0.,   0.,   0.],
   [  0.,   0.,   0.,   0.],
   [  0.,   0.,   0.,   0.],
   [  0.,   0.,   0.,   0.],
   [  0.,   0.,   0.,   0.],
   [  0.,   0.,   0.,   0.],
   [  0.,   0.,   0.,   0.],
   [  0.,   0.,   0.,   0.],
   [  0.,   0.,   0.,   0.]],

  [[  0.,   0.,   0.,   0.],
   [  0.,   0.,   0.,   0.],
   [  0.,   0.,   0.,   0.],
   [  0.,   0.,   0.,   0.],
   [  0.,   0.,   0.,   0.],
   [  0.,   0.,   0.,   0.],
   [  0.,   0.,   0.,   0.],
   [  0.,   0.,   0.,   0.],
   [  0.,   0.,   0.,   0.],
   [  0.,   0.,   0.,   0.],
   [  0.,   0.,   0.,   0.],
   [  0.,   0.,   0.,   0.],
   [  0.,   0.,   0.,   0.],
   [  0.,   0.,   0.,   0.],
   [  0.,   0.,   0.,   0.],
   [  0.,   0.,   0.,   0.],
   [  0.,   0.,   0.,   0.],
   [  0.,   0.,   0.,   0.],
   [  0.,   0.,   0.,   0.],
   [  0.,   0.,   0.,   0.],
   [  0.,   0.,   0.,   0.],
   [  0.,   0.,   0.,   0.],
   [  0.,   0.,   0.,   0.],
   [  0.,   0.,   0.,   0.],
   [  0.,   0.,   0.,   0.],
   [  0.,   0.,   0.,   0.],
   [  0.,   0.,   0.,   0.],
   [  0.,   0.,   0.,   0.]],

  [[  0.,   0.,   0.,   0.],
   [  0.,   0.,   0.,   0.],
   [  0.,   0.,   0.,   0.],
   [  0.,   0.,   0.,   0.],
   [  0.,   0.,   0.,   0.],
   [  0.,   0.,   0.,   0.],
   [  0.,   0.,   0.,   0.],
   [  0.,   0.,   0.,   0.],
   [  0.,   0.,   0.,   0.],
   [  0.,   0.,   0.,   0.],
   [  0.,   0.,   0.,   0.],
   [  0.,   0.,   0.,   0.],
   [  0.,   0.,   0.,   0.],
   [  0.,   0.,   0.,   0.],
   [  0.,   0.,   0.,   0.],
   [  0.,   0.,   0.,   0.],
   [  0.,   0.,   0.,   0.],
   [  0.,   0.,   0.,   0.],
   [  0.,   0.,   0.,   0.],
   [  0.,   0.,   0.,   0.],
   [  0.,   0.,   0.,   0.],
   [  0.,   0.,   0.,   0.],
   [  0.,   0.,   0.,   0.],
   [  0.,   0.,   0.,   0.],
   [  0.,   0.,   0.,   0.],
   [  0.,   0.,   0.,   0.],
   [  0.,   0.,   0.,   0.],
   [  0.,   0.,   0.,   0.]],

  [[  0.,   0.,   0.,   0.],
   [  0.,   0.,   0.,   0.],
   [  0.,   0.,   0.,   0.],
   [  0.,   0.,   0.,   0.],
   [  0.,   0.,   0.,   0.],
   [  0.,   0.,   0.,   0.],
   [  0.,   0.,   0.,   0.],
   [  0.,   0.,   0.,   0.],
   [  0.,   0.,   0.,   0.],
   [  0.,   0.,   0.,   0.],
   [  0.,   0.,   0.,   0.],
   [  0.,   0.,   0.,   0.],
   [  0.,   0.,   0.,   0.],
   [  0.,   0.,   0.,   0.],
   [  0.,   0.,   0.,   0.],
   [  0.,   0.,   0.,   0.],
   [  0.,   0.,   0.,   0.],
   [  0.,   0.,   0.,   0.],
   [  0.,   0.,   0.,   0.],
   [  0.,   0.,   0.,   0.],
   [  0.,   0.,   0.,   0.],
   [  0.,   0.,   0.,   0.],
   [  0.,   0.,   0.,   0.],
   [  0.,   0.,   0.,   0.],
   [  0.,   0.,   0.,   0.],
   [  0.,   0.,   0.,   0.],
   [  0.,   0.,   0.,   0.],
   [  0.,   0.,   0.,   0.]],

  [[  0.,   0.,   0.,   0.],
   [  0.,   0.,   0.,   0.],
   [  0.,   0.,   0.,   0.],
   [  0.,   0.,   0.,   0.],
   [  0.,   0.,   0.,   0.],
   [  0.,   0.,   0.,   0.],
   [  0.,   0.,   0.,   0.],
   [  0.,   0.,   0.,   0.],
   [  0.,   0.,   0.,   0.],
   [  0.,   0.,   5.,   3.],
   [  0.,   0.,  12.,  13.],
   [  0.,   0.,  16.,  27.],
   [ 14.,   0.,   2.,  36.],
   [ 26.,   0.,   0.,  31.],
   [ 32.,   0.,   0.,  25.],
   [ 38.,   0.,   0.,  12.],
   [ 30.,   0.,   0.,   0.],
   [  6.,   0.,   0.,   0.],
   [  0.,   0.,   0.,   0.],
   [  0.,   0.,   0.,   0.],
   [  0.,   0.,   0.,   0.],
   [  0.,   0.,   0.,   0.],
   [  0.,   0.,   0.,   0.],
   [  0.,   0.,   0.,   0.],
   [  0.,   0.,   0.,   0.],
   [  0.,   0.,   0.,   0.],
   [  0.,   0.,   0.,   0.],
   [  0.,   0.,   0.,   0.]],

  [[  0.,   0.,   0.,   0.],
   [  0.,   0.,   0.,   0.],
   [  0.,   0.,   0.,   0.],
   [  0.,   0.,   0.,   0.],
   [  0.,   0.,   0.,   0.],
   [  0.,   0.,   0.,   0.],
   [  0.,   0.,   0.,   0.],
   [  0.,   0.,   5.,   3.],
   [  0.,   0.,  17.,  16.],
   [  5.,   0.,  16.,  36.],
   [ 23.,   0.,   0.,  47.],
   [ 29.,   0.,   0.,  53.],
   [ 24.,   0.,   0.,  50.],
   [ 33.,   0.,   0.,  31.],
   [ 35.,   0.,   0.,  19.],
   [ 32.,   0.,   0.,   2.],
   [ 44.,   0.,   0.,   0.],
   [ 51.,   0.,   0.,   0.],
   [  8.,   0.,   0.,   0.],
   [  0.,   0.,   0.,   0.],
   [  0.,   0.,   0.,   0.],
   [  0.,   0.,   0.,   0.],
   [  0.,   0.,   0.,   0.],
   [  0.,   0.,   0.,   0.],
   [  0.,   0.,   0.,   0.],
   [  0.,   0.,   0.,   0.],
   [  0.,   0.,   0.,   0.],
   [  0.,   0.,   0.,   0.]],

  [[  0.,   0.,   0.,   0.],
   [  0.,   0.,   0.,   0.],
   [  0.,   0.,   0.,   0.],
   [  0.,   0.,   0.,   0.],
   [  0.,   0.,   0.,   0.],
   [  0.,   0.,   0.,   0.],
   [  0.,   0.,   0.,   0.],
   [  0.,   0.,  28.,  20.],
   [ 12.,   0.,  20.,  60.],
   [ 15.,   0.,   0.,  63.],
   [ 12.,   0.,   0.,  52.],
   [ 19.,   0.,   0.,  46.],
   [ 39.,   0.,   0.,  38.],
   [ 64.,   0.,   0.,  22.],
   [ 77.,   0.,   0.,  12.],
   [ 91.,   0.,   0.,   0.],
   [ 84.,   0.,   0.,   0.],
   [ 67.,   0.,   0.,   0.],
   [ 44.,   0.,   0.,   0.],
   [  4.,   0.,   0.,   0.],
   [  0.,   0.,   0.,   0.],
   [  0.,   0.,   0.,   0.],
   [  0.,   0.,   0.,   0.],
   [  0.,   0.,   0.,   0.],
   [  0.,   0.,   0.,   0.],
   [  0.,   0.,   0.,   0.],
   [  0.,   0.,   0.,   0.],
   [  0.,   0.,   0.,   0.]],

  [[  0.,   0.,   0.,   0.],
   [  0.,   0.,   0.,   0.],
   [  0.,   0.,   0.,   0.],
   [  0.,   0.,   0.,   0.],
   [  0.,   0.,   0.,   0.],
   [  0.,   0.,   0.,   0.],
   [  0.,   0.,  15.,   9.],
   [  3.,   0.,  33.,  60.],
   [  0.,   0.,   0.,  92.],
   [ 18.,   0.,   0.,  52.],
   [ 56.,   0.,   0.,  25.],
   [ 72.,   0.,   0.,   5.],
   [ 66.,   0.,   0.,   0.],
   [ 54.,  17.,   0.,   0.],
   [ 28.,  20.,  15.,   3.],
   [ 42.,   0.,  18.,  28.],
   [ 74.,   0.,   0.,  14.],
   [ 86.,   0.,   0.,   0.],
   [ 88.,   0.,   0.,   0.],
   [ 20.,   0.,   0.,   0.],
   [  0.,   0.,   0.,   0.],
   [  0.,   0.,   0.,   0.],
   [  0.,   0.,   0.,   0.],
   [  0.,   0.,   0.,   0.],
   [  0.,   0.,   0.,   0.],
   [  0.,   0.,   0.,   0.],
   [  0.,   0.,   0.,   0.],
   [  0.,   0.,   0.,   0.]],

  [[  0.,   0.,   0.,   0.],
   [  0.,   0.,   0.,   0.],
   [  0.,   0.,   0.,   0.],
   [  0.,   0.,   0.,   0.],
   [  0.,   0.,   0.,   0.],
   [  0.,   0.,   0.,   0.],
   [  0.,   0.,  39.,  33.],
   [  0.,   0.,   0., 103.],
   [  5.,   0.,   0.,  70.],
   [ 71.,   0.,   0.,  14.],
   [ 69.,   0.,   0.,   0.],
   [ 45.,  27.,   0.,   0.],
   [ 40.,  48.,   0.,   0.],
   [ 39.,  51.,   0.,   0.],
   [ 47.,  49.,   6.,   7.],
   [  0.,  24.,   8.,  50.],
   [ 44.,   0.,   0.,  50.],
   [ 87.,   0.,   0.,   0.],
   [ 86.,   0.,   0.,   0.],
   [ 69.,   0.,   0.,   0.],
   [  6.,   0.,   0.,   0.],
   [  0.,   0.,   0.,   0.],
   [  0.,   0.,   0.,   0.],
   [  0.,   0.,   0.,   0.],
   [  0.,   0.,   0.,   0.],
   [  0.,   0.,   0.,   0.],
   [  0.,   0.,   0.,   0.],
   [  0.,   0.,   0.,   0.]],

  [[  0.,   0.,   0.,   0.],
   [  0.,   0.,   0.,   0.],
   [  0.,   0.,   0.,   0.],
   [  0.,   0.,   0.,   0.],
   [  0.,   0.,   0.,   0.],
   [  0.,   0.,   0.,   0.],
   [  0.,   0.,  39.,  63.],
   [  0.,   0.,   0., 111.],
   [ 57.,   0.,   0.,  24.],
   [ 63.,   0.,   0.,   0.],
   [ 54.,  24.,   0.,   0.],
   [ 59.,  31.,  14.,   0.],
   [ 41.,  17.,   0.,   0.],
   [ 25.,   5.,   1.,   0.],
   [  0.,  25.,   0.,  15.],
   [  0.,  30.,  14.,  62.],
   [  0.,   8.,   0.,  72.],
   [ 64.,   0.,   5.,  25.],
   [ 89.,   0.,   0.,   0.],
   [ 95.,   0.,   0.,   0.],
   [ 27.,   0.,   0.,   0.],
   [  0.,   0.,   0.,   0.],
   [  0.,   0.,   0.,   0.],
   [  0.,   0.,   0.,   0.],
   [  0.,   0.,   0.,   0.],
   [  0.,   0.,   0.,   0.],
   [  0.,   0.,   0.,   0.],
   [  0.,   0.,   0.,   0.]],

  [[  0.,   0.,   0.,   0.],
   [  0.,   0.,   0.,   0.],
   [  0.,   0.,   0.,   0.],
   [  0.,   0.,   0.,   0.],
   [  0.,   0.,   0.,   0.],
   [  0.,   0.,  10.,   6.],
   [  0.,   0.,  24.,  86.],
   [  0.,   0.,   0., 102.],
   [ 81.,   0.,   0.,   0.],
   [ 72.,   0.,   0.,   0.],
   [ 69.,   9.,  21.,   0.],
   [ 21.,   3.,   0.,   0.],
   [  0.,   0.,   0.,   0.],
   [  0.,   0.,   0.,   0.],
   [  0.,   0.,   0.,   0.],
   [  0.,  10.,  18.,  58.],
   [  6.,   0.,   4., 100.],
   [ 46.,   0.,   0.,  46.],
   [ 84.,   0.,   0.,   3.],
   [ 80.,   0.,   0.,   0.],
   [ 87.,   0.,   0.,   0.],
   [  8.,   0.,   0.,   0.],
   [  0.,   0.,   0.,   0.],
   [  0.,   0.,   0.,   0.],
   [  0.,   0.,   0.,   0.],
   [  0.,   0.,   0.,   0.],
   [  0.,   0.,   0.,   0.],
   [  0.,   0.,   0.,   0.]],

  [[  0.,   0.,   0.,   0.],
   [  0.,   0.,   0.,   0.],
   [  0.,   0.,   0.,   0.],
   [  0.,   0.,   0.,   0.],
   [  0.,   0.,   0.,   0.],
   [  0.,   0.,  21.,  19.],
   [  0.,   0.,   7.,  94.],
   [  0.,   0.,   0.,  85.],
   [ 90.,   0.,   0.,   0.],
   [ 96.,   0.,   9.,   0.],
   [ 21.,   3.,   0.,   0.],
   [  0.,   0.,   0.,   0.],
   [  0.,   0.,   0.,   0.],
   [  0.,   0.,   0.,   0.],
   [  0.,   0.,  25.,  15.],
   [ 12.,   0.,  27.,  78.],
   [  0.,   0.,   0.,  97.],
   [ 38.,   0.,   0.,  38.],
   [ 66.,   0.,   0.,  18.],
   [ 96.,   0.,   0.,   0.],
   [ 96.,   0.,   0.,   0.],
   [ 32.,   0.,   0.,   0.],
   [  0.,   0.,   0.,   0.],
   [  0.,   0.,   0.,   0.],
   [  0.,   0.,   0.,   0.],
   [  0.,   0.,   0.,   0.],
   [  0.,   0.,   0.,   0.],
   [  0.,   0.,   0.,   0.]],

  [[  0.,   0.,   0.,   0.],
   [  0.,   0.,   0.,   0.],
   [  0.,   0.,   0.,   0.],
   [  0.,   0.,   0.,   0.],
   [  0.,   0.,   0.,   0.],
   [  0.,   5.,   8.,  28.],
   [  0.,   3.,   8.,  86.],
   [ 13.,   0.,   0.,  74.],
   [ 96.,   0.,   0.,   0.],
   [102.,   0.,   0.,   0.],
   [  6.,   0.,   0.,   0.],
   [  0.,   0.,   0.,   0.],
   [  0.,   0.,   5.,   3.],
   [  0.,   0.,  17.,  16.],
   [ 17.,   0.,  28.,  56.],
   [  0.,   0.,   0., 100.],
   [ 19.,   0.,   0.,  55.],
   [ 66.,   0.,   0.,  18.],
   [ 66.,   0.,   0.,  18.],
   [ 86.,   0.,   0.,   2.],
   [ 88.,   0.,   0.,   0.],
   [ 66.,   0.,  16.,   0.],
   [  0.,   0.,   0.,   0.],
   [  0.,   0.,   0.,   0.],
   [  0.,   0.,   0.,   0.],
   [  0.,   0.,   0.,   0.],
   [  0.,   0.,   0.,   0.],
   [  0.,   0.,   0.,   0.]],

  [[  0.,   0.,   0.,   0.],
   [  0.,   0.,   0.,   0.],
   [  0.,   0.,   0.,   0.],
   [  0.,   0.,   0.,   0.],
   [  0.,   0.,   0.,   0.],
   [  0.,  17.,   0.,  20.],
   [  0.,  12.,  26.,  77.],
   [  8.,   0.,   0.,  86.],
   [ 97.,   0.,   0.,   0.],
   [ 88.,   0.,   0.,   0.],
   [ 33.,   0.,   0.,   0.],
   [  0.,   0.,   7.,  10.],
   [  5.,   0.,  16.,  36.],
   [ 26.,   0.,   0.,  52.],
   [  0.,   0.,   0.,  80.],
   [ 10.,   0.,   0.,  63.],
   [ 59.,   0.,   0.,  23.],
   [ 66.,   0.,   0.,  18.],
   [ 66.,   0.,   0.,  18.],
   [ 76.,   0.,   0.,   0.],
   [ 96.,   0.,   0.,   0.],
   [ 66.,   0.,  14.,   0.],
   [  0.,   0.,   0.,   0.],
   [  0.,   0.,   0.,   0.],
   [  0.,   0.,   0.,   0.],
   [  0.,   0.,   0.,   0.],
   [  0.,   0.,   0.,   0.],
   [  0.,   0.,   0.,   0.]],

  [[  0.,   0.,   0.,   0.],
   [  0.,   0.,   0.,   0.],
   [  0.,   0.,   0.,   0.],
   [  0.,   0.,   0.,   0.],
   [  0.,   0.,   0.,   0.],
   [  0.,   6.,   0.,   5.],
   [  0.,  20.,  16.,  68.],
   [  0.,   0.,   0.,  91.],
   [ 75.,   0.,   3.,   7.],
   [ 84.,   0.,   0.,   0.],
   [ 61.,   0.,   1.,   0.],
   [ 40.,   0.,   0.,  32.],
   [ 17.,   0.,   0.,  60.],
   [  6.,   0.,   0.,  57.],
   [ 23.,   0.,   0.,  45.],
   [ 56.,   0.,   0.,  25.],
   [ 60.,   0.,   0.,  14.],
   [ 64.,   0.,   0.,  21.],
   [ 70.,   0.,   0.,  15.],
   [ 84.,   0.,   0.,   0.],
   [ 86.,   0.,   1.,   0.],
   [ 38.,   2.,  12.,   0.],
   [  0.,   0.,   0.,   0.],
   [  0.,   0.,   0.,   0.],
   [  0.,   0.,   0.,   0.],
   [  0.,   0.,   0.,   0.],
   [  0.,   0.,   0.,   0.],
   [  0.,   0.,   0.,   0.]],

  [[  0.,   0.,   0.,   0.],
   [  0.,   0.,   0.,   0.],
   [  0.,   0.,   0.,   0.],
   [  0.,   0.,   0.,   0.],
   [  0.,   0.,   0.,   0.],
   [  0.,   0.,   0.,   0.],
   [  0.,  33.,   0.,  45.],
   [  0.,  34.,   0.,  66.],
   [ 29.,   9.,   0.,  30.],
   [ 66.,   0.,  19.,   3.],
   [ 69.,   0.,   3.,   8.],
   [ 30.,   0.,   0.,  33.],
   [ 23.,   0.,   0.,  45.],
   [ 56.,   0.,   0.,  25.],
   [ 84.,   0.,   0.,   0.],
   [ 45.,   9.,   0.,   0.],
   [ 30.,  11.,  34.,  14.],
   [ 51.,   0.,   1.,  40.],
   [ 79.,   0.,   0.,   1.],
   [ 78.,   0.,   0.,   0.],
   [ 79.,   0.,  22.,   0.],
   [ 14.,   2.,   0.,   0.],
   [  0.,   0.,   0.,   0.],
   [  0.,   0.,   0.,   0.],
   [  0.,   0.,   0.,   0.],
   [  0.,   0.,   0.,   0.],
   [  0.,   0.,   0.,   0.],
   [  0.,   0.,   0.,   0.]],

  [[  0.,   0.,   0.,   0.],
   [  0.,   0.,   0.,   0.],
   [  0.,   0.,   0.,   0.],
   [  0.,   0.,   0.,   0.],
   [  0.,   0.,   0.,   0.],
   [  0.,   0.,   0.,   0.],
   [  0.,  18.,   0.,  15.],
   [  0.,  40.,   0.,  37.],
   [  9.,  47.,   0.,  33.],
   [ 30.,  42.,   0.,  21.],
   [ 30.,  29.,   0.,  18.],
   [ 48.,  14.,   0.,   5.],
   [ 58.,  16.,   0.,   0.],
   [ 43.,  31.,   0.,   0.],
   [ 30.,  48.,   0.,   0.],
   [ 64.,  42.,  24.,   0.],
   [ 14.,  22.,  28.,  45.],
   [ 22.,   0.,   0.,  76.],
   [ 84.,   0.,   0.,   0.],
   [ 92.,   0.,   0.,   0.],
   [ 45.,   3.,  12.,   0.],
   [  0.,   0.,   0.,   0.],
   [  0.,   0.,   0.,   0.],
   [  0.,   0.,   0.,   0.],
   [  0.,   0.,   0.,   0.],
   [  0.,   0.,   0.,   0.],
   [  0.,   0.,   0.,   0.],
   [  0.,   0.,   0.,   0.]],

  [[  0.,   0.,   0.,   0.],
   [  0.,   0.,   0.,   0.],
   [  0.,   0.,   0.,   0.],
   [  0.,   0.,   0.,   0.],
   [  0.,   0.,   0.,   0.],
   [  0.,   0.,   0.,   0.],
   [  0.,   0.,   0.,   0.],
   [  0.,  12.,   0.,  10.],
   [  0.,  28.,   0.,  18.],
   [  0.,  45.,   0.,  21.],
   [ 16.,  50.,   0.,  16.],
   [ 29.,  51.,   0.,   1.],
   [ 28.,  52.,   0.,   0.],
   [ 46.,  46.,   3.,   0.],
   [ 62.,  16.,   5.,   0.],
   [ 29.,  11.,   0.,   0.],
   [  0.,   8.,  31.,  77.],
   [  0.,   0.,   0., 103.],
   [ 96.,   0.,   0.,   0.],
   [ 92.,   0.,   8.,   0.],
   [ 14.,   2.,   0.,   0.],
   [  0.,   0.,   0.,   0.],
   [  0.,   0.,   0.,   0.],
   [  0.,   0.,   0.,   0.],
   [  0.,   0.,   0.,   0.],
   [  0.,   0.,   0.,   0.],
   [  0.,   0.,   0.,   0.],
   [  0.,   0.,   0.,   0.]],

  [[  0.,   0.,   0.,   0.],
   [  0.,   0.,   0.,   0.],
   [  0.,   0.,   0.,   0.],
   [  0.,   0.,   0.,   0.],
   [  0.,   0.,   0.,   0.],
   [  0.,   0.,   0.,   0.],
   [  0.,   0.,   0.,   0.],
   [  0.,   0.,   0.,   0.],
   [  0.,   0.,   0.,   0.],
   [  0.,   6.,   0.,   5.],
   [  0.,  14.,   0.,   9.],
   [  3.,  17.,   0.,   3.],
   [ 22.,   6.,   2.,   0.],
   [ 14.,   2.,   0.,   0.],
   [  0.,   0.,   0.,   0.],
   [  0.,   0.,   5.,   3.],
   [  0.,   0.,  27.,  82.],
   [  0.,   0.,   0.,  96.],
   [ 90.,   0.,   0.,   0.],
   [ 78.,   0.,  21.,   0.],
   [  0.,   0.,   0.,   0.],
   [  0.,   0.,   0.,   0.],
   [  0.,   0.,   0.,   0.],
   [  0.,   0.,   0.,   0.],
   [  0.,   0.,   0.,   0.],
   [  0.,   0.,   0.,   0.],
   [  0.,   0.,   0.,   0.],
   [  0.,   0.,   0.,   0.]],

  [[  0.,   0.,   0.,   0.],
   [  0.,   0.,   0.,   0.],
   [  0.,   0.,   0.,   0.],
   [  0.,   0.,   0.,   0.],
   [  0.,   0.,   0.,   0.],
   [  0.,   0.,   0.,   0.],
   [  0.,   0.,   0.,   0.],
   [  0.,   0.,   0.,   0.],
   [  0.,   0.,   0.,   0.],
   [  0.,   0.,   0.,   0.],
   [  0.,   0.,   0.,   0.],
   [  0.,   0.,   0.,   0.],
   [  0.,   0.,   0.,   0.],
   [  0.,   0.,   0.,   0.],
   [  0.,   0.,   0.,   0.],
   [  0.,   0.,  23.,  17.],
   [  0.,   0.,  11.,  96.],
   [  0.,   0.,   0.,  71.],
   [120.,   0.,   0.,   0.],
   [ 67.,   0.,   0.,   0.],
   [  0.,   0.,   0.,   0.],
   [  0.,   0.,   0.,   0.],
   [  0.,   0.,   0.,   0.],
   [  0.,   0.,   0.,   0.],
   [  0.,   0.,   0.,   0.],
   [  0.,   0.,   0.,   0.],
   [  0.,   0.,   0.,   0.],
   [  0.,   0.,   0.,   0.]],

  [[  0.,   0.,   0.,   0.],
   [  0.,   0.,   0.,   0.],
   [  0.,   0.,   0.,   0.],
   [  0.,   0.,   0.,   0.],
   [  0.,   0.,   0.,   0.],
   [  0.,   0.,   0.,   0.],
   [  0.,   0.,   0.,   0.],
   [  0.,   0.,   0.,   0.],
   [  0.,   0.,   0.,   0.],
   [  0.,   0.,   0.,   0.],
   [  0.,   0.,   0.,   0.],
   [  0.,   0.,   0.,   0.],
   [  0.,   0.,   0.,   0.],
   [  0.,   0.,   0.,   0.],
   [  0.,   0.,   0.,   0.],
   [  0.,   0.,  29.,  37.],
   [  0.,   0.,   0., 101.],
   [ 32.,   0.,   0.,  43.],
   [102.,   0.,   0.,   0.],
   [ 58.,   0.,   0.,   0.],
   [  0.,   0.,   0.,   0.],
   [  0.,   0.,   0.,   0.],
   [  0.,   0.,   0.,   0.],
   [  0.,   0.,   0.,   0.],
   [  0.,   0.,   0.,   0.],
   [  0.,   0.,   0.,   0.],
   [  0.,   0.,   0.,   0.],
   [  0.,   0.,   0.,   0.]],

  [[  0.,   0.,   0.,   0.],
   [  0.,   0.,   0.,   0.],
   [  0.,   0.,   0.,   0.],
   [  0.,   0.,   0.,   0.],
   [  0.,   0.,   0.,   0.],
   [  0.,   0.,   0.,   0.],
   [  0.,   0.,   0.,   0.],
   [  0.,   0.,   0.,   0.],
   [  0.,   0.,   0.,   0.],
   [  0.,   0.,   0.,   0.],
   [  0.,   0.,   0.,   0.],
   [  0.,   0.,   0.,   0.],
   [  0.,   0.,   0.,   0.],
   [  0.,   0.,   0.,   0.],
   [  0.,   0.,   0.,   0.],
   [  0.,   4.,  20.,  52.],
   [  0.,   0.,   0.,  98.],
   [ 44.,   0.,   0.,  43.],
   [ 96.,   0.,   0.,   0.],
   [ 89.,   0.,   0.,   0.],
   [  4.,   0.,   0.,   0.],
   [  0.,   0.,   0.,   0.],
   [  0.,   0.,   0.,   0.],
   [  0.,   0.,   0.,   0.],
   [  0.,   0.,   0.,   0.],
   [  0.,   0.,   0.,   0.],
   [  0.,   0.,   0.,   0.],
   [  0.,   0.,   0.,   0.]],

  [[  0.,   0.,   0.,   0.],
   [  0.,   0.,   0.,   0.],
   [  0.,   0.,   0.,   0.],
   [  0.,   0.,   0.,   0.],
   [  0.,   0.,   0.,   0.],
   [  0.,   0.,   0.,   0.],
   [  0.,   0.,   0.,   0.],
   [  0.,   0.,   0.,   0.],
   [  0.,   0.,   0.,   0.],
   [  0.,   0.,   0.,   0.],
   [  0.,   0.,   0.,   0.],
   [  0.,   0.,   0.,   0.],
   [  0.,   0.,   0.,   0.],
   [  0.,   0.,   0.,   0.],
   [  0.,   0.,   0.,   0.],
   [  0.,   4.,  20.,  52.],
   [  0.,   0.,   0.,  98.],
   [ 38.,   0.,   0.,  48.],
   [106.,   0.,   0.,   0.],
   [ 84.,   0.,   0.,   0.],
   [ 14.,   0.,   2.,   0.],
   [  0.,   0.,   0.,   0.],
   [  0.,   0.,   0.,   0.],
   [  0.,   0.,   0.,   0.],
   [  0.,   0.,   0.,   0.],
   [  0.,   0.,   0.,   0.],
   [  0.,   0.,   0.,   0.],
   [  0.,   0.,   0.,   0.]],

  [[  0.,   0.,   0.,   0.],
   [  0.,   0.,   0.,   0.],
   [  0.,   0.,   0.,   0.],
   [  0.,   0.,   0.,   0.],
   [  0.,   0.,   0.,   0.],
   [  0.,   0.,   0.,   0.],
   [  0.,   0.,   0.,   0.],
   [  0.,   0.,   0.,   0.],
   [  0.,   0.,   0.,   0.],
   [  0.,   0.,   0.,   0.],
   [  0.,   0.,   0.,   0.],
   [  0.,   0.,   0.,   0.],
   [  0.,   0.,   0.,   0.],
   [  0.,   0.,   0.,   0.],
   [  0.,   0.,   0.,   0.],
   [  0.,  12.,  10.,  46.],
   [  0.,   0.,   0.,  90.],
   [ 34.,   0.,   0.,  54.],
   [ 98.,   0.,   0.,   0.],
   [ 86.,   0.,   0.,   0.],
   [ 26.,   0.,   7.,   0.],
   [  0.,   0.,   0.,   0.],
   [  0.,   0.,   0.,   0.],
   [  0.,   0.,   0.,   0.],
   [  0.,   0.,   0.,   0.],
   [  0.,   0.,   0.,   0.],
   [  0.,   0.,   0.,   0.],
   [  0.,   0.,   0.,   0.]],

  [[  0.,   0.,   0.,   0.],
   [  0.,   0.,   0.,   0.],
   [  0.,   0.,   0.,   0.],
   [  0.,   0.,   0.,   0.],
   [  0.,   0.,   0.,   0.],
   [  0.,   0.,   0.,   0.],
   [  0.,   0.,   0.,   0.],
   [  0.,   0.,   0.,   0.],
   [  0.,   0.,   0.,   0.],
   [  0.,   0.,   0.,   0.],
   [  0.,   0.,   0.,   0.],
   [  0.,   0.,   0.,   0.],
   [  0.,   0.,   0.,   0.],
   [  0.,   0.,   0.,   0.],
   [  0.,   0.,   0.,   0.],
   [  0.,  22.,   0.,  30.],
   [  0.,  38.,   0.,  60.],
   [  8.,  44.,   0.,  32.],
   [ 51.,  23.,   0.,   0.],
   [ 74.,   4.,  31.,   0.],
   [ 19.,   1.,   6.,   0.],
   [  0.,   0.,   0.,   0.],
   [  0.,   0.,   0.,   0.],
   [  0.,   0.,   0.,   0.],
   [  0.,   0.,   0.,   0.],
   [  0.,   0.,   0.,   0.],
   [  0.,   0.,   0.,   0.],
   [  0.,   0.,   0.,   0.]],

  [[  0.,   0.,   0.,   0.],
   [  0.,   0.,   0.,   0.],
   [  0.,   0.,   0.,   0.],
   [  0.,   0.,   0.,   0.],
   [  0.,   0.,   0.,   0.],
   [  0.,   0.,   0.,   0.],
   [  0.,   0.,   0.,   0.],
   [  0.,   0.,   0.,   0.],
   [  0.,   0.,   0.,   0.],
   [  0.,   0.,   0.,   0.],
   [  0.,   0.,   0.,   0.],
   [  0.,   0.,   0.,   0.],
   [  0.,   0.,   0.,   0.],
   [  0.,   0.,   0.,   0.],
   [  0.,   0.,   0.,   0.],
   [  0.,  12.,   0.,  10.],
   [  0.,  40.,   0.,  28.],
   [  2.,  50.,   0.,  14.],
   [ 60.,  24.,   3.,   0.],
   [ 46.,   8.,   1.,   0.],
   [  7.,   1.,   0.,   0.],
   [  0.,   0.,   0.,   0.],
   [  0.,   0.,   0.,   0.],
   [  0.,   0.,   0.,   0.],
   [  0.,   0.,   0.,   0.],
   [  0.,   0.,   0.,   0.],
   [  0.,   0.,   0.,   0.],
   [  0.,   0.,   0.,   0.]],

  [[  0.,   0.,   0.,   0.],
   [  0.,   0.,   0.,   0.],
   [  0.,   0.,   0.,   0.],
   [  0.,   0.,   0.,   0.],
   [  0.,   0.,   0.,   0.],
   [  0.,   0.,   0.,   0.],
   [  0.,   0.,   0.,   0.],
   [  0.,   0.,   0.,   0.],
   [  0.,   0.,   0.,   0.],
   [  0.,   0.,   0.,   0.],
   [  0.,   0.,   0.,   0.],
   [  0.,   0.,   0.,   0.],
   [  0.,   0.,   0.,   0.],
   [  0.,   0.,   0.,   0.],
   [  0.,   0.,   0.,   0.],
   [  0.,   0.,   0.,   0.],
   [  0.,   0.,   0.,   0.],
   [  0.,   0.,   0.,   0.],
   [  0.,   0.,   0.,   0.],
   [  0.,   0.,   0.,   0.],
   [  0.,   0.,   0.,   0.],
   [  0.,   0.,   0.,   0.],
   [  0.,   0.,   0.,   0.],
   [  0.,   0.,   0.,   0.],
   [  0.,   0.,   0.,   0.],
   [  0.,   0.,   0.,   0.],
   [  0.,   0.,   0.,   0.],
   [  0.,   0.,   0.,   0.]]]]

🔹 Layer: average_pooling2d_2
   📐 Output Shape: (1, 14, 14, 4)
   🔢 Output Values:
[[[[ 0.  ,  0.  ,  0.  ,  0.  ],
   [ 0.  ,  0.  ,  0.  ,  0.  ],
   [ 0.  ,  0.  ,  0.  ,  0.  ],
   [ 0.  ,  0.  ,  0.  ,  0.  ],
   [ 0.  ,  0.  ,  0.  ,  0.  ],
   [ 0.  ,  0.  ,  0.  ,  0.  ],
   [ 0.  ,  0.  ,  0.  ,  0.  ],
   [ 0.  ,  0.  ,  0.  ,  0.  ],
   [ 0.  ,  0.  ,  0.  ,  0.  ],
   [ 0.  ,  0.  ,  0.  ,  0.  ],
   [ 0.  ,  0.  ,  0.  ,  0.  ],
   [ 0.  ,  0.  ,  0.  ,  0.  ],
   [ 0.  ,  0.  ,  0.  ,  0.  ],
   [ 0.  ,  0.  ,  0.  ,  0.  ]],

  [[ 0.  ,  0.  ,  0.  ,  0.  ],
   [ 0.  ,  0.  ,  0.  ,  0.  ],
   [ 0.  ,  0.  ,  0.  ,  0.  ],
   [ 0.  ,  0.  ,  0.  ,  0.  ],
   [ 0.  ,  0.  ,  0.  ,  0.  ],
   [ 0.  ,  0.  ,  0.  ,  0.  ],
   [ 0.  ,  0.  ,  0.  ,  0.  ],
   [ 0.  ,  0.  ,  0.  ,  0.  ],
   [ 0.  ,  0.  ,  0.  ,  0.  ],
   [ 0.  ,  0.  ,  0.  ,  0.  ],
   [ 0.  ,  0.  ,  0.  ,  0.  ],
   [ 0.  ,  0.  ,  0.  ,  0.  ],
   [ 0.  ,  0.  ,  0.  ,  0.  ],
   [ 0.  ,  0.  ,  0.  ,  0.  ]],

  [[ 0.  ,  0.  ,  0.  ,  0.  ],
   [ 0.  ,  0.  ,  0.  ,  0.  ],
   [ 0.  ,  0.  ,  0.  ,  0.  ],
   [ 0.  ,  0.  ,  0.  ,  0.  ],
   [ 0.  ,  0.  ,  1.25,  0.75],
   [ 0.  ,  0.  ,  7.  , 10.  ],
   [10.  ,  0.  ,  0.5 , 16.75],
   [17.5 ,  0.  ,  0.  ,  9.25],
   [ 9.  ,  0.  ,  0.  ,  0.  ],
   [ 0.  ,  0.  ,  0.  ,  0.  ],
   [ 0.  ,  0.  ,  0.  ,  0.  ],
   [ 0.  ,  0.  ,  0.  ,  0.  ],
   [ 0.  ,  0.  ,  0.  ,  0.  ],
   [ 0.  ,  0.  ,  0.  ,  0.  ]],

  [[ 0.  ,  0.  ,  0.  ,  0.  ],
   [ 0.  ,  0.  ,  0.  ,  0.  ],
   [ 0.  ,  0.  ,  0.  ,  0.  ],
   [ 0.  ,  0.  ,  8.25,  5.75],
   [ 8.  ,  0.  , 13.25, 43.75],
   [20.75,  0.  ,  0.  , 49.5 ],
   [40.  ,  0.  ,  0.  , 35.25],
   [58.75,  0.  ,  0.  ,  8.25],
   [61.5 ,  0.  ,  0.  ,  0.  ],
   [14.  ,  0.  ,  0.  ,  0.  ],
   [ 0.  ,  0.  ,  0.  ,  0.  ],
   [ 0.  ,  0.  ,  0.  ,  0.  ],
   [ 0.  ,  0.  ,  0.  ,  0.  ],
   [ 0.  ,  0.  ,  0.  ,  0.  ]],

  [[ 0.  ,  0.  ,  0.  ,  0.  ],
   [ 0.  ,  0.  ,  0.  ,  0.  ],
   [ 0.  ,  0.  ,  0.  ,  0.  ],
   [ 0.75,  0.  , 21.75, 51.25],
   [23.5 ,  0.  ,  0.  , 57.  ],
   [60.5 ,  6.75,  0.  ,  7.5 ],
   [49.75, 29.  ,  0.  ,  0.  ],
   [29.25, 23.25, 11.75, 22.  ],
   [72.75,  0.  ,  0.  , 16.  ],
   [65.75,  0.  ,  0.  ,  0.  ],
   [ 1.5 ,  0.  ,  0.  ,  0.  ],
   [ 0.  ,  0.  ,  0.  ,  0.  ],
   [ 0.  ,  0.  ,  0.  ,  0.  ],
   [ 0.  ,  0.  ,  0.  ,  0.  ]],

  [[ 0.  ,  0.  ,  0.  ,  0.  ],
   [ 0.  ,  0.  ,  0.  ,  0.  ],
   [ 0.  ,  0.  ,  2.5 ,  1.5 ],
   [ 0.  ,  0.  , 15.75, 90.5 ],
   [68.25,  0.  ,  0.  ,  6.  ],
   [50.75, 16.75,  8.75,  0.  ],
   [16.5 ,  5.5 ,  0.25,  0.  ],
   [ 0.  , 16.25,  8.  , 33.75],
   [29.  ,  2.  ,  2.25, 60.75],
   [87.  ,  0.  ,  0.  ,  0.75],
   [30.5 ,  0.  ,  0.  ,  0.  ],
   [ 0.  ,  0.  ,  0.  ,  0.  ],
   [ 0.  ,  0.  ,  0.  ,  0.  ],
   [ 0.  ,  0.  ,  0.  ,  0.  ]],

  [[ 0.  ,  0.  ,  0.  ,  0.  ],
   [ 0.  ,  0.  ,  0.  ,  0.  ],
   [ 0.  ,  1.25,  7.25, 11.75],
   [ 3.25,  0.75,  3.75, 84.75],
   [96.  ,  0.  ,  2.25,  0.  ],
   [ 6.75,  0.75,  0.  ,  0.  ],
   [ 0.  ,  0.  ,  5.5 ,  4.75],
   [ 7.25,  0.  , 20.  , 62.25],
   [30.75,  0.  ,  0.  , 52.  ],
   [78.5 ,  0.  ,  0.  ,  9.5 ],
   [70.5 ,  0.  ,  4.  ,  0.  ],
   [ 0.  ,  0.  ,  0.  ,  0.  ],
   [ 0.  ,  0.  ,  0.  ,  0.  ],
   [ 0.  ,  0.  ,  0.  ,  0.  ]],

  [[ 0.  ,  0.  ,  0.  ,  0.  ],
   [ 0.  ,  0.  ,  0.  ,  0.  ],
   [ 0.  ,  5.75,  0.  ,  6.25],
   [ 2.  ,  8.  , 10.5 , 80.5 ],
   [86.  ,  0.  ,  0.75,  1.75],
   [33.5 ,  0.  ,  2.  , 10.5 ],
   [13.5 ,  0.  ,  4.  , 51.25],
   [22.25,  0.  ,  0.  , 53.25],
   [62.25,  0.  ,  0.  , 19.  ],
   [74.  ,  0.  ,  0.  ,  8.25],
   [71.5 ,  0.5 ,  6.75,  0.  ],
   [ 0.  ,  0.  ,  0.  ,  0.  ],
   [ 0.  ,  0.  ,  0.  ,  0.  ],
   [ 0.  ,  0.  ,  0.  ,  0.  ]],

  [[ 0.  ,  0.  ,  0.  ,  0.  ],
   [ 0.  ,  0.  ,  0.  ,  0.  ],
   [ 0.  ,  0.  ,  0.  ,  0.  ],
   [ 0.  , 31.25,  0.  , 40.75],
   [33.5 , 24.5 ,  4.75, 21.75],
   [44.25, 10.75,  0.75, 16.  ],
   [45.  , 11.75,  0.  , 17.5 ],
   [55.75, 24.75,  6.  ,  0.  ],
   [29.25,  8.25, 15.75, 43.75],
   [83.25,  0.  ,  0.  ,  0.25],
   [34.5 ,  1.25,  8.5 ,  0.  ],
   [ 0.  ,  0.  ,  0.  ,  0.  ],
   [ 0.  ,  0.  ,  0.  ,  0.  ],
   [ 0.  ,  0.  ,  0.  ,  0.  ]],

  [[ 0.  ,  0.  ,  0.  ,  0.  ],
   [ 0.  ,  0.  ,  0.  ,  0.  ],
   [ 0.  ,  0.  ,  0.  ,  0.  ],
   [ 0.  ,  3.  ,  0.  ,  2.5 ],
   [ 0.  , 19.75,  0.  , 11.  ],
   [12.  , 33.  ,  0.  ,  7.25],
   [27.5 , 26.5 ,  1.25,  0.  ],
   [22.75,  6.75,  2.5 ,  0.75],
   [ 0.  ,  2.  , 14.5 , 89.5 ],
   [89.  ,  0.  ,  7.25,  0.  ],
   [ 3.5 ,  0.5 ,  0.  ,  0.  ],
   [ 0.  ,  0.  ,  0.  ,  0.  ],
   [ 0.  ,  0.  ,  0.  ,  0.  ],
   [ 0.  ,  0.  ,  0.  ,  0.  ]],

  [[ 0.  ,  0.  ,  0.  ,  0.  ],
   [ 0.  ,  0.  ,  0.  ,  0.  ],
   [ 0.  ,  0.  ,  0.  ,  0.  ],
   [ 0.  ,  0.  ,  0.  ,  0.  ],
   [ 0.  ,  0.  ,  0.  ,  0.  ],
   [ 0.  ,  0.  ,  0.  ,  0.  ],
   [ 0.  ,  0.  ,  0.  ,  0.  ],
   [ 0.  ,  0.  , 13.  , 13.5 ],
   [ 8.  ,  0.  ,  2.75, 77.75],
   [86.75,  0.  ,  0.  ,  0.  ],
   [ 0.  ,  0.  ,  0.  ,  0.  ],
   [ 0.  ,  0.  ,  0.  ,  0.  ],
   [ 0.  ,  0.  ,  0.  ,  0.  ],
   [ 0.  ,  0.  ,  0.  ,  0.  ]],

  [[ 0.  ,  0.  ,  0.  ,  0.  ],
   [ 0.  ,  0.  ,  0.  ,  0.  ],
   [ 0.  ,  0.  ,  0.  ,  0.  ],
   [ 0.  ,  0.  ,  0.  ,  0.  ],
   [ 0.  ,  0.  ,  0.  ,  0.  ],
   [ 0.  ,  0.  ,  0.  ,  0.  ],
   [ 0.  ,  0.  ,  0.  ,  0.  ],
   [ 0.  ,  2.  , 10.  , 26.  ],
   [20.5 ,  0.  ,  0.  , 71.75],
   [93.75,  0.  ,  0.  ,  0.  ],
   [ 4.5 ,  0.  ,  0.5 ,  0.  ],
   [ 0.  ,  0.  ,  0.  ,  0.  ],
   [ 0.  ,  0.  ,  0.  ,  0.  ],
   [ 0.  ,  0.  ,  0.  ,  0.  ]],

  [[ 0.  ,  0.  ,  0.  ,  0.  ],
   [ 0.  ,  0.  ,  0.  ,  0.  ],
   [ 0.  ,  0.  ,  0.  ,  0.  ],
   [ 0.  ,  0.  ,  0.  ,  0.  ],
   [ 0.  ,  0.  ,  0.  ,  0.  ],
   [ 0.  ,  0.  ,  0.  ,  0.  ],
   [ 0.  ,  0.  ,  0.  ,  0.  ],
   [ 0.  ,  8.5 ,  2.5 , 19.  ],
   [10.5 , 20.5 ,  0.  , 59.  ],
   [77.25,  6.75,  7.75,  0.  ],
   [11.25,  0.25,  3.25,  0.  ],
   [ 0.  ,  0.  ,  0.  ,  0.  ],
   [ 0.  ,  0.  ,  0.  ,  0.  ],
   [ 0.  ,  0.  ,  0.  ,  0.  ]],

  [[ 0.  ,  0.  ,  0.  ,  0.  ],
   [ 0.  ,  0.  ,  0.  ,  0.  ],
   [ 0.  ,  0.  ,  0.  ,  0.  ],
   [ 0.  ,  0.  ,  0.  ,  0.  ],
   [ 0.  ,  0.  ,  0.  ,  0.  ],
   [ 0.  ,  0.  ,  0.  ,  0.  ],
   [ 0.  ,  0.  ,  0.  ,  0.  ],
   [ 0.  ,  3.  ,  0.  ,  2.5 ],
   [ 0.5 , 22.5 ,  0.  , 10.5 ],
   [26.5 ,  8.  ,  1.  ,  0.  ],
   [ 1.75,  0.25,  0.  ,  0.  ],
   [ 0.  ,  0.  ,  0.  ,  0.  ],
   [ 0.  ,  0.  ,  0.  ,  0.  ],
   [ 0.  ,  0.  ,  0.  ,  0.  ]]]]

🔹 Layer: conv2d_3
   📐 Output Shape: (1, 12, 12, 8)
   🔢 Output Values:
[[[[0.00000e+00, 0.00000e+00, 0.00000e+00, 0.00000e+00, 0.00000e+00, 0.00000e+00, 0.00000e+00, 0.00000e+00],
   [0.00000e+00, 0.00000e+00, 0.00000e+00, 0.00000e+00, 0.00000e+00, 0.00000e+00, 0.00000e+00, 0.00000e+00],
   [4.50000e+00, 3.75000e+00, 0.00000e+00, 7.25000e+00, 0.00000e+00, 7.50000e-01, 5.75000e+00, 0.00000e+00],
   [3.72500e+01, 2.07500e+01, 0.00000e+00, 3.12500e+01, 0.00000e+00, 3.35000e+01, 2.67500e+01, 0.00000e+00],
   [1.30250e+02, 0.00000e+00, 0.00000e+00, 0.00000e+00, 0.00000e+00, 1.14000e+02, 0.00000e+00, 0.00000e+00],
   [1.47000e+02, 0.00000e+00, 3.17500e+01, 0.00000e+00, 4.32500e+01, 1.50750e+02, 0.00000e+00, 0.00000e+00],
   [1.44250e+02, 0.00000e+00, 5.52500e+01, 6.90000e+01, 1.31250e+02, 0.00000e+00, 0.00000e+00, 0.00000e+00],
   [9.45000e+01, 6.87500e+01, 0.00000e+00, 1.32000e+02, 2.05000e+01, 0.00000e+00, 0.00000e+00, 0.00000e+00],
   [5.40000e+01, 4.50000e+01, 0.00000e+00, 4.50000e+01, 0.00000e+00, 0.00000e+00, 0.00000e+00, 3.60000e+01],
   [0.00000e+00, 0.00000e+00, 0.00000e+00, 0.00000e+00, 0.00000e+00, 0.00000e+00, 0.00000e+00, 0.00000e+00],
   [0.00000e+00, 0.00000e+00, 0.00000e+00, 0.00000e+00, 0.00000e+00, 0.00000e+00, 0.00000e+00, 0.00000e+00],
   [0.00000e+00, 0.00000e+00, 0.00000e+00, 0.00000e+00, 0.00000e+00, 0.00000e+00, 0.00000e+00, 0.00000e+00]],

  [[0.00000e+00, 0.00000e+00, 0.00000e+00, 0.00000e+00, 0.00000e+00, 0.00000e+00, 0.00000e+00, 0.00000e+00],
   [3.05000e+01, 2.47500e+01, 0.00000e+00, 4.62500e+01, 0.00000e+00, 9.75000e+00, 3.87500e+01, 0.00000e+00],
   [1.83000e+02, 1.80000e+01, 0.00000e+00, 0.00000e+00, 0.00000e+00, 2.29750e+02, 2.75000e+00, 0.00000e+00],
   [4.37750e+02, 0.00000e+00, 2.42500e+01, 0.00000e+00, 0.00000e+00, 4.69250e+02, 0.00000e+00, 0.00000e+00],
   [3.53500e+02, 0.00000e+00, 0.00000e+00, 0.00000e+00, 7.05000e+01, 3.31750e+02, 0.00000e+00, 0.00000e+00],
   [4.40000e+02, 0.00000e+00, 0.00000e+00, 0.00000e+00, 5.35500e+02, 3.87500e+01, 0.00000e+00, 0.00000e+00],
   [5.30750e+02, 0.00000e+00, 0.00000e+00, 7.30000e+01, 6.70750e+02, 0.00000e+00, 0.00000e+00, 0.00000e+00],
   [5.95500e+02, 1.68000e+02, 1.99250e+02, 6.14500e+02, 2.83750e+02, 0.00000e+00, 0.00000e+00, 0.00000e+00],
   [4.30000e+02, 2.94500e+02, 0.00000e+00, 4.05500e+02, 0.00000e+00, 0.00000e+00, 0.00000e+00, 1.35000e+02],
   [8.40000e+01, 7.00000e+01, 0.00000e+00, 7.00000e+01, 0.00000e+00, 0.00000e+00, 0.00000e+00, 5.60000e+01],
   [0.00000e+00, 0.00000e+00, 0.00000e+00, 0.00000e+00, 0.00000e+00, 0.00000e+00, 0.00000e+00, 0.00000e+00],
   [0.00000e+00, 0.00000e+00, 0.00000e+00, 0.00000e+00, 0.00000e+00, 0.00000e+00, 0.00000e+00, 0.00000e+00]],

  [[0.00000e+00, 0.00000e+00, 0.00000e+00, 0.00000e+00, 0.00000e+00, 0.00000e+00, 0.00000e+00, 0.00000e+00],
   [1.66250e+02, 5.12500e+01, 0.00000e+00, 5.00000e+00, 0.00000e+00, 3.17750e+02, 1.36000e+02, 0.00000e+00],
   [6.92750e+02, 1.54750e+02, 0.00000e+00, 0.00000e+00, 0.00000e+00, 6.23500e+02, 0.00000e+00, 0.00000e+00],
   [5.78250e+02, 1.82250e+02, 0.00000e+00, 0.00000e+00, 4.85500e+02, 6.16500e+02, 0.00000e+00, 0.00000e+00],
   [3.81750e+02, 6.32500e+01, 0.00000e+00, 0.00000e+00, 8.07500e+02, 1.95750e+02, 0.00000e+00, 0.00000e+00],
   [1.21250e+02, 2.97500e+01, 0.00000e+00, 0.00000e+00, 2.39500e+02, 0.00000e+00, 0.00000e+00, 2.82500e+02],
   [0.00000e+00, 0.00000e+00, 0.00000e+00, 0.00000e+00, 3.00250e+02, 0.00000e+00, 0.00000e+00, 1.43250e+02],
   [2.11750e+02, 0.00000e+00, 3.28000e+02, 3.51750e+02, 8.13000e+02, 0.00000e+00, 0.00000e+00, 0.00000e+00],
   [5.09750e+02, 1.51000e+02, 1.60000e+02, 8.01000e+02, 3.56250e+02, 0.00000e+00, 0.00000e+00, 0.00000e+00],
   [3.88000e+02, 2.88250e+02, 0.00000e+00, 3.39250e+02, 0.00000e+00, 0.00000e+00, 0.00000e+00, 2.12000e+02],
   [9.00000e+00, 7.50000e+00, 0.00000e+00, 7.50000e+00, 0.00000e+00, 0.00000e+00, 0.00000e+00, 6.00000e+00],
   [0.00000e+00, 0.00000e+00, 0.00000e+00, 0.00000e+00, 0.00000e+00, 0.00000e+00, 0.00000e+00, 0.00000e+00]],

  [[9.00000e+00, 7.50000e+00, 0.00000e+00, 1.45000e+01, 0.00000e+00, 1.50000e+00, 1.15000e+01, 0.00000e+00],
   [5.12250e+02, 2.30250e+02, 0.00000e+00, 0.00000e+00, 0.00000e+00, 9.06250e+02, 3.07500e+01, 0.00000e+00],
   [1.35375e+03, 5.06500e+02, 0.00000e+00, 0.00000e+00, 3.33750e+02, 1.02775e+03, 0.00000e+00, 0.00000e+00],
   [0.00000e+00, 0.00000e+00, 0.00000e+00, 0.00000e+00, 8.62000e+02, 1.17000e+02, 0.00000e+00, 0.00000e+00],
   [0.00000e+00, 0.00000e+00, 0.00000e+00, 5.79500e+02, 2.08250e+02, 0.00000e+00, 0.00000e+00, 4.91500e+02],
   [1.47750e+02, 0.00000e+00, 0.00000e+00, 3.75500e+02, 0.00000e+00, 0.00000e+00, 0.00000e+00, 0.00000e+00],
   [1.52250e+02, 1.34250e+02, 0.00000e+00, 0.00000e+00, 0.00000e+00, 0.00000e+00, 0.00000e+00, 0.00000e+00],
   [0.00000e+00, 0.00000e+00, 0.00000e+00, 0.00000e+00, 5.08250e+02, 0.00000e+00, 0.00000e+00, 0.00000e+00],
   [0.00000e+00, 0.00000e+00, 4.22500e+02, 6.60750e+02, 1.02175e+03, 0.00000e+00, 0.00000e+00, 0.00000e+00],
   [5.79750e+02, 3.00500e+02, 0.00000e+00, 6.75000e+02, 2.82500e+01, 0.00000e+00, 0.00000e+00, 0.00000e+00],
   [1.81500e+02, 1.48000e+02, 0.00000e+00, 1.52500e+02, 0.00000e+00, 0.00000e+00, 0.00000e+00, 1.17500e+02],
   [0.00000e+00, 0.00000e+00, 0.00000e+00, 0.00000e+00, 0.00000e+00, 0.00000e+00, 0.00000e+00, 0.00000e+00]],

  [[5.22500e+01, 1.42500e+01, 0.00000e+00, 1.17500e+01, 0.00000e+00, 7.85000e+01, 3.62500e+01, 0.00000e+00],
   [1.05750e+03, 3.60250e+02, 0.00000e+00, 0.00000e+00, 0.00000e+00, 1.44200e+03, 0.00000e+00, 0.00000e+00],
   [7.98000e+02, 2.59250e+02, 0.00000e+00, 0.00000e+00, 3.13750e+02, 9.31500e+02, 0.00000e+00, 0.00000e+00],
   [0.00000e+00, 0.00000e+00, 0.00000e+00, 3.54500e+02, 5.65500e+02, 0.00000e+00, 0.00000e+00, 1.78250e+02],
   [5.72250e+02, 0.00000e+00, 0.00000e+00, 1.21200e+03, 0.00000e+00, 0.00000e+00, 0.00000e+00, 2.96500e+02],
   [6.17000e+02, 0.00000e+00, 0.00000e+00, 2.63500e+02, 0.00000e+00, 3.42500e+01, 0.00000e+00, 0.00000e+00],
   [5.62250e+02, 6.59000e+02, 0.00000e+00, 0.00000e+00, 0.00000e+00, 6.45000e+02, 0.00000e+00, 0.00000e+00],
   [0.00000e+00, 0.00000e+00, 0.00000e+00, 0.00000e+00, 0.00000e+00, 0.00000e+00, 0.00000e+00, 0.00000e+00],
   [6.07500e+01, 0.00000e+00, 0.00000e+00, 7.88250e+02, 8.65500e+02, 0.00000e+00, 0.00000e+00, 0.00000e+00],
   [4.12750e+02, 2.08750e+02, 3.68000e+02, 1.02025e+03, 3.32250e+02, 0.00000e+00, 0.00000e+00, 0.00000e+00],
   [3.67000e+02, 2.57500e+02, 0.00000e+00, 3.75500e+02, 0.00000e+00, 0.00000e+00, 0.00000e+00, 1.53500e+02],
   [0.00000e+00, 0.00000e+00, 0.00000e+00, 0.00000e+00, 0.00000e+00, 0.00000e+00, 0.00000e+00, 0.00000e+00]],

  [[1.21000e+02, 2.52500e+01, 0.00000e+00, 0.00000e+00, 0.00000e+00, 1.86250e+02, 0.00000e+00, 2.75000e+00],
   [1.19175e+03, 3.34750e+02, 0.00000e+00, 0.00000e+00, 0.00000e+00, 1.62950e+03, 0.00000e+00, 0.00000e+00],
   [0.00000e+00, 2.68500e+02, 0.00000e+00, 0.00000e+00, 0.00000e+00, 4.32500e+02, 1.13000e+02, 2.69250e+02],
   [0.00000e+00, 0.00000e+00, 0.00000e+00, 9.86500e+02, 5.75250e+02, 0.00000e+00, 0.00000e+00, 0.00000e+00],
   [9.45000e+02, 0.00000e+00, 0.00000e+00, 8.79750e+02, 0.00000e+00, 0.00000e+00, 0.00000e+00, 0.00000e+00],
   [1.18800e+03, 2.03500e+02, 0.00000e+00, 0.00000e+00, 0.00000e+00, 5.81250e+02, 0.00000e+00, 0.00000e+00],
   [7.95750e+02, 3.05000e+02, 0.00000e+00, 0.00000e+00, 3.12500e+02, 8.92500e+02, 0.00000e+00, 0.00000e+00],
   [0.00000e+00, 0.00000e+00, 0.00000e+00, 0.00000e+00, 1.26000e+02, 0.00000e+00, 0.00000e+00, 1.85750e+02],
   [5.37500e+02, 0.00000e+00, 0.00000e+00, 1.02925e+03, 2.49250e+02, 0.00000e+00, 0.00000e+00, 2.95750e+02],
   [1.99000e+02, 0.00000e+00, 5.00750e+02, 1.25375e+03, 4.06750e+02, 0.00000e+00, 0.00000e+00, 0.00000e+00],
   [2.82000e+02, 2.04000e+02, 0.00000e+00, 4.43750e+02, 0.00000e+00, 0.00000e+00, 0.00000e+00, 0.00000e+00],
   [0.00000e+00, 0.00000e+00, 0.00000e+00, 0.00000e+00, 0.00000e+00, 0.00000e+00, 0.00000e+00, 0.00000e+00]],

  [[1.05750e+02, 5.05000e+01, 0.00000e+00, 0.00000e+00, 4.40000e+01, 1.23750e+02, 0.00000e+00, 3.10000e+01],
   [1.11400e+03, 7.70000e+01, 0.00000e+00, 0.00000e+00, 0.00000e+00, 1.47275e+03, 0.00000e+00, 0.00000e+00],
   [0.00000e+00, 4.59000e+02, 0.00000e+00, 0.00000e+00, 0.00000e+00, 6.00750e+02, 7.94250e+02, 1.00000e+02],
   [8.87500e+01, 0.00000e+00, 0.00000e+00, 6.00750e+02, 2.09750e+02, 0.00000e+00, 0.00000e+00, 3.10750e+02],
   [4.16250e+02, 1.37750e+02, 0.00000e+00, 0.00000e+00, 3.25000e+02, 0.00000e+00, 0.00000e+00, 0.00000e+00],
   [1.35675e+03, 4.62250e+02, 0.00000e+00, 0.00000e+00, 6.87500e+02, 8.52500e+02, 0.00000e+00, 0.00000e+00],
   [2.24750e+02, 1.25000e+00, 0.00000e+00, 0.00000e+00, 1.51500e+02, 1.09250e+02, 0.00000e+00, 2.42000e+02],
   [2.43000e+02, 0.00000e+00, 0.00000e+00, 0.00000e+00, 0.00000e+00, 0.00000e+00, 0.00000e+00, 1.32750e+02],
   [0.00000e+00, 0.00000e+00, 0.00000e+00, 8.11500e+02, 1.25750e+02, 0.00000e+00, 0.00000e+00, 0.00000e+00],
   [3.36750e+02, 0.00000e+00, 3.25000e+01, 1.38100e+03, 3.75000e+01, 0.00000e+00, 0.00000e+00, 2.53250e+02],
   [2.10000e+01, 1.00250e+02, 0.00000e+00, 3.64250e+02, 0.00000e+00, 0.00000e+00, 0.00000e+00, 0.00000e+00],
   [0.00000e+00, 0.00000e+00, 0.00000e+00, 0.00000e+00, 0.00000e+00, 0.00000e+00, 0.00000e+00, 0.00000e+00]],

  [[5.47500e+01, 0.00000e+00, 3.45000e+01, 7.20000e+01, 0.00000e+00, 7.82500e+01, 0.00000e+00, 0.00000e+00],
   [6.04500e+02, 2.20000e+01, 0.00000e+00, 2.37500e+01, 3.04000e+02, 6.99750e+02, 0.00000e+00, 1.65000e+01],
   [0.00000e+00, 3.50500e+02, 0.00000e+00, 0.00000e+00, 0.00000e+00, 6.13500e+02, 7.72750e+02, 2.99000e+02],
   [6.26500e+02, 0.00000e+00, 0.00000e+00, 4.91750e+02, 0.00000e+00, 0.00000e+00, 0.00000e+00, 1.32750e+02],
   [0.00000e+00, 0.00000e+00, 1.22500e+02, 2.52500e+01, 2.23750e+02, 0.00000e+00, 0.00000e+00, 0.00000e+00],
   [0.00000e+00, 0.00000e+00, 0.00000e+00, 4.80000e+01, 2.37500e+02, 0.00000e+00, 0.00000e+00, 0.00000e+00],
   [1.31750e+02, 0.00000e+00, 0.00000e+00, 4.67500e+01, 0.00000e+00, 0.00000e+00, 0.00000e+00, 0.00000e+00],
   [7.27750e+02, 0.00000e+00, 0.00000e+00, 0.00000e+00, 0.00000e+00, 0.00000e+00, 0.00000e+00, 0.00000e+00],
   [0.00000e+00, 0.00000e+00, 0.00000e+00, 6.62000e+02, 4.29000e+02, 0.00000e+00, 0.00000e+00, 0.00000e+00],
   [4.32750e+02, 0.00000e+00, 0.00000e+00, 1.21250e+03, 0.00000e+00, 0.00000e+00, 0.00000e+00, 1.01000e+02],
   [0.00000e+00, 5.80000e+01, 1.17000e+02, 1.81750e+02, 0.00000e+00, 0.00000e+00, 0.00000e+00, 0.00000e+00],
   [0.00000e+00, 0.00000e+00, 0.00000e+00, 0.00000e+00, 0.00000e+00, 0.00000e+00, 0.00000e+00, 0.00000e+00]],

  [[0.00000e+00, 0.00000e+00, 0.00000e+00, 0.00000e+00, 0.00000e+00, 0.00000e+00, 0.00000e+00, 0.00000e+00],
   [3.35750e+02, 0.00000e+00, 1.90000e+02, 4.02500e+02, 1.42500e+01, 4.64750e+02, 0.00000e+00, 0.00000e+00],
   [4.52500e+01, 0.00000e+00, 7.80000e+01, 0.00000e+00, 0.00000e+00, 4.40500e+02, 2.46250e+02, 1.36500e+02],
   [1.20750e+02, 0.00000e+00, 0.00000e+00, 0.00000e+00, 0.00000e+00, 0.00000e+00, 3.72250e+02, 0.00000e+00],
   [0.00000e+00, 0.00000e+00, 0.00000e+00, 3.11750e+02, 0.00000e+00, 0.00000e+00, 2.08500e+02, 0.00000e+00],
   [0.00000e+00, 0.00000e+00, 0.00000e+00, 4.57500e+02, 0.00000e+00, 0.00000e+00, 1.75500e+02, 5.00000e+01],
   [1.15350e+03, 0.00000e+00, 0.00000e+00, 0.00000e+00, 0.00000e+00, 5.24000e+02, 0.00000e+00, 0.00000e+00],
   [0.00000e+00, 7.61500e+02, 0.00000e+00, 0.00000e+00, 0.00000e+00, 1.88000e+02, 1.15250e+02, 0.00000e+00],
   [0.00000e+00, 0.00000e+00, 1.77750e+02, 1.06625e+03, 5.87750e+02, 0.00000e+00, 0.00000e+00, 2.14500e+02],
   [4.71750e+02, 1.50000e+02, 0.00000e+00, 8.37250e+02, 0.00000e+00, 0.00000e+00, 0.00000e+00, 0.00000e+00],
   [0.00000e+00, 5.70000e+01, 9.95000e+01, 1.08250e+02, 0.00000e+00, 0.00000e+00, 0.00000e+00, 0.00000e+00],
   [0.00000e+00, 0.00000e+00, 0.00000e+00, 0.00000e+00, 0.00000e+00, 0.00000e+00, 0.00000e+00, 0.00000e+00]],

  [[0.00000e+00, 0.00000e+00, 0.00000e+00, 0.00000e+00, 0.00000e+00, 0.00000e+00, 0.00000e+00, 0.00000e+00],
   [2.40000e+01, 0.00000e+00, 1.80000e+01, 3.30000e+01, 0.00000e+00, 3.55000e+01, 0.00000e+00, 0.00000e+00],
   [1.26750e+02, 0.00000e+00, 1.26000e+02, 1.73500e+02, 0.00000e+00, 1.98500e+02, 0.00000e+00, 0.00000e+00],
   [1.17750e+02, 0.00000e+00, 2.21250e+02, 9.60000e+01, 0.00000e+00, 3.02000e+02, 1.21750e+02, 0.00000e+00],
   [4.72500e+01, 0.00000e+00, 1.26000e+02, 0.00000e+00, 0.00000e+00, 1.92250e+02, 2.58500e+02, 0.00000e+00],
   [1.27500e+02, 0.00000e+00, 0.00000e+00, 0.00000e+00, 0.00000e+00, 2.11000e+02, 2.24000e+02, 0.00000e+00],
   [1.20350e+03, 2.99000e+02, 0.00000e+00, 0.00000e+00, 0.00000e+00, 1.27125e+03, 0.00000e+00, 0.00000e+00],
   [0.00000e+00, 3.43000e+02, 0.00000e+00, 0.00000e+00, 0.00000e+00, 4.76500e+02, 2.28500e+02, 0.00000e+00],
   [3.50000e+02, 0.00000e+00, 0.00000e+00, 1.71675e+03, 6.75750e+02, 0.00000e+00, 0.00000e+00, 7.80000e+01],
   [4.54750e+02, 4.18250e+02, 0.00000e+00, 7.39500e+02, 0.00000e+00, 0.00000e+00, 0.00000e+00, 0.00000e+00],
   [1.75000e+01, 3.40000e+01, 0.00000e+00, 2.95000e+01, 0.00000e+00, 0.00000e+00, 0.00000e+00, 0.00000e+00],
   [0.00000e+00, 0.00000e+00, 0.00000e+00, 0.00000e+00, 0.00000e+00, 0.00000e+00, 0.00000e+00, 0.00000e+00]],

  [[0.00000e+00, 0.00000e+00, 0.00000e+00, 0.00000e+00, 0.00000e+00, 0.00000e+00, 0.00000e+00, 0.00000e+00],
   [0.00000e+00, 0.00000e+00, 0.00000e+00, 0.00000e+00, 0.00000e+00, 0.00000e+00, 0.00000e+00, 0.00000e+00],
   [0.00000e+00, 0.00000e+00, 0.00000e+00, 0.00000e+00, 0.00000e+00, 0.00000e+00, 0.00000e+00, 0.00000e+00],
   [0.00000e+00, 0.00000e+00, 0.00000e+00, 0.00000e+00, 0.00000e+00, 0.00000e+00, 0.00000e+00, 0.00000e+00],
   [0.00000e+00, 0.00000e+00, 0.00000e+00, 0.00000e+00, 0.00000e+00, 0.00000e+00, 0.00000e+00, 0.00000e+00],
   [3.42000e+02, 1.14000e+02, 0.00000e+00, 0.00000e+00, 0.00000e+00, 4.90500e+02, 0.00000e+00, 4.50000e+00],
   [9.68750e+02, 3.24500e+02, 0.00000e+00, 0.00000e+00, 0.00000e+00, 1.41675e+03, 0.00000e+00, 0.00000e+00],
   [0.00000e+00, 0.00000e+00, 0.00000e+00, 0.00000e+00, 0.00000e+00, 9.72500e+01, 2.86250e+02, 1.98500e+02],
   [5.30000e+01, 0.00000e+00, 6.10000e+01, 1.41900e+03, 6.82250e+02, 0.00000e+00, 0.00000e+00, 1.33250e+02],
   [2.44500e+02, 3.43750e+02, 0.00000e+00, 6.78750e+02, 0.00000e+00, 0.00000e+00, 0.00000e+00, 0.00000e+00],
   [4.22500e+01, 3.37500e+01, 0.00000e+00, 7.12500e+01, 0.00000e+00, 0.00000e+00, 2.50000e+00, 1.05000e+01],
   [0.00000e+00, 0.00000e+00, 0.00000e+00, 0.00000e+00, 0.00000e+00, 0.00000e+00, 0.00000e+00, 0.00000e+00]],

  [[0.00000e+00, 0.00000e+00, 0.00000e+00, 0.00000e+00, 0.00000e+00, 0.00000e+00, 0.00000e+00, 0.00000e+00],
   [0.00000e+00, 0.00000e+00, 0.00000e+00, 0.00000e+00, 0.00000e+00, 0.00000e+00, 0.00000e+00, 0.00000e+00],
   [0.00000e+00, 0.00000e+00, 0.00000e+00, 0.00000e+00, 0.00000e+00, 0.00000e+00, 0.00000e+00, 0.00000e+00],
   [0.00000e+00, 0.00000e+00, 0.00000e+00, 0.00000e+00, 0.00000e+00, 0.00000e+00, 0.00000e+00, 0.00000e+00],
   [0.00000e+00, 0.00000e+00, 0.00000e+00, 0.00000e+00, 0.00000e+00, 0.00000e+00, 0.00000e+00, 0.00000e+00],
   [2.77000e+02, 7.40000e+01, 0.00000e+00, 0.00000e+00, 7.25000e+01, 3.30000e+02, 0.00000e+00, 2.70000e+01],
   [6.35000e+02, 2.05750e+02, 0.00000e+00, 0.00000e+00, 7.07500e+01, 9.76250e+02, 0.00000e+00, 1.62500e+01],
   [0.00000e+00, 7.87500e+01, 0.00000e+00, 0.00000e+00, 0.00000e+00, 0.00000e+00, 7.32250e+02, 3.65250e+02],
   [8.25000e+01, 0.00000e+00, 0.00000e+00, 1.26775e+03, 1.72500e+01, 0.00000e+00, 0.00000e+00, 3.98500e+02],
   [0.00000e+00, 9.57500e+01, 8.82500e+01, 3.86000e+02, 0.00000e+00, 0.00000e+00, 0.00000e+00, 0.00000e+00],
   [0.00000e+00, 0.00000e+00, 0.00000e+00, 1.50000e+01, 6.50000e+00, 0.00000e+00, 0.00000e+00, 0.00000e+00],
   [0.00000e+00, 0.00000e+00, 0.00000e+00, 0.00000e+00, 0.00000e+00, 0.00000e+00, 0.00000e+00, 0.00000e+00]]]]

🔹 Layer: average_pooling2d_3
   📐 Output Shape: (1, 6, 6, 8)
   🔢 Output Values:
[[[[7.6250000e+00, 6.1875000e+00, 0.0000000e+00, 1.1562500e+01, 0.0000000e+00, 2.4375000e+00, 9.6875000e+00, 0.0000000e+00],
   [1.6562500e+02, 1.0625000e+01, 6.0625000e+00, 9.6250000e+00, 0.0000000e+00, 1.8331250e+02, 8.8125000e+00, 0.0000000e+00],
   [2.6768750e+02, 0.0000000e+00, 7.9375000e+00, 0.0000000e+00, 1.6231250e+02, 1.5881250e+02, 0.0000000e+00, 0.0000000e+00],
   [3.4125000e+02, 5.9187500e+01, 6.3625000e+01, 2.2212500e+02, 2.7656250e+02, 0.0000000e+00, 0.0000000e+00, 0.0000000e+00],
   [1.4200000e+02, 1.0237500e+02, 0.0000000e+00, 1.3012500e+02, 0.0000000e+00, 0.0000000e+00, 0.0000000e+00, 5.6750000e+01],
   [0.0000000e+00, 0.0000000e+00, 0.0000000e+00, 0.0000000e+00, 0.0000000e+00, 0.0000000e+00, 0.0000000e+00, 0.0000000e+00]],

  [[1.7187500e+02, 7.2250000e+01, 0.0000000e+00, 4.8750000e+00, 0.0000000e+00, 3.0637500e+02, 4.4562500e+01, 0.0000000e+00],
   [6.5618750e+02, 2.1087500e+02, 0.0000000e+00, 0.0000000e+00, 4.2031250e+02, 5.9618750e+02, 0.0000000e+00, 0.0000000e+00],
   [1.6268750e+02, 2.3250000e+01, 0.0000000e+00, 2.3875000e+02, 3.1381250e+02, 4.8937500e+01, 0.0000000e+00, 1.9350000e+02],
   [9.1000000e+01, 3.3562500e+01, 8.2000000e+01, 8.7937500e+01, 4.0537500e+02, 0.0000000e+00, 0.0000000e+00, 3.5812500e+01],
   [3.6937500e+02, 1.8493750e+02, 1.4562500e+02, 6.1900000e+02, 3.5156250e+02, 0.0000000e+00, 0.0000000e+00, 5.3000000e+01],
   [4.7625000e+01, 3.8875000e+01, 0.0000000e+00, 4.0000000e+01, 0.0000000e+00, 0.0000000e+00, 0.0000000e+00, 3.0875000e+01]],

  [[6.0562500e+02, 1.8362500e+02, 0.0000000e+00, 2.9375000e+00, 0.0000000e+00, 8.3406250e+02, 9.0625000e+00, 6.8750000e-01],
   [1.9950000e+02, 1.3193750e+02, 0.0000000e+00, 3.3525000e+02, 3.6362500e+02, 3.4100000e+02, 2.8250000e+01, 1.1187500e+02],
   [8.3056250e+02, 5.0875000e+01, 0.0000000e+00, 5.8881250e+02, 0.0000000e+00, 1.5387500e+02, 0.0000000e+00, 7.4125000e+01],
   [3.3950000e+02, 2.4100000e+02, 0.0000000e+00, 0.0000000e+00, 1.0962500e+02, 3.8437500e+02, 0.0000000e+00, 4.6437500e+01],
   [3.0250000e+02, 5.2187500e+01, 2.1718750e+02, 1.0228750e+03, 4.6343750e+02, 0.0000000e+00, 0.0000000e+00, 7.3937500e+01],
   [1.6225000e+02, 1.1537500e+02, 0.0000000e+00, 2.0481250e+02, 0.0000000e+00, 0.0000000e+00, 0.0000000e+00, 3.8375000e+01]],

  [[4.6975000e+02, 3.7375000e+01, 8.6250000e+00, 2.3937500e+01, 8.7000000e+01, 5.9362500e+02, 0.0000000e+00, 1.1875000e+01],
   [1.7881250e+02, 2.0237500e+02, 0.0000000e+00, 2.7312500e+02, 5.2437500e+01, 3.0356250e+02, 3.9175000e+02, 2.1062500e+02],
   [4.4325000e+02, 1.5000000e+02, 3.0625000e+01, 1.8312500e+01, 3.6843750e+02, 2.1312500e+02, 0.0000000e+00, 0.0000000e+00],
   [3.3181250e+02, 3.1250000e-01, 0.0000000e+00, 1.1687500e+01, 3.7875000e+01, 2.7312500e+01, 0.0000000e+00, 9.3687500e+01],
   [1.9237500e+02, 0.0000000e+00, 8.1250000e+00, 1.0167500e+03, 1.4806250e+02, 0.0000000e+00, 0.0000000e+00, 8.8562500e+01],
   [5.2500000e+00, 3.9562500e+01, 2.9250000e+01, 1.3650000e+02, 0.0000000e+00, 0.0000000e+00, 0.0000000e+00, 0.0000000e+00]],

  [[8.9937500e+01, 0.0000000e+00, 5.2000000e+01, 1.0887500e+02, 3.5625000e+00, 1.2506250e+02, 0.0000000e+00, 0.0000000e+00],
   [1.0262500e+02, 0.0000000e+00, 1.0631250e+02, 6.7375000e+01, 0.0000000e+00, 2.3525000e+02, 1.8506250e+02, 3.4125000e+01],
   [4.3687500e+01, 0.0000000e+00, 3.1500000e+01, 1.9231250e+02, 0.0000000e+00, 1.0081250e+02, 2.1662500e+02, 1.2500000e+01],
   [5.8925000e+02, 3.5087500e+02, 0.0000000e+00, 0.0000000e+00, 0.0000000e+00, 6.1493750e+02, 8.5937500e+01, 0.0000000e+00],
   [3.1912500e+02, 1.4206250e+02, 4.4437500e+01, 1.0899375e+03, 3.1587500e+02, 0.0000000e+00, 0.0000000e+00, 7.3125000e+01],
   [4.3750000e+00, 2.2750000e+01, 2.4875000e+01, 3.4437500e+01, 0.0000000e+00, 0.0000000e+00, 0.0000000e+00, 0.0000000e+00]],

  [[0.0000000e+00, 0.0000000e+00, 0.0000000e+00, 0.0000000e+00, 0.0000000e+00, 0.0000000e+00, 0.0000000e+00, 0.0000000e+00],
   [0.0000000e+00, 0.0000000e+00, 0.0000000e+00, 0.0000000e+00, 0.0000000e+00, 0.0000000e+00, 0.0000000e+00, 0.0000000e+00],
   [1.5475000e+02, 4.7000000e+01, 0.0000000e+00, 0.0000000e+00, 1.8125000e+01, 2.0512500e+02, 0.0000000e+00, 7.8750000e+00],
   [4.0093750e+02, 1.5225000e+02, 0.0000000e+00, 0.0000000e+00, 1.7687500e+01, 6.2256250e+02, 2.5462500e+02, 1.4500000e+02],
   [9.5000000e+01, 1.0987500e+02, 3.7312500e+01, 9.3787500e+02, 1.7487500e+02, 0.0000000e+00, 0.0000000e+00, 1.3293750e+02],
   [1.0562500e+01, 8.4375000e+00, 0.0000000e+00, 2.1562500e+01, 1.6250000e+00, 0.0000000e+00, 6.2500000e-01, 2.6250000e+00]]]]

🔹 Layer: flatten_1
   📐 Output Shape: (1, 288)
   🔢 Output Values:
[[7.6250000e+00, 6.1875000e+00, 0.0000000e+00, 1.1562500e+01, 0.0000000e+00, 2.4375000e+00, 9.6875000e+00, 0.0000000e+00, 1.6562500e+02, 1.0625000e+01, 6.0625000e+00, 9.6250000e+00, 0.0000000e+00, 1.8331250e+02, 8.8125000e+00, 0.0000000e+00, 2.6768750e+02, 0.0000000e+00, 7.9375000e+00, 0.0000000e+00, 1.6231250e+02, 1.5881250e+02, 0.0000000e+00, 0.0000000e+00, 3.4125000e+02, 5.9187500e+01, 6.3625000e+01, 2.2212500e+02, 2.7656250e+02, 0.0000000e+00, 0.0000000e+00, 0.0000000e+00, 1.4200000e+02, 1.0237500e+02, 0.0000000e+00, 1.3012500e+02, 0.0000000e+00, 0.0000000e+00, 0.0000000e+00, 5.6750000e+01, 0.0000000e+00, 0.0000000e+00, 0.0000000e+00, 0.0000000e+00, 0.0000000e+00, 0.0000000e+00, 0.0000000e+00, 0.0000000e+00, 1.7187500e+02, 7.2250000e+01, 0.0000000e+00, 4.8750000e+00, 0.0000000e+00, 3.0637500e+02, 4.4562500e+01, 0.0000000e+00, 6.5618750e+02, 2.1087500e+02, 0.0000000e+00, 0.0000000e+00, 4.2031250e+02, 5.9618750e+02, 0.0000000e+00, 0.0000000e+00, 1.6268750e+02, 2.3250000e+01, 0.0000000e+00, 2.3875000e+02, 3.1381250e+02, 4.8937500e+01, 0.0000000e+00, 1.9350000e+02, 9.1000000e+01, 3.3562500e+01, 8.2000000e+01, 8.7937500e+01, 4.0537500e+02, 0.0000000e+00, 0.0000000e+00, 3.5812500e+01, 3.6937500e+02, 1.8493750e+02, 1.4562500e+02, 6.1900000e+02, 3.5156250e+02, 0.0000000e+00, 0.0000000e+00, 5.3000000e+01, 4.7625000e+01, 3.8875000e+01, 0.0000000e+00, 4.0000000e+01, 0.0000000e+00, 0.0000000e+00, 0.0000000e+00, 3.0875000e+01, 6.0562500e+02, 1.8362500e+02, 0.0000000e+00, 2.9375000e+00, 0.0000000e+00, 8.3406250e+02, 9.0625000e+00, 6.8750000e-01, 1.9950000e+02, 1.3193750e+02, 0.0000000e+00, 3.3525000e+02, 3.6362500e+02, 3.4100000e+02, 2.8250000e+01, 1.1187500e+02, 8.3056250e+02, 5.0875000e+01, 0.0000000e+00, 5.8881250e+02, 0.0000000e+00, 1.5387500e+02, 0.0000000e+00, 7.4125000e+01, 3.3950000e+02, 2.4100000e+02, 0.0000000e+00, 0.0000000e+00, 1.0962500e+02, 3.8437500e+02, 0.0000000e+00, 4.6437500e+01, 3.0250000e+02, 5.2187500e+01, 2.1718750e+02, 1.0228750e+03, 4.6343750e+02, 0.0000000e+00, 0.0000000e+00, 7.3937500e+01, 1.6225000e+02, 1.1537500e+02, 0.0000000e+00, 2.0481250e+02, 0.0000000e+00, 0.0000000e+00, 0.0000000e+00, 3.8375000e+01, 4.6975000e+02, 3.7375000e+01, 8.6250000e+00, 2.3937500e+01, 8.7000000e+01, 5.9362500e+02, 0.0000000e+00, 1.1875000e+01, 1.7881250e+02, 2.0237500e+02, 0.0000000e+00, 2.7312500e+02, 5.2437500e+01, 3.0356250e+02, 3.9175000e+02, 2.1062500e+02, 4.4325000e+02, 1.5000000e+02, 3.0625000e+01, 1.8312500e+01, 3.6843750e+02, 2.1312500e+02, 0.0000000e+00, 0.0000000e+00, 3.3181250e+02, 3.1250000e-01, 0.0000000e+00, 1.1687500e+01, 3.7875000e+01, 2.7312500e+01, 0.0000000e+00, 9.3687500e+01, 1.9237500e+02, 0.0000000e+00, 8.1250000e+00, 1.0167500e+03, 1.4806250e+02, 0.0000000e+00, 0.0000000e+00, 8.8562500e+01, 5.2500000e+00, 3.9562500e+01, 2.9250000e+01, 1.3650000e+02, 0.0000000e+00, 0.0000000e+00, 0.0000000e+00, 0.0000000e+00, 8.9937500e+01, 0.0000000e+00, 5.2000000e+01, 1.0887500e+02, 3.5625000e+00, 1.2506250e+02, 0.0000000e+00, 0.0000000e+00, 1.0262500e+02, 0.0000000e+00, 1.0631250e+02, 6.7375000e+01, 0.0000000e+00, 2.3525000e+02, 1.8506250e+02, 3.4125000e+01, 4.3687500e+01, 0.0000000e+00, 3.1500000e+01, 1.9231250e+02, 0.0000000e+00, 1.0081250e+02, 2.1662500e+02, 1.2500000e+01, 5.8925000e+02, 3.5087500e+02, 0.0000000e+00, 0.0000000e+00, 0.0000000e+00, 6.1493750e+02, 8.5937500e+01, 0.0000000e+00, 3.1912500e+02, 1.4206250e+02, 4.4437500e+01, 1.0899375e+03, 3.1587500e+02, 0.0000000e+00, 0.0000000e+00, 7.3125000e+01, 4.3750000e+00, 2.2750000e+01, 2.4875000e+01, 3.4437500e+01, 0.0000000e+00, 0.0000000e+00, 0.0000000e+00, 0.0000000e+00, 0.0000000e+00, 0.0000000e+00, 0.0000000e+00, 0.0000000e+00, 0.0000000e+00, 0.0000000e+00, 0.0000000e+00, 0.0000000e+00, 0.0000000e+00, 0.0000000e+00, 0.0000000e+00, 0.0000000e+00, 0.0000000e+00, 0.0000000e+00, 0.0000000e+00, 0.0000000e+00, 1.5475000e+02, 4.7000000e+01, 0.0000000e+00, 0.0000000e+00, 1.8125000e+01, 2.0512500e+02, 0.0000000e+00, 7.8750000e+00, 4.0093750e+02, 1.5225000e+02, 0.0000000e+00, 0.0000000e+00, 1.7687500e+01, 6.2256250e+02, 2.5462500e+02, 1.4500000e+02, 9.5000000e+01, 1.0987500e+02, 3.7312500e+01, 9.3787500e+02, 1.7487500e+02, 0.0000000e+00, 0.0000000e+00, 1.3293750e+02, 1.0562500e+01, 8.4375000e+00, 0.0000000e+00, 2.1562500e+01, 1.6250000e+00, 0.0000000e+00, 6.2500000e-01, 2.6250000e+00]]

🔹 Layer: lambda_1
   📐 Output Shape: (1, 288)
   🔢 Output Values:
[[0., 0., 0., 0., 0., 0., 0., 0., 1., 0., 0., 0., 0., 1., 0., 0., 2., 0., 0., 0., 1., 1., 0., 0., 2., 0., 0., 1., 2., 0., 0., 0., 1., 1., 0., 1., 0., 0., 0., 0., 0., 0., 0., 0., 0., 0., 0., 0., 1., 0., 0., 0., 0., 2., 0., 0., 4., 1., 0., 0., 3., 4., 0., 0., 1., 0., 0., 2., 2., 0., 0., 1., 1., 0., 1., 1., 3., 0., 0., 0., 2., 1., 1., 4., 2., 0., 0., 0., 0., 0., 0., 0., 0., 0., 0., 0., 4., 1., 0., 0., 0., 5., 0., 0., 1., 1., 0., 2., 2., 2., 0., 1., 5., 0., 0., 4., 0., 1., 0., 0., 2., 2., 0., 0., 1., 2., 0., 0., 2., 0., 1., 7., 3., 0., 0., 0., 1., 1., 0., 1., 0., 0., 0., 0., 3., 0., 0., 0., 1., 4., 0., 0., 1., 1., 0., 2., 0., 2., 3., 1., 3., 1., 0., 0., 2., 1., 0., 0., 2., 0., 0., 0., 0., 0., 0., 1., 1., 0., 0., 7., 1., 0., 0., 1., 0., 0., 0., 1., 0., 0., 0., 0., 1., 0., 0., 1., 0., 1., 0., 0., 1., 0., 1., 0., 0., 2., 1., 0., 0., 0., 0., 1., 0., 1., 1., 0., 4., 2., 0., 0., 0., 4., 1., 0., 2., 1., 0., 7., 2., 0., 0., 0., 0., 0., 0., 0., 0., 0., 0., 0., 0., 0., 0., 0., 0., 0., 0., 0., 0., 0., 0., 0., 0., 0., 0., 0., 1., 0., 0., 0., 0., 1., 0., 0., 3., 1., 0., 0., 0., 4., 2., 1., 1., 1., 0., 6., 1., 0., 0., 1., 0., 0., 0., 0., 0., 0., 0., 0.]]

🔹 Layer: dense_3
   📐 Output Shape: (1, 120)
   🔢 Output Values:
[[ 0., 40.,  0.,  0.,  0., 30.,  0.,  0.,  0.,  0.,  0.,  0.,  0.,  0., 74., 21.,  0.,  0., 30.,  2.,  0.,  0., 27., 42.,  0.,  0.,  0.,  7.,  0., 58., 31.,  7., 19., 34., 55.,  8.,  0., 62.,  0., 16.,  0.,  9.,  0.,  0.,  0.,  0.,  0.,  0.,  0.,  0., 28.,  0.,  0., 29., 80.,  0.,  0., 39.,  5., 31.,  0.,  0., 99.,  0., 62., 80.,  0., 20.,  0.,  0.,  0., 37., 20.,  0.,  1.,  0.,  0.,  0., 50., 46.,  0., 27.,  0., 51.,  0.,  0., 17.,  0.,  0.,  0., 36.,  0.,  0., 79.,  0.,  0.,  0.,  0.,  0.,  7., 43.,  5.,  0., 36., 35.,  0., 30.,  0., 94.,  7.,  0.,  0.,  0.,  0.,  0.,  0., 21., 47.,  0.,  0.]]

🔹 Layer: dense_4
   📐 Output Shape: (1, 84)
   🔢 Output Values:
[[   0.,    0.,    0.,  279., 1008.,  836.,    0.,    0.,    0.,    0.,    0.,    0.,    0., 1587.,    0., 1699.,  577.,    0.,    0.,  580.,    0.,    0.,  240.,  672., 1328., 1052., 1054.,    0.,    0., 1123.,    0.,    0.,    0.,  507., 1296.,  986.,    0.,    0., 1549., 2475.,    0.,  864.,    0.,    0.,    0.,  136., 1480.,  250.,    0.,  991.,    0.,    0.,    0.,    0.,  994., 1170.,    0.,    0.,  108.,    0.,   22.,  974.,    0.,    0., 1011., 1725.,  207., 1888.,    0.,  663.,  980.,    0.,    0.,  838.,    0.,    0.,    0.,    0.,  619.,   94., 1647.,    0.,    0.,    0.]]

🔹 Layer: dense_5
   📐 Output Shape: (1, 10)
   🔢 Output Values:
[[0., 0., 0., 0., 0., 0., 0., 0., 0., 1.]]

🎯 Prediction for Image 100:
   ✅ Predicted Label: 9
   🎯 True Label: 9
   ✅ Result: Correct Prediction
