=============================
  🔍 Inference for Image 101  
=============================

🔹 Layer: input_2
   📐 Output Shape: (1, 28, 28, 1)
   🔢 Output Values:
[[[[0.],
   [0.],
   [0.],
   [0.],
   [0.],
   [0.],
   [0.],
   [0.],
   [0.],
   [0.],
   [0.],
   [0.],
   [0.],
   [0.],
   [0.],
   [0.],
   [0.],
   [0.],
   [0.],
   [0.],
   [0.],
   [0.],
   [0.],
   [0.],
   [0.],
   [0.],
   [0.],
   [0.]],

  [[0.],
   [0.],
   [0.],
   [0.],
   [0.],
   [0.],
   [0.],
   [0.],
   [0.],
   [0.],
   [0.],
   [0.],
   [0.],
   [0.],
   [0.],
   [0.],
   [0.],
   [0.],
   [0.],
   [0.],
   [0.],
   [0.],
   [0.],
   [0.],
   [0.],
   [0.],
   [0.],
   [0.]],

  [[0.],
   [0.],
   [0.],
   [0.],
   [0.],
   [0.],
   [0.],
   [0.],
   [0.],
   [0.],
   [0.],
   [0.],
   [3.],
   [6.],
   [1.],
   [0.],
   [0.],
   [0.],
   [0.],
   [0.],
   [0.],
   [0.],
   [0.],
   [0.],
   [0.],
   [0.],
   [0.],
   [0.]],

  [[0.],
   [0.],
   [0.],
   [0.],
   [0.],
   [0.],
   [0.],
   [0.],
   [0.],
   [0.],
   [0.],
   [1.],
   [6.],
   [6.],
   [2.],
   [0.],
   [0.],
   [0.],
   [0.],
   [0.],
   [0.],
   [0.],
   [0.],
   [0.],
   [0.],
   [0.],
   [0.],
   [0.]],

  [[0.],
   [0.],
   [0.],
   [0.],
   [0.],
   [0.],
   [0.],
   [0.],
   [0.],
   [0.],
   [0.],
   [6.],
   [3.],
   [0.],
   [0.],
   [0.],
   [0.],
   [0.],
   [0.],
   [0.],
   [0.],
   [0.],
   [0.],
   [0.],
   [0.],
   [0.],
   [0.],
   [0.]],

  [[0.],
   [0.],
   [0.],
   [0.],
   [0.],
   [0.],
   [0.],
   [0.],
   [0.],
   [0.],
   [3.],
   [6.],
   [0.],
   [0.],
   [0.],
   [0.],
   [0.],
   [0.],
   [0.],
   [0.],
   [0.],
   [0.],
   [0.],
   [0.],
   [0.],
   [0.],
   [0.],
   [0.]],

  [[0.],
   [0.],
   [0.],
   [0.],
   [0.],
   [0.],
   [0.],
   [0.],
   [0.],
   [0.],
   [6.],
   [3.],
   [0.],
   [0.],
   [0.],
   [0.],
   [0.],
   [0.],
   [0.],
   [0.],
   [0.],
   [0.],
   [0.],
   [0.],
   [0.],
   [0.],
   [0.],
   [0.]],

  [[0.],
   [0.],
   [0.],
   [0.],
   [0.],
   [0.],
   [0.],
   [0.],
   [0.],
   [0.],
   [6.],
   [2.],
   [0.],
   [0.],
   [0.],
   [0.],
   [0.],
   [0.],
   [0.],
   [0.],
   [0.],
   [0.],
   [0.],
   [0.],
   [0.],
   [0.],
   [0.],
   [0.]],

  [[0.],
   [0.],
   [0.],
   [0.],
   [0.],
   [0.],
   [0.],
   [0.],
   [0.],
   [2.],
   [6.],
   [0.],
   [0.],
   [0.],
   [0.],
   [0.],
   [0.],
   [0.],
   [0.],
   [0.],
   [0.],
   [0.],
   [0.],
   [0.],
   [0.],
   [0.],
   [0.],
   [0.]],

  [[0.],
   [0.],
   [0.],
   [0.],
   [0.],
   [0.],
   [0.],
   [0.],
   [0.],
   [5.],
   [6.],
   [0.],
   [0.],
   [0.],
   [0.],
   [0.],
   [0.],
   [0.],
   [0.],
   [0.],
   [0.],
   [0.],
   [0.],
   [0.],
   [0.],
   [0.],
   [0.],
   [0.]],

  [[0.],
   [0.],
   [0.],
   [0.],
   [0.],
   [0.],
   [0.],
   [0.],
   [0.],
   [5.],
   [4.],
   [0.],
   [0.],
   [0.],
   [0.],
   [0.],
   [0.],
   [1.],
   [4.],
   [4.],
   [3.],
   [2.],
   [0.],
   [0.],
   [0.],
   [0.],
   [0.],
   [0.]],

  [[0.],
   [0.],
   [0.],
   [0.],
   [0.],
   [0.],
   [0.],
   [0.],
   [0.],
   [6.],
   [2.],
   [0.],
   [0.],
   [0.],
   [0.],
   [0.],
   [3.],
   [6.],
   [6.],
   [5.],
   [4.],
   [6.],
   [1.],
   [0.],
   [0.],
   [0.],
   [0.],
   [0.]],

  [[0.],
   [0.],
   [0.],
   [0.],
   [0.],
   [0.],
   [0.],
   [0.],
   [0.],
   [6.],
   [1.],
   [0.],
   [0.],
   [0.],
   [0.],
   [4.],
   [6.],
   [2.],
   [0.],
   [0.],
   [0.],
   [2.],
   [6.],
   [0.],
   [0.],
   [0.],
   [0.],
   [0.]],

  [[0.],
   [0.],
   [0.],
   [0.],
   [0.],
   [0.],
   [0.],
   [0.],
   [1.],
   [6.],
   [0.],
   [0.],
   [0.],
   [0.],
   [4.],
   [6.],
   [1.],
   [0.],
   [0.],
   [0.],
   [0.],
   [0.],
   [6.],
   [0.],
   [0.],
   [0.],
   [0.],
   [0.]],

  [[0.],
   [0.],
   [0.],
   [0.],
   [0.],
   [0.],
   [0.],
   [0.],
   [2.],
   [6.],
   [0.],
   [0.],
   [0.],
   [0.],
   [6.],
   [1.],
   [0.],
   [0.],
   [0.],
   [0.],
   [0.],
   [0.],
   [5.],
   [2.],
   [0.],
   [0.],
   [0.],
   [0.]],

  [[0.],
   [0.],
   [0.],
   [0.],
   [0.],
   [0.],
   [0.],
   [0.],
   [2.],
   [6.],
   [1.],
   [0.],
   [0.],
   [3.],
   [6.],
   [0.],
   [0.],
   [0.],
   [0.],
   [0.],
   [0.],
   [0.],
   [5.],
   [2.],
   [0.],
   [0.],
   [0.],
   [0.]],

  [[0.],
   [0.],
   [0.],
   [0.],
   [0.],
   [0.],
   [0.],
   [0.],
   [0.],
   [6.],
   [4.],
   [0.],
   [0.],
   [1.],
   [7.],
   [1.],
   [0.],
   [0.],
   [0.],
   [0.],
   [0.],
   [0.],
   [5.],
   [2.],
   [0.],
   [0.],
   [0.],
   [0.]],

  [[0.],
   [0.],
   [0.],
   [0.],
   [0.],
   [0.],
   [0.],
   [0.],
   [0.],
   [5.],
   [6.],
   [0.],
   [0.],
   [1.],
   [6.],
   [2.],
   [0.],
   [0.],
   [0.],
   [0.],
   [0.],
   [3.],
   [6.],
   [0.],
   [0.],
   [0.],
   [0.],
   [0.]],

  [[0.],
   [0.],
   [0.],
   [0.],
   [0.],
   [0.],
   [0.],
   [0.],
   [0.],
   [2.],
   [6.],
   [4.],
   [0.],
   [0.],
   [4.],
   [6.],
   [3.],
   [3.],
   [3.],
   [1.],
   [2.],
   [6.],
   [1.],
   [0.],
   [0.],
   [0.],
   [0.],
   [0.]],

  [[0.],
   [0.],
   [0.],
   [0.],
   [0.],
   [0.],
   [0.],
   [0.],
   [0.],
   [0.],
   [4.],
   [6.],
   [3.],
   [0.],
   [0.],
   [2.],
   [2.],
   [2.],
   [2.],
   [3.],
   [5.],
   [1.],
   [0.],
   [0.],
   [0.],
   [0.],
   [0.],
   [0.]],

  [[0.],
   [0.],
   [0.],
   [0.],
   [0.],
   [0.],
   [0.],
   [0.],
   [0.],
   [0.],
   [0.],
   [3.],
   [6.],
   [6.],
   [3.],
   [3.],
   [3.],
   [5.],
   [6.],
   [5.],
   [1.],
   [0.],
   [0.],
   [0.],
   [0.],
   [0.],
   [0.],
   [0.]],

  [[0.],
   [0.],
   [0.],
   [0.],
   [0.],
   [0.],
   [0.],
   [0.],
   [0.],
   [0.],
   [0.],
   [0.],
   [1.],
   [3.],
   [5.],
   [6.],
   [4.],
   [3.],
   [1.],
   [0.],
   [0.],
   [0.],
   [0.],
   [0.],
   [0.],
   [0.],
   [0.],
   [0.]],

  [[0.],
   [0.],
   [0.],
   [0.],
   [0.],
   [0.],
   [0.],
   [0.],
   [0.],
   [0.],
   [0.],
   [0.],
   [0.],
   [0.],
   [0.],
   [0.],
   [0.],
   [0.],
   [0.],
   [0.],
   [0.],
   [0.],
   [0.],
   [0.],
   [0.],
   [0.],
   [0.],
   [0.]],

  [[0.],
   [0.],
   [0.],
   [0.],
   [0.],
   [0.],
   [0.],
   [0.],
   [0.],
   [0.],
   [0.],
   [0.],
   [0.],
   [0.],
   [0.],
   [0.],
   [0.],
   [0.],
   [0.],
   [0.],
   [0.],
   [0.],
   [0.],
   [0.],
   [0.],
   [0.],
   [0.],
   [0.]],

  [[0.],
   [0.],
   [0.],
   [0.],
   [0.],
   [0.],
   [0.],
   [0.],
   [0.],
   [0.],
   [0.],
   [0.],
   [0.],
   [0.],
   [0.],
   [0.],
   [0.],
   [0.],
   [0.],
   [0.],
   [0.],
   [0.],
   [0.],
   [0.],
   [0.],
   [0.],
   [0.],
   [0.]],

  [[0.],
   [0.],
   [0.],
   [0.],
   [0.],
   [0.],
   [0.],
   [0.],
   [0.],
   [0.],
   [0.],
   [0.],
   [0.],
   [0.],
   [0.],
   [0.],
   [0.],
   [0.],
   [0.],
   [0.],
   [0.],
   [0.],
   [0.],
   [0.],
   [0.],
   [0.],
   [0.],
   [0.]],

  [[0.],
   [0.],
   [0.],
   [0.],
   [0.],
   [0.],
   [0.],
   [0.],
   [0.],
   [0.],
   [0.],
   [0.],
   [0.],
   [0.],
   [0.],
   [0.],
   [0.],
   [0.],
   [0.],
   [0.],
   [0.],
   [0.],
   [0.],
   [0.],
   [0.],
   [0.],
   [0.],
   [0.]],

  [[0.],
   [0.],
   [0.],
   [0.],
   [0.],
   [0.],
   [0.],
   [0.],
   [0.],
   [0.],
   [0.],
   [0.],
   [0.],
   [0.],
   [0.],
   [0.],
   [0.],
   [0.],
   [0.],
   [0.],
   [0.],
   [0.],
   [0.],
   [0.],
   [0.],
   [0.],
   [0.],
   [0.]]]]

🔹 Layer: zero_padding2d_1
   📐 Output Shape: (1, 30, 30, 1)
   🔢 Output Values:
[[[[0.],
   [0.],
   [0.],
   [0.],
   [0.],
   [0.],
   [0.],
   [0.],
   [0.],
   [0.],
   [0.],
   [0.],
   [0.],
   [0.],
   [0.],
   [0.],
   [0.],
   [0.],
   [0.],
   [0.],
   [0.],
   [0.],
   [0.],
   [0.],
   [0.],
   [0.],
   [0.],
   [0.],
   [0.],
   [0.]],

  [[0.],
   [0.],
   [0.],
   [0.],
   [0.],
   [0.],
   [0.],
   [0.],
   [0.],
   [0.],
   [0.],
   [0.],
   [0.],
   [0.],
   [0.],
   [0.],
   [0.],
   [0.],
   [0.],
   [0.],
   [0.],
   [0.],
   [0.],
   [0.],
   [0.],
   [0.],
   [0.],
   [0.],
   [0.],
   [0.]],

  [[0.],
   [0.],
   [0.],
   [0.],
   [0.],
   [0.],
   [0.],
   [0.],
   [0.],
   [0.],
   [0.],
   [0.],
   [0.],
   [0.],
   [0.],
   [0.],
   [0.],
   [0.],
   [0.],
   [0.],
   [0.],
   [0.],
   [0.],
   [0.],
   [0.],
   [0.],
   [0.],
   [0.],
   [0.],
   [0.]],

  [[0.],
   [0.],
   [0.],
   [0.],
   [0.],
   [0.],
   [0.],
   [0.],
   [0.],
   [0.],
   [0.],
   [0.],
   [0.],
   [3.],
   [6.],
   [1.],
   [0.],
   [0.],
   [0.],
   [0.],
   [0.],
   [0.],
   [0.],
   [0.],
   [0.],
   [0.],
   [0.],
   [0.],
   [0.],
   [0.]],

  [[0.],
   [0.],
   [0.],
   [0.],
   [0.],
   [0.],
   [0.],
   [0.],
   [0.],
   [0.],
   [0.],
   [0.],
   [1.],
   [6.],
   [6.],
   [2.],
   [0.],
   [0.],
   [0.],
   [0.],
   [0.],
   [0.],
   [0.],
   [0.],
   [0.],
   [0.],
   [0.],
   [0.],
   [0.],
   [0.]],

  [[0.],
   [0.],
   [0.],
   [0.],
   [0.],
   [0.],
   [0.],
   [0.],
   [0.],
   [0.],
   [0.],
   [0.],
   [6.],
   [3.],
   [0.],
   [0.],
   [0.],
   [0.],
   [0.],
   [0.],
   [0.],
   [0.],
   [0.],
   [0.],
   [0.],
   [0.],
   [0.],
   [0.],
   [0.],
   [0.]],

  [[0.],
   [0.],
   [0.],
   [0.],
   [0.],
   [0.],
   [0.],
   [0.],
   [0.],
   [0.],
   [0.],
   [3.],
   [6.],
   [0.],
   [0.],
   [0.],
   [0.],
   [0.],
   [0.],
   [0.],
   [0.],
   [0.],
   [0.],
   [0.],
   [0.],
   [0.],
   [0.],
   [0.],
   [0.],
   [0.]],

  [[0.],
   [0.],
   [0.],
   [0.],
   [0.],
   [0.],
   [0.],
   [0.],
   [0.],
   [0.],
   [0.],
   [6.],
   [3.],
   [0.],
   [0.],
   [0.],
   [0.],
   [0.],
   [0.],
   [0.],
   [0.],
   [0.],
   [0.],
   [0.],
   [0.],
   [0.],
   [0.],
   [0.],
   [0.],
   [0.]],

  [[0.],
   [0.],
   [0.],
   [0.],
   [0.],
   [0.],
   [0.],
   [0.],
   [0.],
   [0.],
   [0.],
   [6.],
   [2.],
   [0.],
   [0.],
   [0.],
   [0.],
   [0.],
   [0.],
   [0.],
   [0.],
   [0.],
   [0.],
   [0.],
   [0.],
   [0.],
   [0.],
   [0.],
   [0.],
   [0.]],

  [[0.],
   [0.],
   [0.],
   [0.],
   [0.],
   [0.],
   [0.],
   [0.],
   [0.],
   [0.],
   [2.],
   [6.],
   [0.],
   [0.],
   [0.],
   [0.],
   [0.],
   [0.],
   [0.],
   [0.],
   [0.],
   [0.],
   [0.],
   [0.],
   [0.],
   [0.],
   [0.],
   [0.],
   [0.],
   [0.]],

  [[0.],
   [0.],
   [0.],
   [0.],
   [0.],
   [0.],
   [0.],
   [0.],
   [0.],
   [0.],
   [5.],
   [6.],
   [0.],
   [0.],
   [0.],
   [0.],
   [0.],
   [0.],
   [0.],
   [0.],
   [0.],
   [0.],
   [0.],
   [0.],
   [0.],
   [0.],
   [0.],
   [0.],
   [0.],
   [0.]],

  [[0.],
   [0.],
   [0.],
   [0.],
   [0.],
   [0.],
   [0.],
   [0.],
   [0.],
   [0.],
   [5.],
   [4.],
   [0.],
   [0.],
   [0.],
   [0.],
   [0.],
   [0.],
   [1.],
   [4.],
   [4.],
   [3.],
   [2.],
   [0.],
   [0.],
   [0.],
   [0.],
   [0.],
   [0.],
   [0.]],

  [[0.],
   [0.],
   [0.],
   [0.],
   [0.],
   [0.],
   [0.],
   [0.],
   [0.],
   [0.],
   [6.],
   [2.],
   [0.],
   [0.],
   [0.],
   [0.],
   [0.],
   [3.],
   [6.],
   [6.],
   [5.],
   [4.],
   [6.],
   [1.],
   [0.],
   [0.],
   [0.],
   [0.],
   [0.],
   [0.]],

  [[0.],
   [0.],
   [0.],
   [0.],
   [0.],
   [0.],
   [0.],
   [0.],
   [0.],
   [0.],
   [6.],
   [1.],
   [0.],
   [0.],
   [0.],
   [0.],
   [4.],
   [6.],
   [2.],
   [0.],
   [0.],
   [0.],
   [2.],
   [6.],
   [0.],
   [0.],
   [0.],
   [0.],
   [0.],
   [0.]],

  [[0.],
   [0.],
   [0.],
   [0.],
   [0.],
   [0.],
   [0.],
   [0.],
   [0.],
   [1.],
   [6.],
   [0.],
   [0.],
   [0.],
   [0.],
   [4.],
   [6.],
   [1.],
   [0.],
   [0.],
   [0.],
   [0.],
   [0.],
   [6.],
   [0.],
   [0.],
   [0.],
   [0.],
   [0.],
   [0.]],

  [[0.],
   [0.],
   [0.],
   [0.],
   [0.],
   [0.],
   [0.],
   [0.],
   [0.],
   [2.],
   [6.],
   [0.],
   [0.],
   [0.],
   [0.],
   [6.],
   [1.],
   [0.],
   [0.],
   [0.],
   [0.],
   [0.],
   [0.],
   [5.],
   [2.],
   [0.],
   [0.],
   [0.],
   [0.],
   [0.]],

  [[0.],
   [0.],
   [0.],
   [0.],
   [0.],
   [0.],
   [0.],
   [0.],
   [0.],
   [2.],
   [6.],
   [1.],
   [0.],
   [0.],
   [3.],
   [6.],
   [0.],
   [0.],
   [0.],
   [0.],
   [0.],
   [0.],
   [0.],
   [5.],
   [2.],
   [0.],
   [0.],
   [0.],
   [0.],
   [0.]],

  [[0.],
   [0.],
   [0.],
   [0.],
   [0.],
   [0.],
   [0.],
   [0.],
   [0.],
   [0.],
   [6.],
   [4.],
   [0.],
   [0.],
   [1.],
   [7.],
   [1.],
   [0.],
   [0.],
   [0.],
   [0.],
   [0.],
   [0.],
   [5.],
   [2.],
   [0.],
   [0.],
   [0.],
   [0.],
   [0.]],

  [[0.],
   [0.],
   [0.],
   [0.],
   [0.],
   [0.],
   [0.],
   [0.],
   [0.],
   [0.],
   [5.],
   [6.],
   [0.],
   [0.],
   [1.],
   [6.],
   [2.],
   [0.],
   [0.],
   [0.],
   [0.],
   [0.],
   [3.],
   [6.],
   [0.],
   [0.],
   [0.],
   [0.],
   [0.],
   [0.]],

  [[0.],
   [0.],
   [0.],
   [0.],
   [0.],
   [0.],
   [0.],
   [0.],
   [0.],
   [0.],
   [2.],
   [6.],
   [4.],
   [0.],
   [0.],
   [4.],
   [6.],
   [3.],
   [3.],
   [3.],
   [1.],
   [2.],
   [6.],
   [1.],
   [0.],
   [0.],
   [0.],
   [0.],
   [0.],
   [0.]],

  [[0.],
   [0.],
   [0.],
   [0.],
   [0.],
   [0.],
   [0.],
   [0.],
   [0.],
   [0.],
   [0.],
   [4.],
   [6.],
   [3.],
   [0.],
   [0.],
   [2.],
   [2.],
   [2.],
   [2.],
   [3.],
   [5.],
   [1.],
   [0.],
   [0.],
   [0.],
   [0.],
   [0.],
   [0.],
   [0.]],

  [[0.],
   [0.],
   [0.],
   [0.],
   [0.],
   [0.],
   [0.],
   [0.],
   [0.],
   [0.],
   [0.],
   [0.],
   [3.],
   [6.],
   [6.],
   [3.],
   [3.],
   [3.],
   [5.],
   [6.],
   [5.],
   [1.],
   [0.],
   [0.],
   [0.],
   [0.],
   [0.],
   [0.],
   [0.],
   [0.]],

  [[0.],
   [0.],
   [0.],
   [0.],
   [0.],
   [0.],
   [0.],
   [0.],
   [0.],
   [0.],
   [0.],
   [0.],
   [0.],
   [1.],
   [3.],
   [5.],
   [6.],
   [4.],
   [3.],
   [1.],
   [0.],
   [0.],
   [0.],
   [0.],
   [0.],
   [0.],
   [0.],
   [0.],
   [0.],
   [0.]],

  [[0.],
   [0.],
   [0.],
   [0.],
   [0.],
   [0.],
   [0.],
   [0.],
   [0.],
   [0.],
   [0.],
   [0.],
   [0.],
   [0.],
   [0.],
   [0.],
   [0.],
   [0.],
   [0.],
   [0.],
   [0.],
   [0.],
   [0.],
   [0.],
   [0.],
   [0.],
   [0.],
   [0.],
   [0.],
   [0.]],

  [[0.],
   [0.],
   [0.],
   [0.],
   [0.],
   [0.],
   [0.],
   [0.],
   [0.],
   [0.],
   [0.],
   [0.],
   [0.],
   [0.],
   [0.],
   [0.],
   [0.],
   [0.],
   [0.],
   [0.],
   [0.],
   [0.],
   [0.],
   [0.],
   [0.],
   [0.],
   [0.],
   [0.],
   [0.],
   [0.]],

  [[0.],
   [0.],
   [0.],
   [0.],
   [0.],
   [0.],
   [0.],
   [0.],
   [0.],
   [0.],
   [0.],
   [0.],
   [0.],
   [0.],
   [0.],
   [0.],
   [0.],
   [0.],
   [0.],
   [0.],
   [0.],
   [0.],
   [0.],
   [0.],
   [0.],
   [0.],
   [0.],
   [0.],
   [0.],
   [0.]],

  [[0.],
   [0.],
   [0.],
   [0.],
   [0.],
   [0.],
   [0.],
   [0.],
   [0.],
   [0.],
   [0.],
   [0.],
   [0.],
   [0.],
   [0.],
   [0.],
   [0.],
   [0.],
   [0.],
   [0.],
   [0.],
   [0.],
   [0.],
   [0.],
   [0.],
   [0.],
   [0.],
   [0.],
   [0.],
   [0.]],

  [[0.],
   [0.],
   [0.],
   [0.],
   [0.],
   [0.],
   [0.],
   [0.],
   [0.],
   [0.],
   [0.],
   [0.],
   [0.],
   [0.],
   [0.],
   [0.],
   [0.],
   [0.],
   [0.],
   [0.],
   [0.],
   [0.],
   [0.],
   [0.],
   [0.],
   [0.],
   [0.],
   [0.],
   [0.],
   [0.]],

  [[0.],
   [0.],
   [0.],
   [0.],
   [0.],
   [0.],
   [0.],
   [0.],
   [0.],
   [0.],
   [0.],
   [0.],
   [0.],
   [0.],
   [0.],
   [0.],
   [0.],
   [0.],
   [0.],
   [0.],
   [0.],
   [0.],
   [0.],
   [0.],
   [0.],
   [0.],
   [0.],
   [0.],
   [0.],
   [0.]],

  [[0.],
   [0.],
   [0.],
   [0.],
   [0.],
   [0.],
   [0.],
   [0.],
   [0.],
   [0.],
   [0.],
   [0.],
   [0.],
   [0.],
   [0.],
   [0.],
   [0.],
   [0.],
   [0.],
   [0.],
   [0.],
   [0.],
   [0.],
   [0.],
   [0.],
   [0.],
   [0.],
   [0.],
   [0.],
   [0.]]]]

🔹 Layer: conv2d_2
   📐 Output Shape: (1, 28, 28, 4)
   🔢 Output Values:
[[[[  0.,   0.,   0.,   0.],
   [  0.,   0.,   0.,   0.],
   [  0.,   0.,   0.,   0.],
   [  0.,   0.,   0.,   0.],
   [  0.,   0.,   0.,   0.],
   [  0.,   0.,   0.,   0.],
   [  0.,   0.,   0.,   0.],
   [  0.,   0.,   0.,   0.],
   [  0.,   0.,   0.,   0.],
   [  0.,   0.,   0.,   0.],
   [  0.,   0.,   0.,   0.],
   [  0.,   0.,   0.,   0.],
   [  0.,   0.,   0.,   0.],
   [  0.,   0.,   0.,   0.],
   [  0.,   0.,   0.,   0.],
   [  0.,   0.,   0.,   0.],
   [  0.,   0.,   0.,   0.],
   [  0.,   0.,   0.,   0.],
   [  0.,   0.,   0.,   0.],
   [  0.,   0.,   0.,   0.],
   [  0.,   0.,   0.,   0.],
   [  0.,   0.,   0.,   0.],
   [  0.,   0.,   0.,   0.],
   [  0.,   0.,   0.,   0.],
   [  0.,   0.,   0.,   0.],
   [  0.,   0.,   0.,   0.],
   [  0.,   0.,   0.,   0.],
   [  0.,   0.,   0.,   0.]],

  [[  0.,   0.,   0.,   0.],
   [  0.,   0.,   0.,   0.],
   [  0.,   0.,   0.,   0.],
   [  0.,   0.,   0.,   0.],
   [  0.,   0.,   0.,   0.],
   [  0.,   0.,   0.,   0.],
   [  0.,   0.,   0.,   0.],
   [  0.,   0.,   0.,   0.],
   [  0.,   0.,   0.,   0.],
   [  0.,   0.,   0.,   0.],
   [  0.,   0.,   0.,   0.],
   [  0.,   0.,  15.,   9.],
   [  0.,   0.,  21.,  30.],
   [ 38.,   0.,   0.,  18.],
   [ 18.,   0.,   0.,   0.],
   [  2.,   0.,   0.,   0.],
   [  0.,   0.,   0.,   0.],
   [  0.,   0.,   0.,   0.],
   [  0.,   0.,   0.,   0.],
   [  0.,   0.,   0.,   0.],
   [  0.,   0.,   0.,   0.],
   [  0.,   0.,   0.,   0.],
   [  0.,   0.,   0.,   0.],
   [  0.,   0.,   0.,   0.],
   [  0.,   0.,   0.,   0.],
   [  0.,   0.,   0.,   0.],
   [  0.,   0.,   0.,   0.],
   [  0.,   0.,   0.,   0.]],

  [[  0.,   0.,   0.,   0.],
   [  0.,   0.,   0.,   0.],
   [  0.,   0.,   0.,   0.],
   [  0.,   0.,   0.,   0.],
   [  0.,   0.,   0.,   0.],
   [  0.,   0.,   0.,   0.],
   [  0.,   0.,   0.,   0.],
   [  0.,   0.,   0.,   0.],
   [  0.,   0.,   0.,   0.],
   [  0.,   0.,   0.,   0.],
   [  0.,   0.,   5.,   3.],
   [  0.,   0.,  36.,  37.],
   [ 14.,   0.,   4.,  75.],
   [ 22.,   0.,   0.,   8.],
   [ 48.,   0.,   0.,   0.],
   [  9.,   0.,   0.,   0.],
   [  0.,   0.,   0.,   0.],
   [  0.,   0.,   0.,   0.],
   [  0.,   0.,   0.,   0.],
   [  0.,   0.,   0.,   0.],
   [  0.,   0.,   0.,   0.],
   [  0.,   0.,   0.,   0.],
   [  0.,   0.,   0.,   0.],
   [  0.,   0.,   0.,   0.],
   [  0.,   0.,   0.,   0.],
   [  0.,   0.,   0.,   0.],
   [  0.,   0.,   0.,   0.],
   [  0.,   0.,   0.,   0.]],

  [[  0.,   0.,   0.,   0.],
   [  0.,   0.,   0.,   0.],
   [  0.,   0.,   0.,   0.],
   [  0.,   0.,   0.,   0.],
   [  0.,   0.,   0.,   0.],
   [  0.,   0.,   0.,   0.],
   [  0.,   0.,   0.,   0.],
   [  0.,   0.,   0.,   0.],
   [  0.,   0.,   0.,   0.],
   [  0.,   0.,   0.,   0.],
   [  0.,   0.,  33.,  23.],
   [ 18.,   0.,   0.,  80.],
   [  0.,   0.,   0.,  56.],
   [ 45.,   0.,   0.,   0.],
   [ 64.,   2.,  23.,   0.],
   [ 17.,   0.,  12.,   0.],
   [  0.,   0.,   0.,   0.],
   [  0.,   0.,   0.,   0.],
   [  0.,   0.,   0.,   0.],
   [  0.,   0.,   0.,   0.],
   [  0.,   0.,   0.,   0.],
   [  0.,   0.,   0.,   0.],
   [  0.,   0.,   0.,   0.],
   [  0.,   0.,   0.,   0.],
   [  0.,   0.,   0.,   0.],
   [  0.,   0.,   0.,   0.],
   [  0.,   0.,   0.,   0.],
   [  0.,   0.,   0.,   0.]],

  [[  0.,   0.,   0.,   0.],
   [  0.,   0.,   0.,   0.],
   [  0.,   0.,   0.,   0.],
   [  0.,   0.,   0.,   0.],
   [  0.,   0.,   0.,   0.],
   [  0.,   0.,   0.,   0.],
   [  0.,   0.,   0.,   0.],
   [  0.,   0.,   0.,   0.],
   [  0.,   0.,   0.,   0.],
   [  0.,   0.,  15.,   9.],
   [  6.,   0.,  36.,  65.],
   [  0.,   0.,   0.,  71.],
   [ 19.,   7.,   0.,   0.],
   [ 69.,  27.,  18.,   0.],
   [ 50.,  10.,   2.,   0.],
   [ 14.,   2.,   0.,   0.],
   [  0.,   0.,   0.,   0.],
   [  0.,   0.,   0.,   0.],
   [  0.,   0.,   0.,   0.],
   [  0.,   0.,   0.,   0.],
   [  0.,   0.,   0.,   0.],
   [  0.,   0.,   0.,   0.],
   [  0.,   0.,   0.,   0.],
   [  0.,   0.,   0.,   0.],
   [  0.,   0.,   0.,   0.],
   [  0.,   0.,   0.,   0.],
   [  0.,   0.,   0.,   0.],
   [  0.,   0.,   0.,   0.]],

  [[  0.,   0.,   0.,   0.],
   [  0.,   0.,   0.,   0.],
   [  0.,   0.,   0.,   0.],
   [  0.,   0.,   0.,   0.],
   [  0.,   0.,   0.,   0.],
   [  0.,   0.,   0.,   0.],
   [  0.,   0.,   0.,   0.],
   [  0.,   0.,   0.,   0.],
   [  0.,   0.,   0.,   0.],
   [  0.,   0.,  39.,  33.],
   [  0.,   0.,   0.,  99.],
   [ 15.,   0.,   0.,   0.],
   [ 90.,   0.,  24.,   0.],
   [ 21.,   3.,   0.,   0.],
   [  0.,   0.,   0.,   0.],
   [  0.,   0.,   0.,   0.],
   [  0.,   0.,   0.,   0.],
   [  0.,   0.,   0.,   0.],
   [  0.,   0.,   0.,   0.],
   [  0.,   0.,   0.,   0.],
   [  0.,   0.,   0.,   0.],
   [  0.,   0.,   0.,   0.],
   [  0.,   0.,   0.,   0.],
   [  0.,   0.,   0.,   0.],
   [  0.,   0.,   0.,   0.],
   [  0.,   0.,   0.,   0.],
   [  0.,   0.,   0.,   0.],
   [  0.,   0.,   0.,   0.]],

  [[  0.,   0.,   0.,   0.],
   [  0.,   0.,   0.,   0.],
   [  0.,   0.,   0.,   0.],
   [  0.,   0.,   0.,   0.],
   [  0.,   0.,   0.,   0.],
   [  0.,   0.,   0.,   0.],
   [  0.,   0.,   0.,   0.],
   [  0.,   0.,   0.,   0.],
   [  0.,   0.,   0.,   0.],
   [  0.,   0.,  39.,  63.],
   [  0.,   0.,   0.,  84.],
   [ 81.,   0.,   0.,   0.],
   [ 61.,   0.,   8.,   0.],
   [  0.,   0.,   0.,   0.],
   [  0.,   0.,   0.,   0.],
   [  0.,   0.,   0.,   0.],
   [  0.,   0.,   0.,   0.],
   [  0.,   0.,   0.,   0.],
   [  0.,   0.,   0.,   0.],
   [  0.,   0.,   0.,   0.],
   [  0.,   0.,   0.,   0.],
   [  0.,   0.,   0.,   0.],
   [  0.,   0.,   0.,   0.],
   [  0.,   0.,   0.,   0.],
   [  0.,   0.,   0.,   0.],
   [  0.,   0.,   0.,   0.],
   [  0.,   0.,   0.,   0.],
   [  0.,   0.,   0.,   0.]],

  [[  0.,   0.,   0.,   0.],
   [  0.,   0.,   0.,   0.],
   [  0.,   0.,   0.,   0.],
   [  0.,   0.,   0.,   0.],
   [  0.,   0.,   0.,   0.],
   [  0.,   0.,   0.,   0.],
   [  0.,   0.,   0.,   0.],
   [  0.,   0.,   0.,   0.],
   [  0.,   0.,  10.,   6.],
   [  0.,   0.,  24.,  86.],
   [ 16.,   0.,   0.,  49.],
   [ 84.,   0.,   0.,   0.],
   [ 31.,   1.,  12.,   0.],
   [  0.,   0.,   0.,   0.],
   [  0.,   0.,   0.,   0.],
   [  0.,   0.,   0.,   0.],
   [  0.,   0.,   0.,   0.],
   [  0.,   0.,   0.,   0.],
   [  0.,   0.,   0.,   0.],
   [  0.,   0.,   0.,   0.],
   [  0.,   0.,   0.,   0.],
   [  0.,   0.,   0.,   0.],
   [  0.,   0.,   0.,   0.],
   [  0.,   0.,   0.,   0.],
   [  0.,   0.,   0.,   0.],
   [  0.,   0.,   0.,   0.],
   [  0.,   0.,   0.,   0.],
   [  0.,   0.,   0.,   0.]],

  [[  0.,   0.,   0.,   0.],
   [  0.,   0.,   0.,   0.],
   [  0.,   0.,   0.,   0.],
   [  0.,   0.,   0.,   0.],
   [  0.,   0.,   0.,   0.],
   [  0.,   0.,   0.,   0.],
   [  0.,   0.,   0.,   0.],
   [  0.,   0.,   0.,   0.],
   [  0.,   0.,  31.,  25.],
   [  0.,   0.,   1., 102.],
   [ 32.,   0.,   0.,  11.],
   [ 92.,   0.,   8.,   0.],
   [ 14.,   2.,   0.,   0.],
   [  0.,   0.,   0.,   0.],
   [  0.,   0.,   0.,   0.],
   [  0.,   0.,   0.,   0.],
   [  0.,   0.,   0.,   0.],
   [  0.,   0.,   0.,   0.],
   [  0.,   0.,   0.,   0.],
   [  0.,   0.,   0.,   0.],
   [  0.,   0.,   0.,   0.],
   [  0.,   0.,   0.,   0.],
   [  0.,   0.,   0.,   0.],
   [  0.,   0.,   0.,   0.],
   [  0.,   0.,   0.,   0.],
   [  0.,   0.,   0.,   0.],
   [  0.,   0.,   0.,   0.],
   [  0.,   0.,   0.,   0.]],

  [[  0.,   0.,   0.,   0.],
   [  0.,   0.,   0.,   0.],
   [  0.,   0.,   0.,   0.],
   [  0.,   0.,   0.,   0.],
   [  0.,   0.,   0.,   0.],
   [  0.,   0.,   0.,   0.],
   [  0.,   0.,   0.,   0.],
   [  0.,   0.,   0.,   0.],
   [  0.,   0.,  34.,  50.],
   [  0.,   0.,   0., 100.],
   [ 61.,   0.,   0.,   0.],
   [ 80.,   0.,  16.,   0.],
   [  0.,   0.,   0.,   0.],
   [  0.,   0.,   0.,   0.],
   [  0.,   0.,   0.,   0.],
   [  0.,   0.,   0.,   0.],
   [  0.,   0.,   5.,   3.],
   [  0.,   0.,  17.,  16.],
   [ 10.,   0.,   3.,  25.],
   [ 20.,   0.,   0.,  13.],
   [ 18.,   0.,   0.,   6.],
   [ 18.,   0.,   0.,   0.],
   [  4.,   0.,   0.,   0.],
   [  0.,   0.,   0.,   0.],
   [  0.,   0.,   0.,   0.],
   [  0.,   0.,   0.,   0.],
   [  0.,   0.,   0.,   0.],
   [  0.,   0.,   0.,   0.]],

  [[  0.,   0.,   0.,   0.],
   [  0.,   0.,   0.,   0.],
   [  0.,   0.,   0.,   0.],
   [  0.,   0.,   0.,   0.],
   [  0.,   0.,   0.,   0.],
   [  0.,   0.,   0.,   0.],
   [  0.,   0.,   0.,   0.],
   [  0.,   0.,   0.,   0.],
   [  0.,   1.,  30.,  68.],
   [  0.,   0.,   0.,  85.],
   [ 84.,   0.,   0.,   0.],
   [ 66.,   0.,  14.,   0.],
   [  0.,   0.,   0.,   0.],
   [  0.,   0.,   0.,   0.],
   [  0.,   0.,   0.,   0.],
   [  0.,   0.,  15.,   9.],
   [  0.,   0.,  24.,  35.],
   [ 24.,   0.,   2.,  55.],
   [ 21.,   0.,   0.,  42.],
   [ 31.,   0.,   0.,   9.],
   [ 18.,   0.,   2.,   7.],
   [ 43.,   0.,   0.,   0.],
   [ 28.,   0.,   0.,   0.],
   [  2.,   0.,   0.,   0.],
   [  0.,   0.,   0.,   0.],
   [  0.,   0.,   0.,   0.],
   [  0.,   0.,   0.,   0.],
   [  0.,   0.,   0.,   0.]],

  [[  0.,   0.,   0.,   0.],
   [  0.,   0.,   0.,   0.],
   [  0.,   0.,   0.,   0.],
   [  0.,   0.,   0.,   0.],
   [  0.,   0.,   0.,   0.],
   [  0.,   0.,   0.,   0.],
   [  0.,   0.,   0.,   0.],
   [  0.,   0.,   0.,   0.],
   [  0.,   0.,  33.,  73.],
   [  0.,   0.,   0.,  64.],
   [ 87.,   0.,   0.,   0.],
   [ 40.,   0.,   7.,   0.],
   [  0.,   0.,   0.,   0.],
   [  0.,   0.,   0.,   0.],
   [  0.,   0.,  20.,  12.],
   [  9.,   0.,  27.,  49.],
   [ 30.,   0.,   0.,  59.],
   [  1.,   0.,   0.,  30.],
   [ 12.,  10.,   0.,   0.],
   [ 38.,  20.,   8.,   0.],
   [ 39.,   3.,  27.,   0.],
   [  4.,   0.,  11.,   0.],
   [ 78.,   0.,   1.,   0.],
   [ 17.,   0.,   0.,   0.],
   [  0.,   0.,   0.,   0.],
   [  0.,   0.,   0.,   0.],
   [  0.,   0.,   0.,   0.],
   [  0.,   0.,   0.,   0.]],

  [[  0.,   0.,   0.,   0.],
   [  0.,   0.,   0.,   0.],
   [  0.,   0.,   0.,   0.],
   [  0.,   0.,   0.,   0.],
   [  0.,   0.,   0.,   0.],
   [  0.,   0.,   0.,   0.],
   [  0.,   0.,   0.,   0.],
   [  0.,   0.,   5.,   3.],
   [  0.,   0.,  27.,  82.],
   [ 17.,   0.,   0.,  42.],
   [ 86.,   0.,   1.,   0.],
   [ 19.,   1.,   6.,   0.],
   [  0.,   0.,   0.,   0.],
   [  0.,   0.,  20.,  12.],
   [ 12.,   0.,  30.,  54.],
   [ 16.,   0.,   0.,  68.],
   [  0.,   0.,   0.,   7.],
   [ 29.,  39.,   5.,   0.],
   [ 46.,  46.,   3.,   0.],
   [ 38.,  40.,   0.,   0.],
   [ 21.,  47.,   0.,  11.],
   [ 28.,   0.,  37.,  31.],
   [ 56.,   0.,   0.,   0.],
   [ 49.,   0.,   6.,   0.],
   [  0.,   0.,   0.,   0.],
   [  0.,   0.,   0.,   0.],
   [  0.,   0.,   0.,   0.],
   [  0.,   0.,   0.,   0.]],

  [[  0.,   0.,   0.,   0.],
   [  0.,   0.,   0.,   0.],
   [  0.,   0.,   0.,   0.],
   [  0.,   0.,   0.,   0.],
   [  0.,   0.,   0.,   0.],
   [  0.,   0.,   0.,   0.],
   [  0.,   0.,   0.,   0.],
   [  0.,   0.,  13.,  11.],
   [  0.,   0.,  17.,  88.],
   [ 27.,   0.,   0.,  22.],
   [ 88.,   0.,   7.,   0.],
   [  7.,   1.,   0.,   0.],
   [  0.,   0.,   0.,   0.],
   [  0.,   0.,  42.,  38.],
   [  2.,   0.,   0.,  85.],
   [  0.,   0.,   0.,   1.],
   [ 66.,  16.,  24.,   0.],
   [ 55.,   9.,   8.,   0.],
   [ 14.,   2.,   0.,   0.],
   [  0.,   0.,   0.,   0.],
   [  0.,  12.,   0.,  10.],
   [  0.,  14.,  27.,  73.],
   [ 24.,   0.,   0.,  22.],
   [ 94.,   0.,   5.,   0.],
   [  4.,   0.,   0.,   0.],
   [  0.,   0.,   0.,   0.],
   [  0.,   0.,   0.,   0.],
   [  0.,   0.,   0.,   0.]],

  [[  0.,   0.,   0.,   0.],
   [  0.,   0.,   0.,   0.],
   [  0.,   0.,   0.,   0.],
   [  0.,   0.,   0.,   0.],
   [  0.,   0.,   0.,   0.],
   [  0.,   0.,   0.,   0.],
   [  0.,   0.,   0.,   0.],
   [  0.,   0.,  13.,  21.],
   [  0.,   0.,  11.,  89.],
   [ 41.,   0.,   0.,   8.],
   [ 90.,   0.,   3.,   0.],
   [  2.,   0.,   0.,   0.],
   [  0.,   0.,  15.,   9.],
   [  0.,   0.,  27.,  80.],
   [  0.,   0.,   0.,  58.],
   [ 82.,   0.,   2.,   0.],
   [ 51.,   7.,   7.,   0.],
   [  7.,   1.,   0.,   0.],
   [  0.,   0.,   0.,   0.],
   [  0.,   0.,   0.,   0.],
   [  0.,   0.,   0.,   0.],
   [  0.,  11.,  22.,  70.],
   [ 22.,   0.,   0.,  40.],
   [ 77.,   0.,   0.,   0.],
   [ 14.,   0.,   2.,   0.],
   [  0.,   0.,   0.,   0.],
   [  0.,   0.,   0.,   0.],
   [  0.,   0.,   0.,   0.]],

  [[  0.,   0.,   0.,   0.],
   [  0.,   0.,   0.,   0.],
   [  0.,   0.,   0.,   0.],
   [  0.,   0.,   0.,   0.],
   [  0.,   0.,   0.,   0.],
   [  0.,   0.,   0.,   0.],
   [  0.,   0.,   0.,   0.],
   [  0.,  10.,   0.,  20.],
   [  0.,  10.,  18.,  80.],
   [ 35.,   0.,   0.,  23.],
   [102.,   0.,   0.,   0.],
   [ 13.,   0.,   0.,   0.],
   [  5.,   0.,  14.,  18.],
   [  0.,   0.,  11.,  91.],
   [ 37.,   0.,   0.,  18.],
   [ 96.,   0.,   0.,   0.],
   [  9.,   0.,   0.,   0.],
   [  0.,   0.,   0.,   0.],
   [  0.,   0.,   0.,   0.],
   [  0.,   0.,   0.,   0.],
   [  0.,   0.,   0.,   0.],
   [  0.,   5.,  25.,  65.],
   [  6.,   0.,   0.,  51.],
   [ 78.,   0.,   0.,   0.],
   [ 28.,   0.,   2.,   0.],
   [  0.,   0.,   0.,   0.],
   [  0.,   0.,   0.,   0.],
   [  0.,   0.,   0.,   0.]],

  [[  0.,   0.,   0.,   0.],
   [  0.,   0.,   0.,   0.],
   [  0.,   0.,   0.,   0.],
   [  0.,   0.,   0.,   0.],
   [  0.,   0.,   0.,   0.],
   [  0.,   0.,   0.,   0.],
   [  0.,   0.,   0.,   0.],
   [  0.,  12.,   0.,  10.],
   [  0.,  14.,  27.,  73.],
   [ 14.,   0.,   0.,  59.],
   [ 98.,   0.,   0.,   0.],
   [ 39.,   0.,   0.,   0.],
   [  0.,  13.,   0.,  23.],
   [  0.,   4.,  26.,  86.],
   [ 41.,   0.,   0.,  18.],
   [ 95.,   0.,   0.,   0.],
   [  9.,   0.,   0.,   0.],
   [  0.,   0.,   0.,   0.],
   [  0.,   0.,   0.,   0.],
   [  0.,   0.,   0.,   0.],
   [  0.,   0.,  15.,   9.],
   [  0.,   0.,  21.,  80.],
   [ 26.,   0.,   0.,  40.],
   [ 68.,   0.,   0.,   0.],
   [ 24.,   0.,  12.,   0.],
   [  0.,   0.,   0.,   0.],
   [  0.,   0.,   0.,   0.],
   [  0.,   0.,   0.,   0.]],

  [[  0.,   0.,   0.,   0.],
   [  0.,   0.,   0.,   0.],
   [  0.,   0.,   0.,   0.],
   [  0.,   0.,   0.,   0.],
   [  0.,   0.,   0.,   0.],
   [  0.,   0.,   0.,   0.],
   [  0.,   0.,   0.,   0.],
   [  0.,   0.,   0.,   0.],
   [  0.,  23.,   7.,  61.],
   [  0.,   0.,   1.,  80.],
   [ 71.,   0.,   0.,   0.],
   [ 94.,   0.,   0.,   0.],
   [  5.,   0.,   0.,   0.],
   [  0.,  22.,  11.,  78.],
   [  4.,   0.,   0.,  42.],
   [103.,   0.,   0.,   0.],
   [ 35.,   0.,   0.,   0.],
   [ 12.,   0.,   0.,  12.],
   [ 20.,   0.,   0.,   6.],
   [  4.,   0.,   0.,   1.],
   [  0.,   0.,  28.,  38.],
   [  6.,   0.,   0.,  82.],
   [  5.,   0.,   0.,   0.],
   [ 75.,   0.,  33.,   0.],
   [ 14.,   2.,   0.,   0.],
   [  0.,   0.,   0.,   0.],
   [  0.,   0.,   0.,   0.],
   [  0.,   0.,   0.,   0.]],

  [[  0.,   0.,   0.,   0.],
   [  0.,   0.,   0.,   0.],
   [  0.,   0.,   0.,   0.],
   [  0.,   0.,   0.,   0.],
   [  0.,   0.,   0.,   0.],
   [  0.,   0.,   0.,   0.],
   [  0.,   0.,   0.,   0.],
   [  0.,   0.,   0.,   0.],
   [  0.,  28.,   0.,  35.],
   [  0.,  24.,  11.,  71.],
   [ 45.,   0.,   6.,  21.],
   [ 80.,   0.,   0.,   0.],
   [ 44.,   0.,   0.,   0.],
   [  0.,  16.,   0.,  40.],
   [  5.,  11.,   0.,  43.],
   [ 47.,   0.,   0.,   0.],
   [ 43.,   0.,  18.,   0.],
   [ 14.,   0.,   0.,   8.],
   [  4.,   0.,   0.,   1.],
   [ 17.,   0.,  23.,  12.],
   [ 25.,   0.,   0.,  56.],
   [  0.,   2.,   0.,  19.],
   [ 71.,   3.,  30.,   0.],
   [ 47.,   5.,   6.,   0.],
   [  0.,   0.,   0.,   0.],
   [  0.,   0.,   0.,   0.],
   [  0.,   0.,   0.,   0.],
   [  0.,   0.,   0.,   0.]],

  [[  0.,   0.,   0.,   0.],
   [  0.,   0.,   0.,   0.],
   [  0.,   0.,   0.,   0.],
   [  0.,   0.,   0.,   0.],
   [  0.,   0.,   0.,   0.],
   [  0.,   0.,   0.,   0.],
   [  0.,   0.,   0.,   0.],
   [  0.,   0.,   0.,   0.],
   [  0.,  12.,   0.,  10.],
   [  0.,  36.,   0.,  48.],
   [  0.,  20.,   0.,  51.],
   [ 45.,   0.,  16.,   0.],
   [ 58.,   0.,  12.,   0.],
   [ 27.,   0.,   0.,  14.],
   [  4.,   0.,   0.,  39.],
   [ 40.,   0.,   0.,  15.],
   [ 44.,   0.,   0.,   0.],
   [ 31.,   0.,   0.,  26.],
   [ 60.,   0.,   0.,  16.],
   [ 58.,   0.,   0.,  16.],
   [  0.,   0.,   0.,   6.],
   [ 53.,   9.,  21.,   0.],
   [ 51.,   7.,   7.,   0.],
   [  7.,   1.,   0.,   0.],
   [  0.,   0.,   0.,   0.],
   [  0.,   0.,   0.,   0.],
   [  0.,   0.,   0.,   0.],
   [  0.,   0.,   0.,   0.]],

  [[  0.,   0.,   0.,   0.],
   [  0.,   0.,   0.,   0.],
   [  0.,   0.,   0.,   0.],
   [  0.,   0.,   0.,   0.],
   [  0.,   0.,   0.,   0.],
   [  0.,   0.,   0.,   0.],
   [  0.,   0.,   0.,   0.],
   [  0.,   0.,   0.,   0.],
   [  0.,   0.,   0.,   0.],
   [  0.,  24.,   0.,  20.],
   [  0.,  41.,   0.,  41.],
   [ 30.,  24.,   0.,  28.],
   [ 45.,   0.,   9.,   1.],
   [ 24.,   0.,  14.,   0.],
   [ 21.,   0.,  18.,  18.],
   [ 32.,   0.,   0.,  29.],
   [ 46.,   0.,   0.,  15.],
   [ 35.,   0.,   0.,  20.],
   [ 20.,   0.,   0.,   0.],
   [  1.,  25.,   0.,   0.],
   [ 54.,  14.,  25.,   0.],
   [ 44.,   6.,   7.,   0.],
   [  7.,   1.,   0.,   0.],
   [  0.,   0.,   0.,   0.],
   [  0.,   0.,   0.,   0.],
   [  0.,   0.,   0.,   0.],
   [  0.,   0.,   0.,   0.],
   [  0.,   0.,   0.,   0.]],

  [[  0.,   0.,   0.,   0.],
   [  0.,   0.,   0.,   0.],
   [  0.,   0.,   0.,   0.],
   [  0.,   0.,   0.,   0.],
   [  0.,   0.,   0.,   0.],
   [  0.,   0.,   0.,   0.],
   [  0.,   0.,   0.,   0.],
   [  0.,   0.,   0.,   0.],
   [  0.,   0.,   0.,   0.],
   [  0.,   0.,   0.,   0.],
   [  0.,  18.,   0.,  15.],
   [  0.,  41.,   0.,  32.],
   [ 12.,  48.,   0.,  26.],
   [ 50.,  30.,   0.,   3.],
   [ 39.,  21.,   0.,   1.],
   [ 16.,  18.,   0.,   0.],
   [ 18.,  30.,   5.,   0.],
   [ 10.,  44.,   0.,   0.],
   [ 38.,  44.,   2.,   0.],
   [ 61.,  21.,   8.,   0.],
   [ 39.,   7.,   1.,   0.],
   [  7.,   1.,   0.,   0.],
   [  0.,   0.,   0.,   0.],
   [  0.,   0.,   0.,   0.],
   [  0.,   0.,   0.,   0.],
   [  0.,   0.,   0.,   0.],
   [  0.,   0.,   0.,   0.],
   [  0.,   0.,   0.,   0.]],

  [[  0.,   0.,   0.,   0.],
   [  0.,   0.,   0.,   0.],
   [  0.,   0.,   0.,   0.],
   [  0.,   0.,   0.,   0.],
   [  0.,   0.,   0.,   0.],
   [  0.,   0.,   0.,   0.],
   [  0.,   0.,   0.,   0.],
   [  0.,   0.,   0.,   0.],
   [  0.,   0.,   0.,   0.],
   [  0.,   0.,   0.,   0.],
   [  0.,   0.,   0.,   0.],
   [  0.,   6.,   0.,   5.],
   [  0.,  20.,   0.,  14.],
   [  0.,  37.,   0.,  17.],
   [  5.,  49.,   0.,  10.],
   [ 35.,  41.,   0.,   0.],
   [ 40.,  32.,   0.,   0.],
   [ 34.,  16.,   0.,   0.],
   [ 25.,   5.,   1.,   0.],
   [  7.,   1.,   0.,   0.],
   [  0.,   0.,   0.,   0.],
   [  0.,   0.,   0.,   0.],
   [  0.,   0.,   0.,   0.],
   [  0.,   0.,   0.,   0.],
   [  0.,   0.,   0.,   0.],
   [  0.,   0.,   0.,   0.],
   [  0.,   0.,   0.,   0.],
   [  0.,   0.,   0.,   0.]],

  [[  0.,   0.,   0.,   0.],
   [  0.,   0.,   0.,   0.],
   [  0.,   0.,   0.,   0.],
   [  0.,   0.,   0.,   0.],
   [  0.,   0.,   0.,   0.],
   [  0.,   0.,   0.,   0.],
   [  0.,   0.,   0.,   0.],
   [  0.,   0.,   0.,   0.],
   [  0.,   0.,   0.,   0.],
   [  0.,   0.,   0.,   0.],
   [  0.,   0.,   0.,   0.],
   [  0.,   0.,   0.,   0.],
   [  0.,   0.,   0.,   0.],
   [  0.,   0.,   0.,   0.],
   [  0.,   0.,   0.,   0.],
   [  0.,   0.,   0.,   0.],
   [  0.,   0.,   0.,   0.],
   [  0.,   0.,   0.,   0.],
   [  0.,   0.,   0.,   0.],
   [  0.,   0.,   0.,   0.],
   [  0.,   0.,   0.,   0.],
   [  0.,   0.,   0.,   0.],
   [  0.,   0.,   0.,   0.],
   [  0.,   0.,   0.,   0.],
   [  0.,   0.,   0.,   0.],
   [  0.,   0.,   0.,   0.],
   [  0.,   0.,   0.,   0.],
   [  0.,   0.,   0.,   0.]],

  [[  0.,   0.,   0.,   0.],
   [  0.,   0.,   0.,   0.],
   [  0.,   0.,   0.,   0.],
   [  0.,   0.,   0.,   0.],
   [  0.,   0.,   0.,   0.],
   [  0.,   0.,   0.,   0.],
   [  0.,   0.,   0.,   0.],
   [  0.,   0.,   0.,   0.],
   [  0.,   0.,   0.,   0.],
   [  0.,   0.,   0.,   0.],
   [  0.,   0.,   0.,   0.],
   [  0.,   0.,   0.,   0.],
   [  0.,   0.,   0.,   0.],
   [  0.,   0.,   0.,   0.],
   [  0.,   0.,   0.,   0.],
   [  0.,   0.,   0.,   0.],
   [  0.,   0.,   0.,   0.],
   [  0.,   0.,   0.,   0.],
   [  0.,   0.,   0.,   0.],
   [  0.,   0.,   0.,   0.],
   [  0.,   0.,   0.,   0.],
   [  0.,   0.,   0.,   0.],
   [  0.,   0.,   0.,   0.],
   [  0.,   0.,   0.,   0.],
   [  0.,   0.,   0.,   0.],
   [  0.,   0.,   0.,   0.],
   [  0.,   0.,   0.,   0.],
   [  0.,   0.,   0.,   0.]],

  [[  0.,   0.,   0.,   0.],
   [  0.,   0.,   0.,   0.],
   [  0.,   0.,   0.,   0.],
   [  0.,   0.,   0.,   0.],
   [  0.,   0.,   0.,   0.],
   [  0.,   0.,   0.,   0.],
   [  0.,   0.,   0.,   0.],
   [  0.,   0.,   0.,   0.],
   [  0.,   0.,   0.,   0.],
   [  0.,   0.,   0.,   0.],
   [  0.,   0.,   0.,   0.],
   [  0.,   0.,   0.,   0.],
   [  0.,   0.,   0.,   0.],
   [  0.,   0.,   0.,   0.],
   [  0.,   0.,   0.,   0.],
   [  0.,   0.,   0.,   0.],
   [  0.,   0.,   0.,   0.],
   [  0.,   0.,   0.,   0.],
   [  0.,   0.,   0.,   0.],
   [  0.,   0.,   0.,   0.],
   [  0.,   0.,   0.,   0.],
   [  0.,   0.,   0.,   0.],
   [  0.,   0.,   0.,   0.],
   [  0.,   0.,   0.,   0.],
   [  0.,   0.,   0.,   0.],
   [  0.,   0.,   0.,   0.],
   [  0.,   0.,   0.,   0.],
   [  0.,   0.,   0.,   0.]],

  [[  0.,   0.,   0.,   0.],
   [  0.,   0.,   0.,   0.],
   [  0.,   0.,   0.,   0.],
   [  0.,   0.,   0.,   0.],
   [  0.,   0.,   0.,   0.],
   [  0.,   0.,   0.,   0.],
   [  0.,   0.,   0.,   0.],
   [  0.,   0.,   0.,   0.],
   [  0.,   0.,   0.,   0.],
   [  0.,   0.,   0.,   0.],
   [  0.,   0.,   0.,   0.],
   [  0.,   0.,   0.,   0.],
   [  0.,   0.,   0.,   0.],
   [  0.,   0.,   0.,   0.],
   [  0.,   0.,   0.,   0.],
   [  0.,   0.,   0.,   0.],
   [  0.,   0.,   0.,   0.],
   [  0.,   0.,   0.,   0.],
   [  0.,   0.,   0.,   0.],
   [  0.,   0.,   0.,   0.],
   [  0.,   0.,   0.,   0.],
   [  0.,   0.,   0.,   0.],
   [  0.,   0.,   0.,   0.],
   [  0.,   0.,   0.,   0.],
   [  0.,   0.,   0.,   0.],
   [  0.,   0.,   0.,   0.],
   [  0.,   0.,   0.,   0.],
   [  0.,   0.,   0.,   0.]],

  [[  0.,   0.,   0.,   0.],
   [  0.,   0.,   0.,   0.],
   [  0.,   0.,   0.,   0.],
   [  0.,   0.,   0.,   0.],
   [  0.,   0.,   0.,   0.],
   [  0.,   0.,   0.,   0.],
   [  0.,   0.,   0.,   0.],
   [  0.,   0.,   0.,   0.],
   [  0.,   0.,   0.,   0.],
   [  0.,   0.,   0.,   0.],
   [  0.,   0.,   0.,   0.],
   [  0.,   0.,   0.,   0.],
   [  0.,   0.,   0.,   0.],
   [  0.,   0.,   0.,   0.],
   [  0.,   0.,   0.,   0.],
   [  0.,   0.,   0.,   0.],
   [  0.,   0.,   0.,   0.],
   [  0.,   0.,   0.,   0.],
   [  0.,   0.,   0.,   0.],
   [  0.,   0.,   0.,   0.],
   [  0.,   0.,   0.,   0.],
   [  0.,   0.,   0.,   0.],
   [  0.,   0.,   0.,   0.],
   [  0.,   0.,   0.,   0.],
   [  0.,   0.,   0.,   0.],
   [  0.,   0.,   0.,   0.],
   [  0.,   0.,   0.,   0.],
   [  0.,   0.,   0.,   0.]]]]

🔹 Layer: average_pooling2d_2
   📐 Output Shape: (1, 14, 14, 4)
   🔢 Output Values:
[[[[ 0.  ,  0.  ,  0.  ,  0.  ],
   [ 0.  ,  0.  ,  0.  ,  0.  ],
   [ 0.  ,  0.  ,  0.  ,  0.  ],
   [ 0.  ,  0.  ,  0.  ,  0.  ],
   [ 0.  ,  0.  ,  0.  ,  0.  ],
   [ 0.  ,  0.  ,  3.75,  2.25],
   [ 9.5 ,  0.  ,  5.25, 12.  ],
   [ 5.  ,  0.  ,  0.  ,  0.  ],
   [ 0.  ,  0.  ,  0.  ,  0.  ],
   [ 0.  ,  0.  ,  0.  ,  0.  ],
   [ 0.  ,  0.  ,  0.  ,  0.  ],
   [ 0.  ,  0.  ,  0.  ,  0.  ],
   [ 0.  ,  0.  ,  0.  ,  0.  ],
   [ 0.  ,  0.  ,  0.  ,  0.  ]],

  [[ 0.  ,  0.  ,  0.  ,  0.  ],
   [ 0.  ,  0.  ,  0.  ,  0.  ],
   [ 0.  ,  0.  ,  0.  ,  0.  ],
   [ 0.  ,  0.  ,  0.  ,  0.  ],
   [ 0.  ,  0.  ,  0.  ,  0.  ],
   [ 4.5 ,  0.  , 18.5 , 35.75],
   [20.25,  0.  ,  1.  , 34.75],
   [34.5 ,  0.5 ,  8.75,  0.  ],
   [ 0.  ,  0.  ,  0.  ,  0.  ],
   [ 0.  ,  0.  ,  0.  ,  0.  ],
   [ 0.  ,  0.  ,  0.  ,  0.  ],
   [ 0.  ,  0.  ,  0.  ,  0.  ],
   [ 0.  ,  0.  ,  0.  ,  0.  ],
   [ 0.  ,  0.  ,  0.  ,  0.  ]],

  [[ 0.  ,  0.  ,  0.  ,  0.  ],
   [ 0.  ,  0.  ,  0.  ,  0.  ],
   [ 0.  ,  0.  ,  0.  ,  0.  ],
   [ 0.  ,  0.  ,  0.  ,  0.  ],
   [ 0.  ,  0.  , 13.5 , 10.5 ],
   [ 5.25,  0.  ,  9.  , 58.75],
   [49.75,  9.25, 10.5 ,  0.  ],
   [16.  ,  3.  ,  0.5 ,  0.  ],
   [ 0.  ,  0.  ,  0.  ,  0.  ],
   [ 0.  ,  0.  ,  0.  ,  0.  ],
   [ 0.  ,  0.  ,  0.  ,  0.  ],
   [ 0.  ,  0.  ,  0.  ,  0.  ],
   [ 0.  ,  0.  ,  0.  ,  0.  ],
   [ 0.  ,  0.  ,  0.  ,  0.  ]],

  [[ 0.  ,  0.  ,  0.  ,  0.  ],
   [ 0.  ,  0.  ,  0.  ,  0.  ],
   [ 0.  ,  0.  ,  0.  ,  0.  ],
   [ 0.  ,  0.  ,  0.  ,  0.  ],
   [ 0.  ,  0.  , 18.25, 38.75],
   [45.25,  0.  ,  0.  , 33.25],
   [23.  ,  0.25,  5.  ,  0.  ],
   [ 0.  ,  0.  ,  0.  ,  0.  ],
   [ 0.  ,  0.  ,  0.  ,  0.  ],
   [ 0.  ,  0.  ,  0.  ,  0.  ],
   [ 0.  ,  0.  ,  0.  ,  0.  ],
   [ 0.  ,  0.  ,  0.  ,  0.  ],
   [ 0.  ,  0.  ,  0.  ,  0.  ],
   [ 0.  ,  0.  ,  0.  ,  0.  ]],

  [[ 0.  ,  0.  ,  0.  ,  0.  ],
   [ 0.  ,  0.  ,  0.  ,  0.  ],
   [ 0.  ,  0.  ,  0.  ,  0.  ],
   [ 0.  ,  0.  ,  0.  ,  0.  ],
   [ 0.  ,  0.  , 16.5 , 69.25],
   [66.25,  0.  ,  6.  ,  2.75],
   [ 3.5 ,  0.5 ,  0.  ,  0.  ],
   [ 0.  ,  0.  ,  0.  ,  0.  ],
   [ 0.  ,  0.  ,  5.5 ,  4.75],
   [ 7.5 ,  0.  ,  0.75,  9.5 ],
   [ 9.  ,  0.  ,  0.  ,  1.5 ],
   [ 1.  ,  0.  ,  0.  ,  0.  ],
   [ 0.  ,  0.  ,  0.  ,  0.  ],
   [ 0.  ,  0.  ,  0.  ,  0.  ]],

  [[ 0.  ,  0.  ,  0.  ,  0.  ],
   [ 0.  ,  0.  ,  0.  ,  0.  ],
   [ 0.  ,  0.  ,  0.  ,  0.  ],
   [ 0.  ,  0.  ,  0.  ,  0.  ],
   [ 0.  ,  0.25, 15.75, 72.5 ],
   [69.25,  0.  ,  5.25,  0.  ],
   [ 0.  ,  0.  ,  0.  ,  0.  ],
   [ 2.25,  0.  , 15.5 , 17.5 ],
   [13.75,  0.  ,  6.5 , 44.75],
   [25.5 ,  7.5 ,  2.  , 12.75],
   [26.  ,  0.75, 10.  ,  1.75],
   [31.25,  0.  ,  0.25,  0.  ],
   [ 0.  ,  0.  ,  0.  ,  0.  ],
   [ 0.  ,  0.  ,  0.  ,  0.  ]],

  [[ 0.  ,  0.  ,  0.  ,  0.  ],
   [ 0.  ,  0.  ,  0.  ,  0.  ],
   [ 0.  ,  0.  ,  0.  ,  0.  ],
   [ 0.  ,  0.  ,  4.5 ,  3.5 ],
   [11.  ,  0.  , 11.  , 58.5 ],
   [50.  ,  0.5 ,  3.5 ,  0.  ],
   [ 0.  ,  0.  , 15.5 , 12.5 ],
   [ 7.5 ,  0.  ,  7.5 , 52.  ],
   [37.5 , 16.  ,  9.25,  1.75],
   [24.5 , 22.  ,  0.75,  0.  ],
   [12.25, 18.25, 16.  , 31.25],
   [55.75,  0.  ,  2.75,  5.5 ],
   [ 1.  ,  0.  ,  0.  ,  0.  ],
   [ 0.  ,  0.  ,  0.  ,  0.  ]],

  [[ 0.  ,  0.  ,  0.  ,  0.  ],
   [ 0.  ,  0.  ,  0.  ,  0.  ],
   [ 0.  ,  0.  ,  0.  ,  0.  ],
   [ 0.  ,  2.5 ,  3.25, 10.25],
   [19.  ,  2.5 ,  7.25, 50.  ],
   [51.75,  0.  ,  0.75,  0.  ],
   [ 1.25,  0.  , 16.75, 49.5 ],
   [53.75,  0.  ,  0.5 , 19.  ],
   [16.75,  2.  ,  1.75,  0.  ],
   [ 0.  ,  0.  ,  0.  ,  0.  ],
   [ 0.  ,  4.  , 11.75, 33.75],
   [45.75,  0.  ,  0.  , 22.75],
   [10.5 ,  0.  ,  1.  ,  0.  ],
   [ 0.  ,  0.  ,  0.  ,  0.  ]],

  [[ 0.  ,  0.  ,  0.  ,  0.  ],
   [ 0.  ,  0.  ,  0.  ,  0.  ],
   [ 0.  ,  0.  ,  0.  ,  0.  ],
   [ 0.  ,  3.  ,  0.  ,  2.5 ],
   [ 3.5 ,  9.25,  8.75, 68.25],
   [75.5 ,  0.  ,  0.  ,  0.  ],
   [ 1.25,  9.75,  9.25, 46.75],
   [60.75,  0.  ,  0.  , 15.  ],
   [14.  ,  0.  ,  0.  ,  3.  ],
   [ 6.  ,  0.  ,  0.  ,  1.75],
   [ 1.5 ,  0.  , 16.  , 52.25],
   [43.5 ,  0.  ,  8.25, 10.  ],
   [ 9.5 ,  0.5 ,  3.  ,  0.  ],
   [ 0.  ,  0.  ,  0.  ,  0.  ]],

  [[ 0.  ,  0.  ,  0.  ,  0.  ],
   [ 0.  ,  0.  ,  0.  ,  0.  ],
   [ 0.  ,  0.  ,  0.  ,  0.  ],
   [ 0.  ,  0.  ,  0.  ,  0.  ],
   [ 0.  , 25.  ,  2.75, 41.  ],
   [42.5 ,  5.  ,  5.5 , 18.  ],
   [32.25,  4.  ,  3.  , 13.5 ],
   [24.  ,  2.75,  0.  , 24.25],
   [33.  ,  0.  ,  4.5 ,  8.5 ],
   [34.75,  0.  ,  5.75, 11.25],
   [19.5 ,  2.75,  5.25, 20.25],
   [44.  ,  4.  , 10.75,  0.  ],
   [ 0.  ,  0.  ,  0.  ,  0.  ],
   [ 0.  ,  0.  ,  0.  ,  0.  ]],

  [[ 0.  ,  0.  ,  0.  ,  0.  ],
   [ 0.  ,  0.  ,  0.  ,  0.  ],
   [ 0.  ,  0.  ,  0.  ,  0.  ],
   [ 0.  ,  0.  ,  0.  ,  0.  ],
   [ 0.  ,  6.  ,  0.  ,  5.  ],
   [ 7.5 , 31.  ,  0.  , 29.  ],
   [32.75, 19.5 ,  5.75,  7.5 ],
   [27.  ,  9.75,  4.5 , 12.  ],
   [27.25, 18.5 ,  1.25,  8.75],
   [30.  , 22.5 ,  2.5 ,  0.  ],
   [36.  ,  7.  ,  8.25,  0.  ],
   [ 1.75,  0.25,  0.  ,  0.  ],
   [ 0.  ,  0.  ,  0.  ,  0.  ],
   [ 0.  ,  0.  ,  0.  ,  0.  ]],

  [[ 0.  ,  0.  ,  0.  ,  0.  ],
   [ 0.  ,  0.  ,  0.  ,  0.  ],
   [ 0.  ,  0.  ,  0.  ,  0.  ],
   [ 0.  ,  0.  ,  0.  ,  0.  ],
   [ 0.  ,  0.  ,  0.  ,  0.  ],
   [ 0.  ,  1.5 ,  0.  ,  1.25],
   [ 0.  , 14.25,  0.  ,  7.75],
   [10.  , 22.5 ,  0.  ,  2.5 ],
   [18.5 , 12.  ,  0.  ,  0.  ],
   [ 8.  ,  1.5 ,  0.25,  0.  ],
   [ 0.  ,  0.  ,  0.  ,  0.  ],
   [ 0.  ,  0.  ,  0.  ,  0.  ],
   [ 0.  ,  0.  ,  0.  ,  0.  ],
   [ 0.  ,  0.  ,  0.  ,  0.  ]],

  [[ 0.  ,  0.  ,  0.  ,  0.  ],
   [ 0.  ,  0.  ,  0.  ,  0.  ],
   [ 0.  ,  0.  ,  0.  ,  0.  ],
   [ 0.  ,  0.  ,  0.  ,  0.  ],
   [ 0.  ,  0.  ,  0.  ,  0.  ],
   [ 0.  ,  0.  ,  0.  ,  0.  ],
   [ 0.  ,  0.  ,  0.  ,  0.  ],
   [ 0.  ,  0.  ,  0.  ,  0.  ],
   [ 0.  ,  0.  ,  0.  ,  0.  ],
   [ 0.  ,  0.  ,  0.  ,  0.  ],
   [ 0.  ,  0.  ,  0.  ,  0.  ],
   [ 0.  ,  0.  ,  0.  ,  0.  ],
   [ 0.  ,  0.  ,  0.  ,  0.  ],
   [ 0.  ,  0.  ,  0.  ,  0.  ]],

  [[ 0.  ,  0.  ,  0.  ,  0.  ],
   [ 0.  ,  0.  ,  0.  ,  0.  ],
   [ 0.  ,  0.  ,  0.  ,  0.  ],
   [ 0.  ,  0.  ,  0.  ,  0.  ],
   [ 0.  ,  0.  ,  0.  ,  0.  ],
   [ 0.  ,  0.  ,  0.  ,  0.  ],
   [ 0.  ,  0.  ,  0.  ,  0.  ],
   [ 0.  ,  0.  ,  0.  ,  0.  ],
   [ 0.  ,  0.  ,  0.  ,  0.  ],
   [ 0.  ,  0.  ,  0.  ,  0.  ],
   [ 0.  ,  0.  ,  0.  ,  0.  ],
   [ 0.  ,  0.  ,  0.  ,  0.  ],
   [ 0.  ,  0.  ,  0.  ,  0.  ],
   [ 0.  ,  0.  ,  0.  ,  0.  ]]]]

🔹 Layer: conv2d_3
   📐 Output Shape: (1, 12, 12, 8)
   🔢 Output Values:
[[[[0.00000e+00, 0.00000e+00, 0.00000e+00, 0.00000e+00, 0.00000e+00, 0.00000e+00, 0.00000e+00, 0.00000e+00],
   [0.00000e+00, 0.00000e+00, 0.00000e+00, 0.00000e+00, 0.00000e+00, 0.00000e+00, 0.00000e+00, 0.00000e+00],
   [5.10000e+01, 4.05000e+01, 0.00000e+00, 7.35000e+01, 0.00000e+00, 2.25000e+01, 6.45000e+01, 0.00000e+00],
   [4.09500e+02, 1.33500e+02, 0.00000e+00, 0.00000e+00, 0.00000e+00, 5.59250e+02, 0.00000e+00, 0.00000e+00],
   [6.76500e+02, 3.67000e+02, 0.00000e+00, 0.00000e+00, 1.77000e+02, 5.49750e+02, 0.00000e+00, 0.00000e+00],
   [0.00000e+00, 0.00000e+00, 1.22500e+01, 0.00000e+00, 5.03000e+02, 0.00000e+00, 0.00000e+00, 6.92500e+01],
   [1.92500e+01, 0.00000e+00, 2.21750e+02, 5.05500e+02, 4.70000e+01, 0.00000e+00, 0.00000e+00, 1.53250e+02],
   [3.72500e+01, 0.00000e+00, 0.00000e+00, 7.50000e+01, 4.75000e+00, 0.00000e+00, 0.00000e+00, 0.00000e+00],
   [0.00000e+00, 0.00000e+00, 0.00000e+00, 0.00000e+00, 0.00000e+00, 0.00000e+00, 0.00000e+00, 0.00000e+00],
   [0.00000e+00, 0.00000e+00, 0.00000e+00, 0.00000e+00, 0.00000e+00, 0.00000e+00, 0.00000e+00, 0.00000e+00],
   [0.00000e+00, 0.00000e+00, 0.00000e+00, 0.00000e+00, 0.00000e+00, 0.00000e+00, 0.00000e+00, 0.00000e+00],
   [0.00000e+00, 0.00000e+00, 0.00000e+00, 0.00000e+00, 0.00000e+00, 0.00000e+00, 0.00000e+00, 0.00000e+00]],

  [[0.00000e+00, 0.00000e+00, 0.00000e+00, 0.00000e+00, 0.00000e+00, 0.00000e+00, 0.00000e+00, 0.00000e+00],
   [0.00000e+00, 0.00000e+00, 0.00000e+00, 0.00000e+00, 0.00000e+00, 0.00000e+00, 0.00000e+00, 0.00000e+00],
   [1.73000e+02, 3.97500e+01, 0.00000e+00, 0.00000e+00, 0.00000e+00, 3.00750e+02, 1.07250e+02, 0.00000e+00],
   [1.07150e+03, 2.95500e+02, 0.00000e+00, 0.00000e+00, 3.05000e+01, 9.98500e+02, 0.00000e+00, 0.00000e+00],
   [0.00000e+00, 8.45000e+01, 0.00000e+00, 0.00000e+00, 2.27500e+02, 4.19500e+02, 0.00000e+00, 0.00000e+00],
   [0.00000e+00, 0.00000e+00, 0.00000e+00, 3.91500e+02, 0.00000e+00, 0.00000e+00, 0.00000e+00, 4.90250e+02],
   [3.22750e+02, 0.00000e+00, 0.00000e+00, 6.92500e+02, 0.00000e+00, 0.00000e+00, 0.00000e+00, 0.00000e+00],
   [0.00000e+00, 2.02500e+01, 8.00000e+01, 1.27250e+02, 0.00000e+00, 0.00000e+00, 0.00000e+00, 0.00000e+00],
   [0.00000e+00, 0.00000e+00, 0.00000e+00, 0.00000e+00, 0.00000e+00, 0.00000e+00, 0.00000e+00, 0.00000e+00],
   [0.00000e+00, 0.00000e+00, 0.00000e+00, 0.00000e+00, 0.00000e+00, 0.00000e+00, 0.00000e+00, 0.00000e+00],
   [0.00000e+00, 0.00000e+00, 0.00000e+00, 0.00000e+00, 0.00000e+00, 0.00000e+00, 0.00000e+00, 0.00000e+00],
   [0.00000e+00, 0.00000e+00, 0.00000e+00, 0.00000e+00, 0.00000e+00, 0.00000e+00, 0.00000e+00, 0.00000e+00]],

  [[0.00000e+00, 0.00000e+00, 0.00000e+00, 0.00000e+00, 0.00000e+00, 0.00000e+00, 0.00000e+00, 0.00000e+00],
   [0.00000e+00, 0.00000e+00, 0.00000e+00, 0.00000e+00, 0.00000e+00, 0.00000e+00, 0.00000e+00, 0.00000e+00],
   [4.66000e+02, 2.01500e+02, 0.00000e+00, 0.00000e+00, 0.00000e+00, 7.85000e+02, 6.75000e+01, 0.00000e+00],
   [1.05800e+03, 3.82500e+02, 0.00000e+00, 0.00000e+00, 2.71250e+02, 7.80000e+02, 0.00000e+00, 0.00000e+00],
   [0.00000e+00, 0.00000e+00, 6.60000e+01, 0.00000e+00, 3.66250e+02, 0.00000e+00, 1.53000e+02, 1.41000e+02],
   [6.41000e+02, 0.00000e+00, 0.00000e+00, 9.97500e+02, 0.00000e+00, 0.00000e+00, 0.00000e+00, 1.41500e+02],
   [2.37500e+01, 0.00000e+00, 0.00000e+00, 2.49750e+02, 0.00000e+00, 0.00000e+00, 0.00000e+00, 0.00000e+00],
   [5.95000e+01, 4.07500e+01, 2.42500e+01, 0.00000e+00, 0.00000e+00, 0.00000e+00, 0.00000e+00, 0.00000e+00],
   [8.05000e+01, 0.00000e+00, 6.05000e+01, 0.00000e+00, 3.97500e+01, 7.35000e+01, 0.00000e+00, 0.00000e+00],
   [4.20000e+01, 1.15000e+01, 1.70000e+01, 7.62500e+01, 5.02500e+01, 0.00000e+00, 0.00000e+00, 0.00000e+00],
   [5.00000e+01, 4.15000e+01, 0.00000e+00, 4.90000e+01, 0.00000e+00, 0.00000e+00, 0.00000e+00, 2.55000e+01],
   [6.00000e+00, 5.00000e+00, 0.00000e+00, 5.00000e+00, 0.00000e+00, 0.00000e+00, 0.00000e+00, 4.00000e+00]],

  [[0.00000e+00, 0.00000e+00, 0.00000e+00, 0.00000e+00, 0.00000e+00, 0.00000e+00, 0.00000e+00, 0.00000e+00],
   [0.00000e+00, 0.00000e+00, 0.00000e+00, 0.00000e+00, 0.00000e+00, 0.00000e+00, 0.00000e+00, 0.00000e+00],
   [8.05750e+02, 3.03750e+02, 0.00000e+00, 0.00000e+00, 0.00000e+00, 1.14625e+03, 0.00000e+00, 0.00000e+00],
   [4.64500e+02, 5.04750e+02, 0.00000e+00, 0.00000e+00, 8.50000e+00, 6.44750e+02, 0.00000e+00, 0.00000e+00],
   [0.00000e+00, 0.00000e+00, 1.43500e+02, 7.04250e+02, 5.12750e+02, 0.00000e+00, 0.00000e+00, 1.58750e+02],
   [6.14750e+02, 0.00000e+00, 0.00000e+00, 8.75750e+02, 0.00000e+00, 0.00000e+00, 0.00000e+00, 0.00000e+00],
   [3.04750e+02, 7.00000e+00, 0.00000e+00, 0.00000e+00, 0.00000e+00, 1.56750e+02, 0.00000e+00, 0.00000e+00],
   [3.24500e+02, 0.00000e+00, 1.03750e+02, 0.00000e+00, 0.00000e+00, 2.56250e+02, 0.00000e+00, 0.00000e+00],
   [2.00000e+01, 0.00000e+00, 0.00000e+00, 0.00000e+00, 3.60250e+02, 0.00000e+00, 0.00000e+00, 0.00000e+00],
   [2.91750e+02, 0.00000e+00, 1.06250e+02, 1.01750e+02, 2.77250e+02, 0.00000e+00, 0.00000e+00, 0.00000e+00],
   [2.21000e+02, 9.82500e+01, 1.45750e+02, 3.93750e+02, 3.80000e+01, 0.00000e+00, 0.00000e+00, 0.00000e+00],
   [1.85000e+02, 1.52750e+02, 0.00000e+00, 1.57500e+02, 0.00000e+00, 0.00000e+00, 0.00000e+00, 1.20250e+02]],

  [[0.00000e+00, 0.00000e+00, 0.00000e+00, 0.00000e+00, 0.00000e+00, 0.00000e+00, 0.00000e+00, 0.00000e+00],
   [1.70000e+01, 1.35000e+01, 0.00000e+00, 2.45000e+01, 0.00000e+00, 7.50000e+00, 2.15000e+01, 0.00000e+00],
   [1.05825e+03, 1.84250e+02, 0.00000e+00, 0.00000e+00, 0.00000e+00, 1.30975e+03, 0.00000e+00, 0.00000e+00],
   [0.00000e+00, 5.84500e+02, 0.00000e+00, 0.00000e+00, 0.00000e+00, 5.17250e+02, 3.23250e+02, 1.03000e+02],
   [3.32500e+01, 0.00000e+00, 0.00000e+00, 1.27225e+03, 3.03500e+02, 0.00000e+00, 0.00000e+00, 1.90000e+02],
   [5.08500e+02, 1.60000e+02, 0.00000e+00, 2.59250e+02, 0.00000e+00, 0.00000e+00, 0.00000e+00, 0.00000e+00],
   [6.53750e+02, 2.41250e+02, 0.00000e+00, 0.00000e+00, 4.87500e+01, 5.05750e+02, 0.00000e+00, 0.00000e+00],
   [0.00000e+00, 4.55000e+01, 4.12500e+01, 0.00000e+00, 5.20000e+02, 1.10750e+02, 0.00000e+00, 0.00000e+00],
   [1.22500e+01, 0.00000e+00, 0.00000e+00, 5.72500e+01, 0.00000e+00, 0.00000e+00, 0.00000e+00, 8.87500e+01],
   [1.94500e+02, 0.00000e+00, 7.85000e+01, 0.00000e+00, 1.65000e+02, 0.00000e+00, 0.00000e+00, 0.00000e+00],
   [0.00000e+00, 0.00000e+00, 5.21000e+02, 4.58750e+02, 3.82500e+02, 0.00000e+00, 0.00000e+00, 0.00000e+00],
   [2.57500e+02, 1.65750e+02, 0.00000e+00, 2.90000e+02, 0.00000e+00, 0.00000e+00, 0.00000e+00, 8.30000e+01]],

  [[0.00000e+00, 0.00000e+00, 0.00000e+00, 0.00000e+00, 0.00000e+00, 0.00000e+00, 0.00000e+00, 0.00000e+00],
   [5.90000e+01, 0.00000e+00, 0.00000e+00, 0.00000e+00, 0.00000e+00, 1.10250e+02, 1.17500e+01, 0.00000e+00],
   [9.74250e+02, 1.67750e+02, 0.00000e+00, 0.00000e+00, 0.00000e+00, 1.22125e+03, 0.00000e+00, 0.00000e+00],
   [0.00000e+00, 2.69750e+02, 0.00000e+00, 0.00000e+00, 0.00000e+00, 4.68250e+02, 2.51250e+02, 1.16250e+02],
   [5.06750e+02, 0.00000e+00, 0.00000e+00, 1.24100e+03, 0.00000e+00, 0.00000e+00, 0.00000e+00, 0.00000e+00],
   [1.20750e+03, 5.65500e+02, 0.00000e+00, 0.00000e+00, 0.00000e+00, 1.05000e+01, 0.00000e+00, 0.00000e+00],
   [2.72500e+01, 9.55000e+01, 0.00000e+00, 0.00000e+00, 4.53750e+02, 4.35500e+02, 0.00000e+00, 0.00000e+00],
   [0.00000e+00, 0.00000e+00, 0.00000e+00, 3.69000e+02, 0.00000e+00, 0.00000e+00, 0.00000e+00, 6.42250e+02],
   [4.80000e+02, 0.00000e+00, 0.00000e+00, 2.32500e+02, 0.00000e+00, 0.00000e+00, 0.00000e+00, 0.00000e+00],
   [2.37750e+02, 3.68750e+02, 0.00000e+00, 0.00000e+00, 0.00000e+00, 0.00000e+00, 0.00000e+00, 0.00000e+00],
   [0.00000e+00, 0.00000e+00, 5.59500e+02, 5.46000e+02, 5.67750e+02, 0.00000e+00, 0.00000e+00, 0.00000e+00],
   [8.57500e+01, 5.65000e+01, 0.00000e+00, 3.12500e+02, 7.95000e+01, 0.00000e+00, 0.00000e+00, 0.00000e+00]],

  [[0.00000e+00, 0.00000e+00, 0.00000e+00, 0.00000e+00, 0.00000e+00, 0.00000e+00, 0.00000e+00, 0.00000e+00],
   [1.01750e+02, 5.30000e+01, 0.00000e+00, 0.00000e+00, 0.00000e+00, 1.33000e+02, 0.00000e+00, 2.62500e+01],
   [6.58750e+02, 3.17500e+02, 0.00000e+00, 0.00000e+00, 0.00000e+00, 1.16225e+03, 0.00000e+00, 0.00000e+00],
   [1.19500e+02, 0.00000e+00, 0.00000e+00, 0.00000e+00, 0.00000e+00, 2.32500e+02, 0.00000e+00, 1.56500e+02],
   [5.54500e+02, 0.00000e+00, 0.00000e+00, 7.65000e+02, 2.37750e+02, 0.00000e+00, 0.00000e+00, 0.00000e+00],
   [1.04025e+03, 7.63000e+02, 0.00000e+00, 0.00000e+00, 0.00000e+00, 0.00000e+00, 0.00000e+00, 0.00000e+00],
   [0.00000e+00, 0.00000e+00, 3.31500e+02, 0.00000e+00, 3.59750e+02, 0.00000e+00, 0.00000e+00, 1.82750e+02],
   [7.04000e+02, 0.00000e+00, 0.00000e+00, 8.74500e+02, 0.00000e+00, 0.00000e+00, 0.00000e+00, 0.00000e+00],
   [7.09750e+02, 3.85000e+01, 0.00000e+00, 1.84500e+02, 0.00000e+00, 5.20250e+02, 0.00000e+00, 0.00000e+00],
   [2.03000e+02, 6.28250e+02, 0.00000e+00, 0.00000e+00, 0.00000e+00, 2.32000e+02, 0.00000e+00, 0.00000e+00],
   [0.00000e+00, 0.00000e+00, 1.55000e+01, 6.49750e+02, 2.81500e+02, 0.00000e+00, 0.00000e+00, 0.00000e+00],
   [2.65000e+01, 3.12500e+01, 7.45000e+01, 4.53750e+02, 0.00000e+00, 0.00000e+00, 0.00000e+00, 0.00000e+00]],

  [[0.00000e+00, 0.00000e+00, 0.00000e+00, 0.00000e+00, 0.00000e+00, 0.00000e+00, 0.00000e+00, 0.00000e+00],
   [7.95000e+01, 0.00000e+00, 1.25000e+00, 3.40000e+01, 2.80000e+01, 9.82500e+01, 0.00000e+00, 1.25000e+00],
   [7.31250e+02, 2.22750e+02, 0.00000e+00, 0.00000e+00, 0.00000e+00, 1.17425e+03, 0.00000e+00, 0.00000e+00],
   [0.00000e+00, 3.08500e+02, 0.00000e+00, 0.00000e+00, 0.00000e+00, 2.31000e+02, 4.40000e+02, 1.21000e+02],
   [5.89000e+02, 0.00000e+00, 3.42500e+01, 4.87500e+02, 6.51250e+02, 0.00000e+00, 0.00000e+00, 6.27500e+01],
   [0.00000e+00, 6.36500e+02, 0.00000e+00, 0.00000e+00, 0.00000e+00, 0.00000e+00, 0.00000e+00, 0.00000e+00],
   [4.56500e+02, 0.00000e+00, 0.00000e+00, 5.42750e+02, 1.39000e+02, 0.00000e+00, 0.00000e+00, 4.18000e+02],
   [3.67750e+02, 0.00000e+00, 0.00000e+00, 3.93250e+02, 2.15750e+02, 0.00000e+00, 0.00000e+00, 0.00000e+00],
   [9.94000e+02, 2.33750e+02, 0.00000e+00, 1.07750e+02, 9.90000e+01, 5.68750e+02, 0.00000e+00, 0.00000e+00],
   [3.42250e+02, 6.00500e+02, 0.00000e+00, 0.00000e+00, 0.00000e+00, 3.85250e+02, 1.51500e+02, 0.00000e+00],
   [0.00000e+00, 0.00000e+00, 4.22500e+01, 6.79500e+02, 8.65000e+01, 0.00000e+00, 0.00000e+00, 3.86750e+02],
   [1.77500e+02, 0.00000e+00, 0.00000e+00, 5.48250e+02, 0.00000e+00, 0.00000e+00, 0.00000e+00, 0.00000e+00]],

  [[0.00000e+00, 0.00000e+00, 0.00000e+00, 0.00000e+00, 0.00000e+00, 0.00000e+00, 0.00000e+00, 0.00000e+00],
   [2.40000e+01, 0.00000e+00, 1.80000e+01, 3.30000e+01, 0.00000e+00, 3.55000e+01, 0.00000e+00, 0.00000e+00],
   [5.80250e+02, 4.67500e+01, 0.00000e+00, 0.00000e+00, 2.22750e+02, 7.05250e+02, 0.00000e+00, 0.00000e+00],
   [0.00000e+00, 3.01000e+02, 0.00000e+00, 0.00000e+00, 0.00000e+00, 8.23000e+02, 6.34250e+02, 1.26500e+02],
   [8.89500e+02, 0.00000e+00, 0.00000e+00, 6.56750e+02, 0.00000e+00, 0.00000e+00, 0.00000e+00, 0.00000e+00],
   [0.00000e+00, 0.00000e+00, 4.62500e+01, 0.00000e+00, 0.00000e+00, 0.00000e+00, 0.00000e+00, 0.00000e+00],
   [5.84500e+02, 0.00000e+00, 0.00000e+00, 4.07750e+02, 0.00000e+00, 0.00000e+00, 0.00000e+00, 0.00000e+00],
   [9.25000e+00, 0.00000e+00, 7.52500e+01, 3.70000e+01, 1.07500e+01, 0.00000e+00, 0.00000e+00, 0.00000e+00],
   [4.18250e+02, 0.00000e+00, 0.00000e+00, 6.90000e+01, 5.04250e+02, 3.97500e+01, 0.00000e+00, 0.00000e+00],
   [0.00000e+00, 1.46000e+02, 0.00000e+00, 0.00000e+00, 0.00000e+00, 0.00000e+00, 0.00000e+00, 1.91500e+02],
   [2.87250e+02, 0.00000e+00, 0.00000e+00, 8.44500e+02, 0.00000e+00, 0.00000e+00, 0.00000e+00, 1.97750e+02],
   [5.90000e+01, 0.00000e+00, 0.00000e+00, 2.67750e+02, 0.00000e+00, 0.00000e+00, 0.00000e+00, 0.00000e+00]],

  [[0.00000e+00, 0.00000e+00, 0.00000e+00, 0.00000e+00, 0.00000e+00, 0.00000e+00, 0.00000e+00, 0.00000e+00],
   [0.00000e+00, 0.00000e+00, 0.00000e+00, 0.00000e+00, 0.00000e+00, 0.00000e+00, 0.00000e+00, 0.00000e+00],
   [3.27000e+02, 0.00000e+00, 1.41250e+02, 3.26000e+02, 4.87500e+01, 4.37500e+02, 0.00000e+00, 0.00000e+00],
   [0.00000e+00, 1.12000e+02, 0.00000e+00, 0.00000e+00, 0.00000e+00, 3.38500e+02, 2.19250e+02, 2.38000e+02],
   [2.77500e+02, 0.00000e+00, 0.00000e+00, 2.37500e+01, 0.00000e+00, 0.00000e+00, 3.37000e+02, 0.00000e+00],
   [1.06250e+02, 0.00000e+00, 0.00000e+00, 1.82750e+02, 0.00000e+00, 0.00000e+00, 0.00000e+00, 0.00000e+00],
   [0.00000e+00, 0.00000e+00, 0.00000e+00, 0.00000e+00, 0.00000e+00, 0.00000e+00, 0.00000e+00, 0.00000e+00],
   [0.00000e+00, 0.00000e+00, 0.00000e+00, 1.84750e+02, 0.00000e+00, 0.00000e+00, 0.00000e+00, 0.00000e+00],
   [5.25000e+00, 0.00000e+00, 0.00000e+00, 6.23000e+02, 0.00000e+00, 0.00000e+00, 0.00000e+00, 1.20500e+02],
   [0.00000e+00, 0.00000e+00, 0.00000e+00, 1.36500e+02, 0.00000e+00, 0.00000e+00, 1.35000e+01, 3.80000e+01],
   [2.71500e+02, 0.00000e+00, 0.00000e+00, 5.10500e+02, 0.00000e+00, 0.00000e+00, 0.00000e+00, 0.00000e+00],
   [0.00000e+00, 8.97500e+01, 1.36000e+02, 1.23250e+02, 0.00000e+00, 0.00000e+00, 0.00000e+00, 0.00000e+00]],

  [[0.00000e+00, 0.00000e+00, 0.00000e+00, 0.00000e+00, 0.00000e+00, 0.00000e+00, 0.00000e+00, 0.00000e+00],
   [0.00000e+00, 0.00000e+00, 0.00000e+00, 0.00000e+00, 0.00000e+00, 0.00000e+00, 0.00000e+00, 0.00000e+00],
   [4.80000e+01, 0.00000e+00, 3.60000e+01, 6.60000e+01, 0.00000e+00, 7.10000e+01, 0.00000e+00, 0.00000e+00],
   [2.38750e+02, 0.00000e+00, 1.79750e+02, 2.70750e+02, 0.00000e+00, 4.21000e+02, 0.00000e+00, 0.00000e+00],
   [7.25000e+00, 0.00000e+00, 2.12500e+01, 0.00000e+00, 0.00000e+00, 2.56000e+02, 2.62000e+02, 7.82500e+01],
   [1.19500e+02, 0.00000e+00, 0.00000e+00, 5.35000e+01, 0.00000e+00, 0.00000e+00, 2.39500e+02, 0.00000e+00],
   [0.00000e+00, 0.00000e+00, 0.00000e+00, 2.68250e+02, 0.00000e+00, 0.00000e+00, 1.37500e+02, 0.00000e+00],
   [4.55000e+01, 0.00000e+00, 0.00000e+00, 3.30750e+02, 0.00000e+00, 0.00000e+00, 5.92500e+01, 0.00000e+00],
   [0.00000e+00, 0.00000e+00, 0.00000e+00, 2.47500e+01, 0.00000e+00, 0.00000e+00, 1.35000e+01, 0.00000e+00],
   [8.25000e+00, 0.00000e+00, 0.00000e+00, 2.04000e+02, 0.00000e+00, 0.00000e+00, 0.00000e+00, 0.00000e+00],
   [0.00000e+00, 8.17500e+01, 1.09750e+02, 9.00000e+01, 0.00000e+00, 0.00000e+00, 0.00000e+00, 0.00000e+00],
   [0.00000e+00, 6.25000e+00, 4.00000e+00, 2.25000e+00, 0.00000e+00, 0.00000e+00, 0.00000e+00, 0.00000e+00]],

  [[0.00000e+00, 0.00000e+00, 0.00000e+00, 0.00000e+00, 0.00000e+00, 0.00000e+00, 0.00000e+00, 0.00000e+00],
   [0.00000e+00, 0.00000e+00, 0.00000e+00, 0.00000e+00, 0.00000e+00, 0.00000e+00, 0.00000e+00, 0.00000e+00],
   [0.00000e+00, 0.00000e+00, 0.00000e+00, 0.00000e+00, 0.00000e+00, 0.00000e+00, 0.00000e+00, 0.00000e+00],
   [1.20000e+01, 0.00000e+00, 9.00000e+00, 1.65000e+01, 0.00000e+00, 1.77500e+01, 0.00000e+00, 0.00000e+00],
   [9.00000e+01, 0.00000e+00, 8.92500e+01, 1.26500e+02, 0.00000e+00, 1.41250e+02, 0.00000e+00, 0.00000e+00],
   [6.05000e+01, 0.00000e+00, 1.49750e+02, 3.60000e+01, 0.00000e+00, 1.99500e+02, 9.67500e+01, 0.00000e+00],
   [2.30000e+01, 0.00000e+00, 5.12500e+01, 0.00000e+00, 0.00000e+00, 7.85000e+01, 1.55500e+02, 0.00000e+00],
   [0.00000e+00, 0.00000e+00, 0.00000e+00, 0.00000e+00, 0.00000e+00, 0.00000e+00, 8.80000e+01, 0.00000e+00],
   [0.00000e+00, 4.40000e+01, 2.22500e+01, 3.02500e+01, 0.00000e+00, 0.00000e+00, 0.00000e+00, 0.00000e+00],
   [0.00000e+00, 2.87500e+01, 2.00000e+01, 9.75000e+00, 0.00000e+00, 0.00000e+00, 0.00000e+00, 0.00000e+00],
   [0.00000e+00, 0.00000e+00, 0.00000e+00, 0.00000e+00, 0.00000e+00, 0.00000e+00, 0.00000e+00, 0.00000e+00],
   [0.00000e+00, 0.00000e+00, 0.00000e+00, 0.00000e+00, 0.00000e+00, 0.00000e+00, 0.00000e+00, 0.00000e+00]]]]

🔹 Layer: average_pooling2d_3
   📐 Output Shape: (1, 6, 6, 8)
   🔢 Output Values:
[[[[0.000000e+00, 0.000000e+00, 0.000000e+00, 0.000000e+00, 0.000000e+00, 0.000000e+00, 0.000000e+00, 0.000000e+00],
   [4.262500e+02, 1.273125e+02, 0.000000e+00, 1.837500e+01, 7.625000e+00, 4.702500e+02, 4.293750e+01, 0.000000e+00],
   [1.691250e+02, 1.128750e+02, 3.062500e+00, 9.787500e+01, 2.268750e+02, 2.423125e+02, 0.000000e+00, 1.398750e+02],
   [9.481250e+01, 5.062500e+00, 7.543750e+01, 3.500625e+02, 1.293750e+01, 0.000000e+00, 0.000000e+00, 3.831250e+01],
   [0.000000e+00, 0.000000e+00, 0.000000e+00, 0.000000e+00, 0.000000e+00, 0.000000e+00, 0.000000e+00, 0.000000e+00],
   [0.000000e+00, 0.000000e+00, 0.000000e+00, 0.000000e+00, 0.000000e+00, 0.000000e+00, 0.000000e+00, 0.000000e+00]],

  [[0.000000e+00, 0.000000e+00, 0.000000e+00, 0.000000e+00, 0.000000e+00, 0.000000e+00, 0.000000e+00, 0.000000e+00],
   [6.985625e+02, 3.481250e+02, 0.000000e+00, 0.000000e+00, 6.993750e+01, 8.390000e+02, 1.687500e+01, 0.000000e+00],
   [3.139375e+02, 0.000000e+00, 5.237500e+01, 6.443750e+02, 2.197500e+02, 0.000000e+00, 3.825000e+01, 1.103125e+02],
   [1.781250e+02, 1.193750e+01, 3.200000e+01, 6.243750e+01, 0.000000e+00, 1.032500e+02, 0.000000e+00, 0.000000e+00],
   [1.085625e+02, 2.875000e+00, 4.593750e+01, 4.450000e+01, 1.818750e+02, 1.837500e+01, 0.000000e+00, 0.000000e+00],
   [1.155000e+02, 7.437500e+01, 3.643750e+01, 1.513125e+02, 9.500000e+00, 0.000000e+00, 0.000000e+00, 3.743750e+01]],

  [[1.900000e+01, 3.375000e+00, 0.000000e+00, 6.125000e+00, 0.000000e+00, 2.943750e+01, 8.312500e+00, 0.000000e+00],
   [5.081250e+02, 3.015625e+02, 0.000000e+00, 0.000000e+00, 0.000000e+00, 8.791250e+02, 1.436250e+02, 5.481250e+01],
   [5.640000e+02, 1.813750e+02, 0.000000e+00, 6.931250e+02, 7.587500e+01, 2.625000e+00, 0.000000e+00, 4.750000e+01],
   [1.702500e+02, 9.556250e+01, 1.031250e+01, 9.225000e+01, 2.556250e+02, 2.630000e+02, 0.000000e+00, 1.605625e+02],
   [2.311250e+02, 9.218750e+01, 1.962500e+01, 7.243750e+01, 4.125000e+01, 0.000000e+00, 0.000000e+00, 2.218750e+01],
   [8.581250e+01, 5.556250e+01, 2.701250e+02, 4.018125e+02, 2.574375e+02, 0.000000e+00, 0.000000e+00, 2.075000e+01]],

  [[4.531250e+01, 1.325000e+01, 3.125000e-01, 8.500000e+00, 7.000000e+00, 5.781250e+01, 0.000000e+00, 6.875000e+00],
   [3.773750e+02, 2.121875e+02, 0.000000e+00, 0.000000e+00, 0.000000e+00, 7.000000e+02, 1.100000e+02, 6.937500e+01],
   [5.459375e+02, 3.498750e+02, 8.562500e+00, 3.131250e+02, 2.222500e+02, 0.000000e+00, 0.000000e+00, 1.568750e+01],
   [3.820625e+02, 0.000000e+00, 8.287500e+01, 4.526250e+02, 1.786250e+02, 0.000000e+00, 0.000000e+00, 1.501875e+02],
   [5.622500e+02, 3.752500e+02, 0.000000e+00, 7.306250e+01, 2.475000e+01, 4.265625e+02, 3.787500e+01, 0.000000e+00],
   [5.100000e+01, 7.812500e+00, 3.306250e+01, 5.828125e+02, 9.200000e+01, 0.000000e+00, 0.000000e+00, 9.668750e+01]],

  [[6.000000e+00, 0.000000e+00, 4.500000e+00, 8.250000e+00, 0.000000e+00, 8.875000e+00, 0.000000e+00, 0.000000e+00],
   [2.268125e+02, 1.149375e+02, 3.531250e+01, 8.150000e+01, 6.787500e+01, 5.760625e+02, 2.133750e+02, 9.112500e+01],
   [3.183125e+02, 0.000000e+00, 1.156250e+01, 2.158125e+02, 0.000000e+00, 0.000000e+00, 8.425000e+01, 0.000000e+00],
   [1.484375e+02, 0.000000e+00, 1.881250e+01, 1.573750e+02, 2.687500e+00, 0.000000e+00, 0.000000e+00, 0.000000e+00],
   [1.058750e+02, 3.650000e+01, 0.000000e+00, 2.071250e+02, 1.260625e+02, 9.937500e+00, 3.375000e+00, 8.750000e+01],
   [1.544375e+02, 2.243750e+01, 3.400000e+01, 4.365000e+02, 0.000000e+00, 0.000000e+00, 0.000000e+00, 4.943750e+01]],

  [[0.000000e+00, 0.000000e+00, 0.000000e+00, 0.000000e+00, 0.000000e+00, 0.000000e+00, 0.000000e+00, 0.000000e+00],
   [7.468750e+01, 0.000000e+00, 5.618750e+01, 8.831250e+01, 0.000000e+00, 1.274375e+02, 0.000000e+00, 0.000000e+00],
   [6.931250e+01, 0.000000e+00, 6.506250e+01, 5.400000e+01, 0.000000e+00, 1.491875e+02, 1.495625e+02, 1.956250e+01],
   [1.712500e+01, 0.000000e+00, 1.281250e+01, 1.497500e+02, 0.000000e+00, 1.962500e+01, 1.100625e+02, 0.000000e+00],
   [2.062500e+00, 1.818750e+01, 1.056250e+01, 6.718750e+01, 0.000000e+00, 0.000000e+00, 3.375000e+00, 0.000000e+00],
   [0.000000e+00, 2.200000e+01, 2.843750e+01, 2.306250e+01, 0.000000e+00, 0.000000e+00, 0.000000e+00, 0.000000e+00]]]]

🔹 Layer: flatten_1
   📐 Output Shape: (1, 288)
   🔢 Output Values:
[[0.000000e+00, 0.000000e+00, 0.000000e+00, 0.000000e+00, 0.000000e+00, 0.000000e+00, 0.000000e+00, 0.000000e+00, 4.262500e+02, 1.273125e+02, 0.000000e+00, 1.837500e+01, 7.625000e+00, 4.702500e+02, 4.293750e+01, 0.000000e+00, 1.691250e+02, 1.128750e+02, 3.062500e+00, 9.787500e+01, 2.268750e+02, 2.423125e+02, 0.000000e+00, 1.398750e+02, 9.481250e+01, 5.062500e+00, 7.543750e+01, 3.500625e+02, 1.293750e+01, 0.000000e+00, 0.000000e+00, 3.831250e+01, 0.000000e+00, 0.000000e+00, 0.000000e+00, 0.000000e+00, 0.000000e+00, 0.000000e+00, 0.000000e+00, 0.000000e+00, 0.000000e+00, 0.000000e+00, 0.000000e+00, 0.000000e+00, 0.000000e+00, 0.000000e+00, 0.000000e+00, 0.000000e+00, 0.000000e+00, 0.000000e+00, 0.000000e+00, 0.000000e+00, 0.000000e+00, 0.000000e+00, 0.000000e+00, 0.000000e+00, 6.985625e+02, 3.481250e+02, 0.000000e+00, 0.000000e+00, 6.993750e+01, 8.390000e+02, 1.687500e+01, 0.000000e+00, 3.139375e+02, 0.000000e+00, 5.237500e+01, 6.443750e+02, 2.197500e+02, 0.000000e+00, 3.825000e+01, 1.103125e+02, 1.781250e+02, 1.193750e+01, 3.200000e+01, 6.243750e+01, 0.000000e+00, 1.032500e+02, 0.000000e+00, 0.000000e+00, 1.085625e+02, 2.875000e+00, 4.593750e+01, 4.450000e+01, 1.818750e+02, 1.837500e+01, 0.000000e+00, 0.000000e+00, 1.155000e+02, 7.437500e+01, 3.643750e+01, 1.513125e+02, 9.500000e+00, 0.000000e+00, 0.000000e+00, 3.743750e+01, 1.900000e+01, 3.375000e+00, 0.000000e+00, 6.125000e+00, 0.000000e+00, 2.943750e+01, 8.312500e+00, 0.000000e+00, 5.081250e+02, 3.015625e+02, 0.000000e+00, 0.000000e+00, 0.000000e+00, 8.791250e+02, 1.436250e+02, 5.481250e+01, 5.640000e+02, 1.813750e+02, 0.000000e+00, 6.931250e+02, 7.587500e+01, 2.625000e+00, 0.000000e+00, 4.750000e+01, 1.702500e+02, 9.556250e+01, 1.031250e+01, 9.225000e+01, 2.556250e+02, 2.630000e+02, 0.000000e+00, 1.605625e+02, 2.311250e+02, 9.218750e+01, 1.962500e+01, 7.243750e+01, 4.125000e+01, 0.000000e+00, 0.000000e+00, 2.218750e+01, 8.581250e+01, 5.556250e+01, 2.701250e+02, 4.018125e+02, 2.574375e+02, 0.000000e+00, 0.000000e+00, 2.075000e+01, 4.531250e+01, 1.325000e+01, 3.125000e-01, 8.500000e+00, 7.000000e+00, 5.781250e+01, 0.000000e+00, 6.875000e+00, 3.773750e+02, 2.121875e+02, 0.000000e+00, 0.000000e+00, 0.000000e+00, 7.000000e+02, 1.100000e+02, 6.937500e+01, 5.459375e+02, 3.498750e+02, 8.562500e+00, 3.131250e+02, 2.222500e+02, 0.000000e+00, 0.000000e+00, 1.568750e+01, 3.820625e+02, 0.000000e+00, 8.287500e+01, 4.526250e+02, 1.786250e+02, 0.000000e+00, 0.000000e+00, 1.501875e+02, 5.622500e+02, 3.752500e+02, 0.000000e+00, 7.306250e+01, 2.475000e+01, 4.265625e+02, 3.787500e+01, 0.000000e+00, 5.100000e+01, 7.812500e+00, 3.306250e+01, 5.828125e+02, 9.200000e+01, 0.000000e+00, 0.000000e+00, 9.668750e+01, 6.000000e+00, 0.000000e+00, 4.500000e+00, 8.250000e+00, 0.000000e+00, 8.875000e+00, 0.000000e+00, 0.000000e+00, 2.268125e+02, 1.149375e+02, 3.531250e+01, 8.150000e+01, 6.787500e+01, 5.760625e+02, 2.133750e+02, 9.112500e+01, 3.183125e+02, 0.000000e+00, 1.156250e+01, 2.158125e+02, 0.000000e+00, 0.000000e+00, 8.425000e+01, 0.000000e+00, 1.484375e+02, 0.000000e+00, 1.881250e+01, 1.573750e+02, 2.687500e+00, 0.000000e+00, 0.000000e+00, 0.000000e+00, 1.058750e+02, 3.650000e+01, 0.000000e+00, 2.071250e+02, 1.260625e+02, 9.937500e+00, 3.375000e+00, 8.750000e+01, 1.544375e+02, 2.243750e+01, 3.400000e+01, 4.365000e+02, 0.000000e+00, 0.000000e+00, 0.000000e+00, 4.943750e+01, 0.000000e+00, 0.000000e+00, 0.000000e+00, 0.000000e+00, 0.000000e+00, 0.000000e+00, 0.000000e+00, 0.000000e+00, 7.468750e+01, 0.000000e+00, 5.618750e+01, 8.831250e+01, 0.000000e+00, 1.274375e+02, 0.000000e+00, 0.000000e+00, 6.931250e+01, 0.000000e+00, 6.506250e+01, 5.400000e+01, 0.000000e+00, 1.491875e+02, 1.495625e+02, 1.956250e+01, 1.712500e+01, 0.000000e+00, 1.281250e+01, 1.497500e+02, 0.000000e+00, 1.962500e+01, 1.100625e+02, 0.000000e+00, 2.062500e+00, 1.818750e+01, 1.056250e+01, 6.718750e+01, 0.000000e+00, 0.000000e+00, 3.375000e+00, 0.000000e+00, 0.000000e+00, 2.200000e+01, 2.843750e+01, 2.306250e+01, 0.000000e+00, 0.000000e+00, 0.000000e+00, 0.000000e+00]]

🔹 Layer: lambda_1
   📐 Output Shape: (1, 288)
   🔢 Output Values:
[[0., 0., 0., 0., 0., 0., 0., 0., 3., 1., 0., 0., 0., 4., 0., 0., 1., 1., 0., 1., 2., 2., 0., 1., 1., 0., 1., 3., 0., 0., 0., 0., 0., 0., 0., 0., 0., 0., 0., 0., 0., 0., 0., 0., 0., 0., 0., 0., 0., 0., 0., 0., 0., 0., 0., 0., 6., 3., 0., 0., 1., 7., 0., 0., 2., 0., 0., 5., 2., 0., 0., 1., 1., 0., 0., 0., 0., 1., 0., 0., 1., 0., 0., 0., 1., 0., 0., 0., 1., 1., 0., 1., 0., 0., 0., 0., 0., 0., 0., 0., 0., 0., 0., 0., 4., 2., 0., 0., 0., 7., 1., 0., 4., 1., 0., 6., 1., 0., 0., 0., 1., 1., 0., 1., 2., 2., 0., 1., 2., 1., 0., 1., 0., 0., 0., 0., 1., 0., 2., 3., 2., 0., 0., 0., 0., 0., 0., 0., 0., 0., 0., 0., 3., 2., 0., 0., 0., 6., 1., 1., 4., 3., 0., 2., 2., 0., 0., 0., 3., 0., 1., 4., 1., 0., 0., 1., 4., 3., 0., 1., 0., 3., 0., 0., 0., 0., 0., 5., 1., 0., 0., 1., 0., 0., 0., 0., 0., 0., 0., 0., 2., 1., 0., 1., 1., 5., 2., 1., 3., 0., 0., 2., 0., 0., 1., 0., 1., 0., 0., 1., 0., 0., 0., 0., 1., 0., 0., 2., 1., 0., 0., 1., 1., 0., 0., 3., 0., 0., 0., 0., 0., 0., 0., 0., 0., 0., 0., 0., 1., 0., 0., 1., 0., 1., 0., 0., 1., 0., 1., 0., 0., 1., 1., 0., 0., 0., 0., 1., 0., 0., 1., 0., 0., 0., 0., 1., 0., 0., 0., 0., 0., 0., 0., 0., 0., 0., 0., 0.]]

🔹 Layer: dense_3
   📐 Output Shape: (1, 120)
   🔢 Output Values:
[[  0.,  25.,   0.,   0.,  16.,   0.,   0.,  40.,   0.,  53.,   0.,  28.,  92.,  45.,  41.,  24.,  17.,   0.,  47.,   0.,   0.,  10.,   0.,   0.,   0.,  10.,   0.,   0.,   0.,   3.,  20.,  12.,   0.,  57.,   0.,   8.,   0.,   0.,   0.,   0.,  56.,   0.,   0.,  23.,   0.,   0.,   0.,   5.,  16.,  15.,   0.,   0.,   0.,   0.,  10.,   0.,  18.,   0.,  28.,  32.,   0.,  24.,  43.,   0.,   0.,  23., 105.,  56.,   0.,  51.,   0.,   0.,   9.,   0.,   0.,  27.,   0.,  48.,  41.,  79.,   0.,  84.,   0.,   0.,  47.,   0.,   0.,   0.,  14.,   0.,  77.,   0.,   0.,   0.,   0.,   0.,   0.,   0.,   0.,   8.,   9.,   0.,  16.,   0.,  14.,  62.,  29.,   0.,   0.,   2.,   0.,   0.,   0.,   0.,  30.,   0.,  15.,  19.,   0.,   0.]]

🔹 Layer: dense_4
   📐 Output Shape: (1, 84)
   🔢 Output Values:
[[   0.,    0.,    0.,  621.,  143., 1312., 1394.,    0.,    0.,    0.,    0.,    0.,  923.,    0.,  389.,  159.,    0., 1236.,    0.,    0.,   92., 1108.,    0.,    0.,  475.,    0.,    0.,    0.,    0.,  599.,    0., 1210.,    0.,  242., 1701., 1131.,    0.,    0.,    0.,    0., 1146., 1361.,    0.,    0., 1488.,    0.,  417.,    0.,    0.,  529.,    0.,    0.,    0.,    0., 1392.,    0., 1098.,    0.,  471.,    0.,    0.,   71., 1016., 1470., 1318., 1220.,    0.,    0.,  888.,  709., 1590.,  183.,    0., 1122.,    0.,    0.,    0., 1769.,  955.,   28.,    0., 2122.,  807.,  543.]]

🔹 Layer: dense_5
   📐 Output Shape: (1, 10)
   🔢 Output Values:
[[0., 0., 0., 0., 0., 0., 1., 0., 0., 0.]]

🎯 Prediction for Image 101:
   ✅ Predicted Label: 6
   🎯 True Label: 6
   ✅ Result: Correct Prediction
