=============================
  🔍 Inference for Image 1007  
=============================

🔹 Layer: input_2
   📐 Output Shape: (1, 28, 28, 1)
   🔢 Output Values:
[[[[0.],
   [0.],
   [0.],
   [0.],
   [0.],
   [0.],
   [0.],
   [0.],
   [0.],
   [0.],
   [0.],
   [0.],
   [0.],
   [0.],
   [0.],
   [0.],
   [0.],
   [0.],
   [0.],
   [0.],
   [0.],
   [0.],
   [0.],
   [0.],
   [0.],
   [0.],
   [0.],
   [0.]],

  [[0.],
   [0.],
   [0.],
   [0.],
   [0.],
   [0.],
   [0.],
   [0.],
   [0.],
   [0.],
   [0.],
   [0.],
   [0.],
   [0.],
   [0.],
   [0.],
   [0.],
   [0.],
   [0.],
   [0.],
   [0.],
   [0.],
   [0.],
   [0.],
   [0.],
   [0.],
   [0.],
   [0.]],

  [[0.],
   [0.],
   [0.],
   [0.],
   [0.],
   [0.],
   [0.],
   [0.],
   [0.],
   [0.],
   [0.],
   [0.],
   [0.],
   [0.],
   [0.],
   [0.],
   [0.],
   [0.],
   [0.],
   [0.],
   [0.],
   [0.],
   [0.],
   [0.],
   [0.],
   [0.],
   [0.],
   [0.]],

  [[0.],
   [0.],
   [0.],
   [0.],
   [0.],
   [0.],
   [0.],
   [0.],
   [0.],
   [0.],
   [0.],
   [0.],
   [0.],
   [0.],
   [0.],
   [0.],
   [0.],
   [0.],
   [0.],
   [0.],
   [0.],
   [0.],
   [0.],
   [0.],
   [0.],
   [0.],
   [0.],
   [0.]],

  [[0.],
   [0.],
   [0.],
   [0.],
   [0.],
   [0.],
   [0.],
   [0.],
   [0.],
   [0.],
   [0.],
   [0.],
   [0.],
   [0.],
   [0.],
   [0.],
   [0.],
   [0.],
   [0.],
   [0.],
   [0.],
   [0.],
   [0.],
   [0.],
   [0.],
   [0.],
   [0.],
   [0.]],

  [[0.],
   [0.],
   [0.],
   [0.],
   [0.],
   [0.],
   [0.],
   [0.],
   [0.],
   [0.],
   [0.],
   [0.],
   [0.],
   [0.],
   [0.],
   [0.],
   [0.],
   [0.],
   [0.],
   [0.],
   [0.],
   [0.],
   [0.],
   [0.],
   [0.],
   [0.],
   [0.],
   [0.]],

  [[0.],
   [0.],
   [0.],
   [0.],
   [0.],
   [0.],
   [0.],
   [0.],
   [0.],
   [0.],
   [0.],
   [0.],
   [0.],
   [0.],
   [0.],
   [0.],
   [0.],
   [0.],
   [0.],
   [0.],
   [0.],
   [0.],
   [0.],
   [0.],
   [0.],
   [0.],
   [0.],
   [0.]],

  [[0.],
   [0.],
   [0.],
   [0.],
   [0.],
   [0.],
   [0.],
   [0.],
   [0.],
   [0.],
   [0.],
   [0.],
   [3.],
   [5.],
   [6.],
   [6.],
   [5.],
   [3.],
   [0.],
   [0.],
   [0.],
   [0.],
   [0.],
   [0.],
   [0.],
   [0.],
   [0.],
   [0.]],

  [[0.],
   [0.],
   [0.],
   [0.],
   [0.],
   [0.],
   [0.],
   [0.],
   [4.],
   [6.],
   [6.],
   [6.],
   [6.],
   [6.],
   [6.],
   [6.],
   [6.],
   [6.],
   [1.],
   [0.],
   [0.],
   [0.],
   [0.],
   [0.],
   [0.],
   [0.],
   [0.],
   [0.]],

  [[0.],
   [0.],
   [0.],
   [0.],
   [0.],
   [0.],
   [0.],
   [2.],
   [6.],
   [6.],
   [6.],
   [6.],
   [6.],
   [6.],
   [6.],
   [6.],
   [6.],
   [6.],
   [1.],
   [0.],
   [0.],
   [0.],
   [0.],
   [0.],
   [0.],
   [0.],
   [0.],
   [0.]],

  [[0.],
   [0.],
   [0.],
   [0.],
   [0.],
   [0.],
   [0.],
   [1.],
   [6.],
   [6.],
   [6.],
   [6.],
   [6.],
   [6.],
   [6.],
   [6.],
   [6.],
   [6.],
   [1.],
   [0.],
   [0.],
   [0.],
   [0.],
   [0.],
   [0.],
   [0.],
   [0.],
   [0.]],

  [[0.],
   [0.],
   [0.],
   [0.],
   [0.],
   [0.],
   [0.],
   [1.],
   [6.],
   [6.],
   [5.],
   [5.],
   [5.],
   [5.],
   [3.],
   [2.],
   [6.],
   [6.],
   [4.],
   [0.],
   [0.],
   [0.],
   [0.],
   [0.],
   [0.],
   [0.],
   [0.],
   [0.]],

  [[0.],
   [0.],
   [0.],
   [0.],
   [0.],
   [0.],
   [0.],
   [0.],
   [1.],
   [1.],
   [0.],
   [0.],
   [0.],
   [0.],
   [0.],
   [0.],
   [3.],
   [6.],
   [2.],
   [0.],
   [0.],
   [0.],
   [0.],
   [0.],
   [0.],
   [0.],
   [0.],
   [0.]],

  [[0.],
   [0.],
   [0.],
   [0.],
   [0.],
   [0.],
   [0.],
   [0.],
   [0.],
   [0.],
   [0.],
   [0.],
   [0.],
   [0.],
   [0.],
   [0.],
   [6.],
   [6.],
   [2.],
   [0.],
   [0.],
   [0.],
   [0.],
   [0.],
   [0.],
   [0.],
   [0.],
   [0.]],

  [[0.],
   [0.],
   [0.],
   [0.],
   [0.],
   [0.],
   [0.],
   [0.],
   [0.],
   [0.],
   [0.],
   [0.],
   [0.],
   [0.],
   [0.],
   [0.],
   [6.],
   [6.],
   [2.],
   [0.],
   [0.],
   [0.],
   [0.],
   [0.],
   [0.],
   [0.],
   [0.],
   [0.]],

  [[0.],
   [0.],
   [0.],
   [0.],
   [0.],
   [0.],
   [0.],
   [0.],
   [0.],
   [0.],
   [0.],
   [0.],
   [0.],
   [0.],
   [0.],
   [2.],
   [6.],
   [6.],
   [1.],
   [0.],
   [0.],
   [0.],
   [0.],
   [0.],
   [0.],
   [0.],
   [0.],
   [0.]],

  [[0.],
   [0.],
   [0.],
   [0.],
   [0.],
   [0.],
   [0.],
   [0.],
   [0.],
   [0.],
   [0.],
   [0.],
   [0.],
   [0.],
   [0.],
   [2.],
   [6.],
   [6.],
   [1.],
   [0.],
   [0.],
   [0.],
   [0.],
   [0.],
   [0.],
   [0.],
   [0.],
   [0.]],

  [[0.],
   [0.],
   [0.],
   [0.],
   [0.],
   [0.],
   [0.],
   [0.],
   [0.],
   [0.],
   [0.],
   [0.],
   [0.],
   [0.],
   [0.],
   [3.],
   [7.],
   [6.],
   [1.],
   [0.],
   [0.],
   [0.],
   [0.],
   [0.],
   [0.],
   [0.],
   [0.],
   [0.]],

  [[0.],
   [0.],
   [0.],
   [0.],
   [0.],
   [0.],
   [0.],
   [0.],
   [0.],
   [0.],
   [0.],
   [0.],
   [0.],
   [0.],
   [0.],
   [5.],
   [6.],
   [5.],
   [0.],
   [0.],
   [0.],
   [0.],
   [0.],
   [0.],
   [0.],
   [0.],
   [0.],
   [0.]],

  [[0.],
   [0.],
   [0.],
   [0.],
   [0.],
   [0.],
   [0.],
   [0.],
   [0.],
   [0.],
   [0.],
   [0.],
   [0.],
   [0.],
   [0.],
   [6.],
   [6.],
   [2.],
   [0.],
   [0.],
   [0.],
   [0.],
   [0.],
   [0.],
   [0.],
   [0.],
   [0.],
   [0.]],

  [[0.],
   [0.],
   [0.],
   [0.],
   [0.],
   [0.],
   [0.],
   [0.],
   [0.],
   [0.],
   [0.],
   [0.],
   [0.],
   [0.],
   [1.],
   [6.],
   [6.],
   [2.],
   [0.],
   [0.],
   [0.],
   [0.],
   [0.],
   [0.],
   [0.],
   [0.],
   [0.],
   [0.]],

  [[0.],
   [0.],
   [0.],
   [0.],
   [0.],
   [0.],
   [0.],
   [0.],
   [0.],
   [0.],
   [0.],
   [0.],
   [0.],
   [0.],
   [1.],
   [6.],
   [6.],
   [0.],
   [0.],
   [0.],
   [0.],
   [0.],
   [0.],
   [0.],
   [0.],
   [0.],
   [0.],
   [0.]],

  [[0.],
   [0.],
   [0.],
   [0.],
   [0.],
   [0.],
   [0.],
   [0.],
   [0.],
   [0.],
   [0.],
   [0.],
   [0.],
   [0.],
   [1.],
   [6.],
   [6.],
   [0.],
   [0.],
   [0.],
   [0.],
   [0.],
   [0.],
   [0.],
   [0.],
   [0.],
   [0.],
   [0.]],

  [[0.],
   [0.],
   [0.],
   [0.],
   [0.],
   [0.],
   [0.],
   [0.],
   [0.],
   [0.],
   [0.],
   [0.],
   [0.],
   [0.],
   [4.],
   [6.],
   [6.],
   [0.],
   [0.],
   [0.],
   [0.],
   [0.],
   [0.],
   [0.],
   [0.],
   [0.],
   [0.],
   [0.]],

  [[0.],
   [0.],
   [0.],
   [0.],
   [0.],
   [0.],
   [0.],
   [0.],
   [0.],
   [0.],
   [0.],
   [0.],
   [0.],
   [0.],
   [4.],
   [6.],
   [6.],
   [3.],
   [0.],
   [0.],
   [0.],
   [0.],
   [0.],
   [0.],
   [0.],
   [0.],
   [0.],
   [0.]],

  [[0.],
   [0.],
   [0.],
   [0.],
   [0.],
   [0.],
   [0.],
   [0.],
   [0.],
   [0.],
   [0.],
   [0.],
   [0.],
   [0.],
   [2.],
   [6.],
   [6.],
   [3.],
   [0.],
   [0.],
   [0.],
   [0.],
   [0.],
   [0.],
   [0.],
   [0.],
   [0.],
   [0.]],

  [[0.],
   [0.],
   [0.],
   [0.],
   [0.],
   [0.],
   [0.],
   [0.],
   [0.],
   [0.],
   [0.],
   [0.],
   [0.],
   [0.],
   [0.],
   [1.],
   [6.],
   [2.],
   [0.],
   [0.],
   [0.],
   [0.],
   [0.],
   [0.],
   [0.],
   [0.],
   [0.],
   [0.]],

  [[0.],
   [0.],
   [0.],
   [0.],
   [0.],
   [0.],
   [0.],
   [0.],
   [0.],
   [0.],
   [0.],
   [0.],
   [0.],
   [0.],
   [0.],
   [0.],
   [0.],
   [0.],
   [0.],
   [0.],
   [0.],
   [0.],
   [0.],
   [0.],
   [0.],
   [0.],
   [0.],
   [0.]]]]

🔹 Layer: zero_padding2d_1
   📐 Output Shape: (1, 30, 30, 1)
   🔢 Output Values:
[[[[0.],
   [0.],
   [0.],
   [0.],
   [0.],
   [0.],
   [0.],
   [0.],
   [0.],
   [0.],
   [0.],
   [0.],
   [0.],
   [0.],
   [0.],
   [0.],
   [0.],
   [0.],
   [0.],
   [0.],
   [0.],
   [0.],
   [0.],
   [0.],
   [0.],
   [0.],
   [0.],
   [0.],
   [0.],
   [0.]],

  [[0.],
   [0.],
   [0.],
   [0.],
   [0.],
   [0.],
   [0.],
   [0.],
   [0.],
   [0.],
   [0.],
   [0.],
   [0.],
   [0.],
   [0.],
   [0.],
   [0.],
   [0.],
   [0.],
   [0.],
   [0.],
   [0.],
   [0.],
   [0.],
   [0.],
   [0.],
   [0.],
   [0.],
   [0.],
   [0.]],

  [[0.],
   [0.],
   [0.],
   [0.],
   [0.],
   [0.],
   [0.],
   [0.],
   [0.],
   [0.],
   [0.],
   [0.],
   [0.],
   [0.],
   [0.],
   [0.],
   [0.],
   [0.],
   [0.],
   [0.],
   [0.],
   [0.],
   [0.],
   [0.],
   [0.],
   [0.],
   [0.],
   [0.],
   [0.],
   [0.]],

  [[0.],
   [0.],
   [0.],
   [0.],
   [0.],
   [0.],
   [0.],
   [0.],
   [0.],
   [0.],
   [0.],
   [0.],
   [0.],
   [0.],
   [0.],
   [0.],
   [0.],
   [0.],
   [0.],
   [0.],
   [0.],
   [0.],
   [0.],
   [0.],
   [0.],
   [0.],
   [0.],
   [0.],
   [0.],
   [0.]],

  [[0.],
   [0.],
   [0.],
   [0.],
   [0.],
   [0.],
   [0.],
   [0.],
   [0.],
   [0.],
   [0.],
   [0.],
   [0.],
   [0.],
   [0.],
   [0.],
   [0.],
   [0.],
   [0.],
   [0.],
   [0.],
   [0.],
   [0.],
   [0.],
   [0.],
   [0.],
   [0.],
   [0.],
   [0.],
   [0.]],

  [[0.],
   [0.],
   [0.],
   [0.],
   [0.],
   [0.],
   [0.],
   [0.],
   [0.],
   [0.],
   [0.],
   [0.],
   [0.],
   [0.],
   [0.],
   [0.],
   [0.],
   [0.],
   [0.],
   [0.],
   [0.],
   [0.],
   [0.],
   [0.],
   [0.],
   [0.],
   [0.],
   [0.],
   [0.],
   [0.]],

  [[0.],
   [0.],
   [0.],
   [0.],
   [0.],
   [0.],
   [0.],
   [0.],
   [0.],
   [0.],
   [0.],
   [0.],
   [0.],
   [0.],
   [0.],
   [0.],
   [0.],
   [0.],
   [0.],
   [0.],
   [0.],
   [0.],
   [0.],
   [0.],
   [0.],
   [0.],
   [0.],
   [0.],
   [0.],
   [0.]],

  [[0.],
   [0.],
   [0.],
   [0.],
   [0.],
   [0.],
   [0.],
   [0.],
   [0.],
   [0.],
   [0.],
   [0.],
   [0.],
   [0.],
   [0.],
   [0.],
   [0.],
   [0.],
   [0.],
   [0.],
   [0.],
   [0.],
   [0.],
   [0.],
   [0.],
   [0.],
   [0.],
   [0.],
   [0.],
   [0.]],

  [[0.],
   [0.],
   [0.],
   [0.],
   [0.],
   [0.],
   [0.],
   [0.],
   [0.],
   [0.],
   [0.],
   [0.],
   [0.],
   [3.],
   [5.],
   [6.],
   [6.],
   [5.],
   [3.],
   [0.],
   [0.],
   [0.],
   [0.],
   [0.],
   [0.],
   [0.],
   [0.],
   [0.],
   [0.],
   [0.]],

  [[0.],
   [0.],
   [0.],
   [0.],
   [0.],
   [0.],
   [0.],
   [0.],
   [0.],
   [4.],
   [6.],
   [6.],
   [6.],
   [6.],
   [6.],
   [6.],
   [6.],
   [6.],
   [6.],
   [1.],
   [0.],
   [0.],
   [0.],
   [0.],
   [0.],
   [0.],
   [0.],
   [0.],
   [0.],
   [0.]],

  [[0.],
   [0.],
   [0.],
   [0.],
   [0.],
   [0.],
   [0.],
   [0.],
   [2.],
   [6.],
   [6.],
   [6.],
   [6.],
   [6.],
   [6.],
   [6.],
   [6.],
   [6.],
   [6.],
   [1.],
   [0.],
   [0.],
   [0.],
   [0.],
   [0.],
   [0.],
   [0.],
   [0.],
   [0.],
   [0.]],

  [[0.],
   [0.],
   [0.],
   [0.],
   [0.],
   [0.],
   [0.],
   [0.],
   [1.],
   [6.],
   [6.],
   [6.],
   [6.],
   [6.],
   [6.],
   [6.],
   [6.],
   [6.],
   [6.],
   [1.],
   [0.],
   [0.],
   [0.],
   [0.],
   [0.],
   [0.],
   [0.],
   [0.],
   [0.],
   [0.]],

  [[0.],
   [0.],
   [0.],
   [0.],
   [0.],
   [0.],
   [0.],
   [0.],
   [1.],
   [6.],
   [6.],
   [5.],
   [5.],
   [5.],
   [5.],
   [3.],
   [2.],
   [6.],
   [6.],
   [4.],
   [0.],
   [0.],
   [0.],
   [0.],
   [0.],
   [0.],
   [0.],
   [0.],
   [0.],
   [0.]],

  [[0.],
   [0.],
   [0.],
   [0.],
   [0.],
   [0.],
   [0.],
   [0.],
   [0.],
   [1.],
   [1.],
   [0.],
   [0.],
   [0.],
   [0.],
   [0.],
   [0.],
   [3.],
   [6.],
   [2.],
   [0.],
   [0.],
   [0.],
   [0.],
   [0.],
   [0.],
   [0.],
   [0.],
   [0.],
   [0.]],

  [[0.],
   [0.],
   [0.],
   [0.],
   [0.],
   [0.],
   [0.],
   [0.],
   [0.],
   [0.],
   [0.],
   [0.],
   [0.],
   [0.],
   [0.],
   [0.],
   [0.],
   [6.],
   [6.],
   [2.],
   [0.],
   [0.],
   [0.],
   [0.],
   [0.],
   [0.],
   [0.],
   [0.],
   [0.],
   [0.]],

  [[0.],
   [0.],
   [0.],
   [0.],
   [0.],
   [0.],
   [0.],
   [0.],
   [0.],
   [0.],
   [0.],
   [0.],
   [0.],
   [0.],
   [0.],
   [0.],
   [0.],
   [6.],
   [6.],
   [2.],
   [0.],
   [0.],
   [0.],
   [0.],
   [0.],
   [0.],
   [0.],
   [0.],
   [0.],
   [0.]],

  [[0.],
   [0.],
   [0.],
   [0.],
   [0.],
   [0.],
   [0.],
   [0.],
   [0.],
   [0.],
   [0.],
   [0.],
   [0.],
   [0.],
   [0.],
   [0.],
   [2.],
   [6.],
   [6.],
   [1.],
   [0.],
   [0.],
   [0.],
   [0.],
   [0.],
   [0.],
   [0.],
   [0.],
   [0.],
   [0.]],

  [[0.],
   [0.],
   [0.],
   [0.],
   [0.],
   [0.],
   [0.],
   [0.],
   [0.],
   [0.],
   [0.],
   [0.],
   [0.],
   [0.],
   [0.],
   [0.],
   [2.],
   [6.],
   [6.],
   [1.],
   [0.],
   [0.],
   [0.],
   [0.],
   [0.],
   [0.],
   [0.],
   [0.],
   [0.],
   [0.]],

  [[0.],
   [0.],
   [0.],
   [0.],
   [0.],
   [0.],
   [0.],
   [0.],
   [0.],
   [0.],
   [0.],
   [0.],
   [0.],
   [0.],
   [0.],
   [0.],
   [3.],
   [7.],
   [6.],
   [1.],
   [0.],
   [0.],
   [0.],
   [0.],
   [0.],
   [0.],
   [0.],
   [0.],
   [0.],
   [0.]],

  [[0.],
   [0.],
   [0.],
   [0.],
   [0.],
   [0.],
   [0.],
   [0.],
   [0.],
   [0.],
   [0.],
   [0.],
   [0.],
   [0.],
   [0.],
   [0.],
   [5.],
   [6.],
   [5.],
   [0.],
   [0.],
   [0.],
   [0.],
   [0.],
   [0.],
   [0.],
   [0.],
   [0.],
   [0.],
   [0.]],

  [[0.],
   [0.],
   [0.],
   [0.],
   [0.],
   [0.],
   [0.],
   [0.],
   [0.],
   [0.],
   [0.],
   [0.],
   [0.],
   [0.],
   [0.],
   [0.],
   [6.],
   [6.],
   [2.],
   [0.],
   [0.],
   [0.],
   [0.],
   [0.],
   [0.],
   [0.],
   [0.],
   [0.],
   [0.],
   [0.]],

  [[0.],
   [0.],
   [0.],
   [0.],
   [0.],
   [0.],
   [0.],
   [0.],
   [0.],
   [0.],
   [0.],
   [0.],
   [0.],
   [0.],
   [0.],
   [1.],
   [6.],
   [6.],
   [2.],
   [0.],
   [0.],
   [0.],
   [0.],
   [0.],
   [0.],
   [0.],
   [0.],
   [0.],
   [0.],
   [0.]],

  [[0.],
   [0.],
   [0.],
   [0.],
   [0.],
   [0.],
   [0.],
   [0.],
   [0.],
   [0.],
   [0.],
   [0.],
   [0.],
   [0.],
   [0.],
   [1.],
   [6.],
   [6.],
   [0.],
   [0.],
   [0.],
   [0.],
   [0.],
   [0.],
   [0.],
   [0.],
   [0.],
   [0.],
   [0.],
   [0.]],

  [[0.],
   [0.],
   [0.],
   [0.],
   [0.],
   [0.],
   [0.],
   [0.],
   [0.],
   [0.],
   [0.],
   [0.],
   [0.],
   [0.],
   [0.],
   [1.],
   [6.],
   [6.],
   [0.],
   [0.],
   [0.],
   [0.],
   [0.],
   [0.],
   [0.],
   [0.],
   [0.],
   [0.],
   [0.],
   [0.]],

  [[0.],
   [0.],
   [0.],
   [0.],
   [0.],
   [0.],
   [0.],
   [0.],
   [0.],
   [0.],
   [0.],
   [0.],
   [0.],
   [0.],
   [0.],
   [4.],
   [6.],
   [6.],
   [0.],
   [0.],
   [0.],
   [0.],
   [0.],
   [0.],
   [0.],
   [0.],
   [0.],
   [0.],
   [0.],
   [0.]],

  [[0.],
   [0.],
   [0.],
   [0.],
   [0.],
   [0.],
   [0.],
   [0.],
   [0.],
   [0.],
   [0.],
   [0.],
   [0.],
   [0.],
   [0.],
   [4.],
   [6.],
   [6.],
   [3.],
   [0.],
   [0.],
   [0.],
   [0.],
   [0.],
   [0.],
   [0.],
   [0.],
   [0.],
   [0.],
   [0.]],

  [[0.],
   [0.],
   [0.],
   [0.],
   [0.],
   [0.],
   [0.],
   [0.],
   [0.],
   [0.],
   [0.],
   [0.],
   [0.],
   [0.],
   [0.],
   [2.],
   [6.],
   [6.],
   [3.],
   [0.],
   [0.],
   [0.],
   [0.],
   [0.],
   [0.],
   [0.],
   [0.],
   [0.],
   [0.],
   [0.]],

  [[0.],
   [0.],
   [0.],
   [0.],
   [0.],
   [0.],
   [0.],
   [0.],
   [0.],
   [0.],
   [0.],
   [0.],
   [0.],
   [0.],
   [0.],
   [0.],
   [1.],
   [6.],
   [2.],
   [0.],
   [0.],
   [0.],
   [0.],
   [0.],
   [0.],
   [0.],
   [0.],
   [0.],
   [0.],
   [0.]],

  [[0.],
   [0.],
   [0.],
   [0.],
   [0.],
   [0.],
   [0.],
   [0.],
   [0.],
   [0.],
   [0.],
   [0.],
   [0.],
   [0.],
   [0.],
   [0.],
   [0.],
   [0.],
   [0.],
   [0.],
   [0.],
   [0.],
   [0.],
   [0.],
   [0.],
   [0.],
   [0.],
   [0.],
   [0.],
   [0.]],

  [[0.],
   [0.],
   [0.],
   [0.],
   [0.],
   [0.],
   [0.],
   [0.],
   [0.],
   [0.],
   [0.],
   [0.],
   [0.],
   [0.],
   [0.],
   [0.],
   [0.],
   [0.],
   [0.],
   [0.],
   [0.],
   [0.],
   [0.],
   [0.],
   [0.],
   [0.],
   [0.],
   [0.],
   [0.],
   [0.]]]]

🔹 Layer: conv2d_2
   📐 Output Shape: (1, 28, 28, 4)
   🔢 Output Values:
[[[[  0.,   0.,   0.,   0.],
   [  0.,   0.,   0.,   0.],
   [  0.,   0.,   0.,   0.],
   [  0.,   0.,   0.,   0.],
   [  0.,   0.,   0.,   0.],
   [  0.,   0.,   0.,   0.],
   [  0.,   0.,   0.,   0.],
   [  0.,   0.,   0.,   0.],
   [  0.,   0.,   0.,   0.],
   [  0.,   0.,   0.,   0.],
   [  0.,   0.,   0.,   0.],
   [  0.,   0.,   0.,   0.],
   [  0.,   0.,   0.,   0.],
   [  0.,   0.,   0.,   0.],
   [  0.,   0.,   0.,   0.],
   [  0.,   0.,   0.,   0.],
   [  0.,   0.,   0.,   0.],
   [  0.,   0.,   0.,   0.],
   [  0.,   0.,   0.,   0.],
   [  0.,   0.,   0.,   0.],
   [  0.,   0.,   0.,   0.],
   [  0.,   0.,   0.,   0.],
   [  0.,   0.,   0.,   0.],
   [  0.,   0.,   0.,   0.],
   [  0.,   0.,   0.,   0.],
   [  0.,   0.,   0.,   0.],
   [  0.,   0.,   0.,   0.],
   [  0.,   0.,   0.,   0.]],

  [[  0.,   0.,   0.,   0.],
   [  0.,   0.,   0.,   0.],
   [  0.,   0.,   0.,   0.],
   [  0.,   0.,   0.,   0.],
   [  0.,   0.,   0.,   0.],
   [  0.,   0.,   0.,   0.],
   [  0.,   0.,   0.,   0.],
   [  0.,   0.,   0.,   0.],
   [  0.,   0.,   0.,   0.],
   [  0.,   0.,   0.,   0.],
   [  0.,   0.,   0.,   0.],
   [  0.,   0.,   0.,   0.],
   [  0.,   0.,   0.,   0.],
   [  0.,   0.,   0.,   0.],
   [  0.,   0.,   0.,   0.],
   [  0.,   0.,   0.,   0.],
   [  0.,   0.,   0.,   0.],
   [  0.,   0.,   0.,   0.],
   [  0.,   0.,   0.,   0.],
   [  0.,   0.,   0.,   0.],
   [  0.,   0.,   0.,   0.],
   [  0.,   0.,   0.,   0.],
   [  0.,   0.,   0.,   0.],
   [  0.,   0.,   0.,   0.],
   [  0.,   0.,   0.,   0.],
   [  0.,   0.,   0.,   0.],
   [  0.,   0.,   0.,   0.],
   [  0.,   0.,   0.,   0.]],

  [[  0.,   0.,   0.,   0.],
   [  0.,   0.,   0.,   0.],
   [  0.,   0.,   0.,   0.],
   [  0.,   0.,   0.,   0.],
   [  0.,   0.,   0.,   0.],
   [  0.,   0.,   0.,   0.],
   [  0.,   0.,   0.,   0.],
   [  0.,   0.,   0.,   0.],
   [  0.,   0.,   0.,   0.],
   [  0.,   0.,   0.,   0.],
   [  0.,   0.,   0.,   0.],
   [  0.,   0.,   0.,   0.],
   [  0.,   0.,   0.,   0.],
   [  0.,   0.,   0.,   0.],
   [  0.,   0.,   0.,   0.],
   [  0.,   0.,   0.,   0.],
   [  0.,   0.,   0.,   0.],
   [  0.,   0.,   0.,   0.],
   [  0.,   0.,   0.,   0.],
   [  0.,   0.,   0.,   0.],
   [  0.,   0.,   0.,   0.],
   [  0.,   0.,   0.,   0.],
   [  0.,   0.,   0.,   0.],
   [  0.,   0.,   0.,   0.],
   [  0.,   0.,   0.,   0.],
   [  0.,   0.,   0.,   0.],
   [  0.,   0.,   0.,   0.],
   [  0.,   0.,   0.,   0.]],

  [[  0.,   0.,   0.,   0.],
   [  0.,   0.,   0.,   0.],
   [  0.,   0.,   0.,   0.],
   [  0.,   0.,   0.,   0.],
   [  0.,   0.,   0.,   0.],
   [  0.,   0.,   0.,   0.],
   [  0.,   0.,   0.,   0.],
   [  0.,   0.,   0.,   0.],
   [  0.,   0.,   0.,   0.],
   [  0.,   0.,   0.,   0.],
   [  0.,   0.,   0.,   0.],
   [  0.,   0.,   0.,   0.],
   [  0.,   0.,   0.,   0.],
   [  0.,   0.,   0.,   0.],
   [  0.,   0.,   0.,   0.],
   [  0.,   0.,   0.,   0.],
   [  0.,   0.,   0.,   0.],
   [  0.,   0.,   0.,   0.],
   [  0.,   0.,   0.,   0.],
   [  0.,   0.,   0.,   0.],
   [  0.,   0.,   0.,   0.],
   [  0.,   0.,   0.,   0.],
   [  0.,   0.,   0.,   0.],
   [  0.,   0.,   0.,   0.],
   [  0.,   0.,   0.,   0.],
   [  0.,   0.,   0.,   0.],
   [  0.,   0.,   0.,   0.],
   [  0.,   0.,   0.,   0.]],

  [[  0.,   0.,   0.,   0.],
   [  0.,   0.,   0.,   0.],
   [  0.,   0.,   0.,   0.],
   [  0.,   0.,   0.,   0.],
   [  0.,   0.,   0.,   0.],
   [  0.,   0.,   0.,   0.],
   [  0.,   0.,   0.,   0.],
   [  0.,   0.,   0.,   0.],
   [  0.,   0.,   0.,   0.],
   [  0.,   0.,   0.,   0.],
   [  0.,   0.,   0.,   0.],
   [  0.,   0.,   0.,   0.],
   [  0.,   0.,   0.,   0.],
   [  0.,   0.,   0.,   0.],
   [  0.,   0.,   0.,   0.],
   [  0.,   0.,   0.,   0.],
   [  0.,   0.,   0.,   0.],
   [  0.,   0.,   0.,   0.],
   [  0.,   0.,   0.,   0.],
   [  0.,   0.,   0.,   0.],
   [  0.,   0.,   0.,   0.],
   [  0.,   0.,   0.,   0.],
   [  0.,   0.,   0.,   0.],
   [  0.,   0.,   0.,   0.],
   [  0.,   0.,   0.,   0.],
   [  0.,   0.,   0.,   0.],
   [  0.,   0.,   0.,   0.],
   [  0.,   0.,   0.,   0.]],

  [[  0.,   0.,   0.,   0.],
   [  0.,   0.,   0.,   0.],
   [  0.,   0.,   0.,   0.],
   [  0.,   0.,   0.,   0.],
   [  0.,   0.,   0.,   0.],
   [  0.,   0.,   0.,   0.],
   [  0.,   0.,   0.,   0.],
   [  0.,   0.,   0.,   0.],
   [  0.,   0.,   0.,   0.],
   [  0.,   0.,   0.,   0.],
   [  0.,   0.,   0.,   0.],
   [  0.,   0.,   0.,   0.],
   [  0.,   0.,   0.,   0.],
   [  0.,   0.,   0.,   0.],
   [  0.,   0.,   0.,   0.],
   [  0.,   0.,   0.,   0.],
   [  0.,   0.,   0.,   0.],
   [  0.,   0.,   0.,   0.],
   [  0.,   0.,   0.,   0.],
   [  0.,   0.,   0.,   0.],
   [  0.,   0.,   0.,   0.],
   [  0.,   0.,   0.,   0.],
   [  0.,   0.,   0.,   0.],
   [  0.,   0.,   0.,   0.],
   [  0.,   0.,   0.,   0.],
   [  0.,   0.,   0.,   0.],
   [  0.,   0.,   0.,   0.],
   [  0.,   0.,   0.,   0.]],

  [[  0.,   0.,   0.,   0.],
   [  0.,   0.,   0.,   0.],
   [  0.,   0.,   0.,   0.],
   [  0.,   0.,   0.,   0.],
   [  0.,   0.,   0.,   0.],
   [  0.,   0.,   0.,   0.],
   [  0.,   0.,   0.,   0.],
   [  0.,   0.,   0.,   0.],
   [  0.,   0.,   0.,   0.],
   [  0.,   0.,   0.,   0.],
   [  0.,   0.,   0.,   0.],
   [  0.,   0.,  15.,   9.],
   [  0.,   0.,  16.,  27.],
   [ 12.,   0.,   0.,  29.],
   [ 22.,   0.,   0.,  27.],
   [ 28.,   0.,   0.,  21.],
   [ 30.,   0.,   0.,  11.],
   [ 28.,   0.,   0.,   0.],
   [  6.,   0.,   0.,   0.],
   [  0.,   0.,   0.,   0.],
   [  0.,   0.,   0.,   0.],
   [  0.,   0.,   0.,   0.],
   [  0.,   0.,   0.,   0.],
   [  0.,   0.,   0.,   0.],
   [  0.,   0.,   0.,   0.],
   [  0.,   0.,   0.,   0.],
   [  0.,   0.,   0.,   0.],
   [  0.,   0.,   0.,   0.]],

  [[  0.,   0.,   0.,   0.],
   [  0.,   0.,   0.,   0.],
   [  0.,   0.,   0.,   0.],
   [  0.,   0.,   0.,   0.],
   [  0.,   0.,   0.,   0.],
   [  0.,   0.,   0.,   0.],
   [  0.,   0.,   0.,   0.],
   [  0.,   0.,  20.,  12.],
   [  0.,   0.,  18.,  34.],
   [ 20.,   0.,   0.,  30.],
   [ 24.,   0.,   0.,  24.],
   [ 33.,   0.,   0.,  39.],
   [ 21.,   0.,   0.,  55.],
   [ 27.,   0.,   0.,  43.],
   [ 31.,   0.,   0.,  31.],
   [ 33.,   0.,   0.,  19.],
   [ 33.,   0.,   0.,   7.],
   [ 51.,   0.,   0.,   0.],
   [ 33.,   0.,   0.,   0.],
   [  2.,   0.,   0.,   0.],
   [  0.,   0.,   0.,   0.],
   [  0.,   0.,   0.,   0.],
   [  0.,   0.,   0.,   0.],
   [  0.,   0.,   0.,   0.],
   [  0.,   0.,   0.,   0.],
   [  0.,   0.,   0.,   0.],
   [  0.,   0.,   0.,   0.],
   [  0.,   0.,   0.,   0.]],

  [[  0.,   0.,   0.,   0.],
   [  0.,   0.,   0.,   0.],
   [  0.,   0.,   0.,   0.],
   [  0.,   0.,   0.,   0.],
   [  0.,   0.,   0.,   0.],
   [  0.,   0.,   0.,   0.],
   [  0.,   0.,  10.,   6.],
   [  0.,   0.,  36.,  46.],
   [ 10.,   0.,   0.,  74.],
   [ 26.,   0.,   0.,  38.],
   [ 36.,   0.,   0.,  24.],
   [ 18.,   0.,   0.,  39.],
   [ 18.,   0.,   0.,  46.],
   [ 41.,   0.,   0.,  34.],
   [ 59.,   0.,   0.,  23.],
   [ 72.,   0.,   0.,  13.],
   [ 80.,   0.,   0.,   4.],
   [ 88.,   0.,   0.,   0.],
   [ 63.,   0.,   0.,   0.],
   [  7.,   0.,   1.,   0.],
   [  0.,   0.,   0.,   0.],
   [  0.,   0.,   0.,   0.],
   [  0.,   0.,   0.,   0.],
   [  0.,   0.,   0.,   0.],
   [  0.,   0.,   0.,   0.],
   [  0.,   0.,   0.,   0.],
   [  0.,   0.,   0.,   0.],
   [  0.,   0.,   0.,   0.]],

  [[  0.,   0.,   0.,   0.],
   [  0.,   0.,   0.,   0.],
   [  0.,   0.,   0.,   0.],
   [  0.,   0.,   0.,   0.],
   [  0.,   0.,   0.,   0.],
   [  0.,   0.,   0.,   0.],
   [  2.,   0.,  11.,  13.],
   [  0.,   0.,  19.,  76.],
   [  0.,   0.,   0.,  93.],
   [ 52.,   0.,   0.,  28.],
   [ 66.,   0.,   0.,  18.],
   [ 66.,   0.,   0.,  18.],
   [ 66.,   0.,   0.,  18.],
   [ 66.,   0.,   0.,  18.],
   [ 66.,   0.,   0.,  18.],
   [ 66.,   0.,   0.,  18.],
   [ 66.,   0.,   0.,  18.],
   [101.,   0.,   0.,   0.],
   [ 88.,   0.,   0.,   0.],
   [ 14.,   0.,   1.,   0.],
   [  0.,   0.,   0.,   0.],
   [  0.,   0.,   0.,   0.],
   [  0.,   0.,   0.,   0.],
   [  0.,   0.,   0.,   0.],
   [  0.,   0.,   0.,   0.],
   [  0.,   0.,   0.,   0.],
   [  0.,   0.,   0.,   0.],
   [  0.,   0.,   0.,   0.]],

  [[  0.,   0.,   0.,   0.],
   [  0.,   0.,   0.,   0.],
   [  0.,   0.,   0.,   0.],
   [  0.,   0.,   0.,   0.],
   [  0.,   0.,   0.,   0.],
   [  0.,   0.,   0.,   0.],
   [  0.,   7.,   2.,  18.],
   [  0.,   3.,  22.,  82.],
   [  3.,   0.,   0.,  88.],
   [ 70.,   0.,   0.,  15.],
   [ 64.,   0.,   0.,  11.],
   [ 62.,   0.,   0.,  14.],
   [ 62.,   0.,   0.,  14.],
   [ 70.,   0.,   0.,   8.],
   [ 62.,   0.,   0.,   0.],
   [ 36.,   0.,   9.,  11.],
   [ 58.,   0.,   2.,  30.],
   [ 89.,   0.,   0.,   0.],
   [106.,   0.,   0.,   0.],
   [ 20.,   0.,   0.,   0.],
   [  0.,   0.,   0.,   0.],
   [  0.,   0.,   0.,   0.],
   [  0.,   0.,   0.,   0.],
   [  0.,   0.,   0.,   0.],
   [  0.,   0.,   0.,   0.],
   [  0.,   0.,   0.,   0.],
   [  0.,   0.,   0.,   0.],
   [  0.,   0.,   0.,   0.]],

  [[  0.,   0.,   0.,   0.],
   [  0.,   0.,   0.,   0.],
   [  0.,   0.,   0.,   0.],
   [  0.,   0.,   0.,   0.],
   [  0.,   0.,   0.,   0.],
   [  0.,   0.,   0.,   0.],
   [  0.,   5.,   0.,  10.],
   [  0.,  28.,   0.,  64.],
   [  0.,  31.,   0.,  61.],
   [ 47.,  30.,   0.,   0.],
   [ 47.,  37.,   0.,   0.],
   [ 40.,  44.,   0.,   0.],
   [ 40.,  44.,   0.,   0.],
   [ 34.,  46.,   0.,   0.],
   [ 43.,  47.,   3.,   0.],
   [ 39.,  33.,  25.,  16.],
   [ 16.,   1.,   0.,  52.],
   [100.,   0.,   0.,   0.],
   [ 76.,   0.,   0.,   0.],
   [ 31.,   0.,  14.,   0.],
   [  0.,   0.,   0.,   0.],
   [  0.,   0.,   0.,   0.],
   [  0.,   0.,   0.,   0.],
   [  0.,   0.,   0.,   0.],
   [  0.,   0.,   0.,   0.],
   [  0.,   0.,   0.,   0.],
   [  0.,   0.,   0.,   0.],
   [  0.,   0.,   0.,   0.]],

  [[  0.,   0.,   0.,   0.],
   [  0.,   0.,   0.,   0.],
   [  0.,   0.,   0.,   0.],
   [  0.,   0.,   0.,   0.],
   [  0.,   0.,   0.,   0.],
   [  0.,   0.,   0.,   0.],
   [  0.,   6.,   0.,   5.],
   [  0.,  37.,   0.,  34.],
   [  0.,  48.,   0.,  26.],
   [ 35.,  47.,   0.,   0.],
   [ 37.,  45.,   0.,   0.],
   [ 25.,  45.,   0.,   0.],
   [ 25.,  45.,   0.,   0.],
   [ 37.,  33.,   0.,   0.],
   [ 35.,  23.,   0.,   0.],
   [  0.,  16.,  23.,  46.],
   [ 14.,   0.,   0.,  92.],
   [ 67.,   0.,   0.,   0.],
   [100.,   0.,   0.,   0.],
   [ 42.,   0.,   2.,   0.],
   [  0.,   0.,   0.,   0.],
   [  0.,   0.,   0.,   0.],
   [  0.,   0.,   0.,   0.],
   [  0.,   0.,   0.,   0.],
   [  0.,   0.,   0.,   0.],
   [  0.,   0.,   0.,   0.],
   [  0.,   0.,   0.,   0.],
   [  0.,   0.,   0.,   0.]],

  [[  0.,   0.,   0.,   0.],
   [  0.,   0.,   0.,   0.],
   [  0.,   0.,   0.,   0.],
   [  0.,   0.,   0.,   0.],
   [  0.,   0.,   0.,   0.],
   [  0.,   0.,   0.,   0.],
   [  0.,   0.,   0.,   0.],
   [  0.,   6.,   0.,   5.],
   [  0.,   8.,   0.,   4.],
   [ 11.,   3.,   1.,   0.],
   [  7.,   1.,   0.,   0.],
   [  0.,   0.,   0.,   0.],
   [  0.,   0.,   0.,   0.],
   [  0.,   0.,   0.,   0.],
   [  0.,   0.,   0.,   0.],
   [  0.,   0.,  39.,  63.],
   [  0.,   0.,   0., 111.],
   [ 73.,   0.,   0.,   0.],
   [ 92.,   0.,   0.,   0.],
   [ 28.,   0.,   2.,   0.],
   [  0.,   0.,   0.,   0.],
   [  0.,   0.,   0.,   0.],
   [  0.,   0.,   0.,   0.],
   [  0.,   0.,   0.,   0.],
   [  0.,   0.,   0.,   0.],
   [  0.,   0.,   0.,   0.],
   [  0.,   0.,   0.,   0.],
   [  0.,   0.,   0.,   0.]],

  [[  0.,   0.,   0.,   0.],
   [  0.,   0.,   0.,   0.],
   [  0.,   0.,   0.,   0.],
   [  0.,   0.,   0.,   0.],
   [  0.,   0.,   0.,   0.],
   [  0.,   0.,   0.,   0.],
   [  0.,   0.,   0.,   0.],
   [  0.,   0.,   0.,   0.],
   [  0.,   0.,   0.,   0.],
   [  0.,   0.,   0.,   0.],
   [  0.,   0.,   0.,   0.],
   [  0.,   0.,   0.,   0.],
   [  0.,   0.,   0.,   0.],
   [  0.,   0.,   0.,   0.],
   [  0.,   0.,  10.,   6.],
   [  0.,   0.,  24.,  86.],
   [  0.,   0.,   0., 102.],
   [ 98.,   0.,   0.,   0.],
   [ 86.,   0.,   0.,   0.],
   [ 26.,   0.,   7.,   0.],
   [  0.,   0.,   0.,   0.],
   [  0.,   0.,   0.,   0.],
   [  0.,   0.,   0.,   0.],
   [  0.,   0.,   0.,   0.],
   [  0.,   0.,   0.,   0.],
   [  0.,   0.,   0.,   0.],
   [  0.,   0.,   0.,   0.],
   [  0.,   0.,   0.,   0.]],

  [[  0.,   0.,   0.,   0.],
   [  0.,   0.,   0.,   0.],
   [  0.,   0.,   0.,   0.],
   [  0.,   0.,   0.,   0.],
   [  0.,   0.,   0.,   0.],
   [  0.,   0.,   0.,   0.],
   [  0.,   0.,   0.,   0.],
   [  0.,   0.,   0.,   0.],
   [  0.,   0.,   0.,   0.],
   [  0.,   0.,   0.,   0.],
   [  0.,   0.,   0.,   0.],
   [  0.,   0.,   0.,   0.],
   [  0.,   0.,   0.,   0.],
   [  0.,   0.,   0.,   0.],
   [  0.,   0.,  16.,  16.],
   [  0.,   0.,  10.,  90.],
   [  0.,   0.,   0.,  88.],
   [ 95.,   0.,   0.,   0.],
   [ 92.,   0.,   0.,   0.],
   [ 21.,   0.,   1.,   0.],
   [  0.,   0.,   0.,   0.],
   [  0.,   0.,   0.,   0.],
   [  0.,   0.,   0.,   0.],
   [  0.,   0.,   0.,   0.],
   [  0.,   0.,   0.,   0.],
   [  0.,   0.,   0.,   0.],
   [  0.,   0.,   0.,   0.],
   [  0.,   0.,   0.,   0.]],

  [[  0.,   0.,   0.,   0.],
   [  0.,   0.,   0.,   0.],
   [  0.,   0.,   0.,   0.],
   [  0.,   0.,   0.,   0.],
   [  0.,   0.,   0.,   0.],
   [  0.,   0.,   0.,   0.],
   [  0.,   0.,   0.,   0.],
   [  0.,   0.,   0.,   0.],
   [  0.,   0.,   0.,   0.],
   [  0.,   0.,   0.,   0.],
   [  0.,   0.,   0.,   0.],
   [  0.,   0.,   0.,   0.],
   [  0.,   0.,   0.,   0.],
   [  0.,   0.,   0.,   0.],
   [  0.,   0.,  15.,  29.],
   [  0.,   0.,  14.,  95.],
   [ 18.,   0.,   0.,  79.],
   [103.,   0.,   0.,   0.],
   [ 88.,   0.,   0.,   0.],
   [ 14.,   0.,   1.,   0.],
   [  0.,   0.,   0.,   0.],
   [  0.,   0.,   0.,   0.],
   [  0.,   0.,   0.,   0.],
   [  0.,   0.,   0.,   0.],
   [  0.,   0.,   0.,   0.],
   [  0.,   0.,   0.,   0.],
   [  0.,   0.,   0.,   0.],
   [  0.,   0.,   0.,   0.]],

  [[  0.,   0.,   0.,   0.],
   [  0.,   0.,   0.,   0.],
   [  0.,   0.,   0.,   0.],
   [  0.,   0.,   0.,   0.],
   [  0.,   0.,   0.,   0.],
   [  0.,   0.,   0.,   0.],
   [  0.,   0.,   0.,   0.],
   [  0.,   0.,   0.,   0.],
   [  0.,   0.,   0.,   0.],
   [  0.,   0.,   0.,   0.],
   [  0.,   0.,   0.,   0.],
   [  0.,   0.,   0.,   0.],
   [  0.,   0.,   0.,   0.],
   [  0.,   0.,   0.,   0.],
   [  0.,   0.,  28.,  40.],
   [  0.,   0.,   0., 107.],
   [ 19.,   0.,   0.,  61.],
   [104.,   0.,   0.,   0.],
   [ 80.,   0.,   5.,   0.],
   [ 12.,   0.,   6.,   0.],
   [  0.,   0.,   0.,   0.],
   [  0.,   0.,   0.,   0.],
   [  0.,   0.,   0.,   0.],
   [  0.,   0.,   0.,   0.],
   [  0.,   0.,   0.,   0.],
   [  0.,   0.,   0.,   0.],
   [  0.,   0.,   0.,   0.],
   [  0.,   0.,   0.,   0.]],

  [[  0.,   0.,   0.,   0.],
   [  0.,   0.,   0.,   0.],
   [  0.,   0.,   0.,   0.],
   [  0.,   0.,   0.,   0.],
   [  0.,   0.,   0.,   0.],
   [  0.,   0.,   0.,   0.],
   [  0.,   0.,   0.,   0.],
   [  0.,   0.,   0.,   0.],
   [  0.,   0.,   0.,   0.],
   [  0.,   0.,   0.,   0.],
   [  0.,   0.,   0.,   0.],
   [  0.,   0.,   0.,   0.],
   [  0.,   0.,   0.,   0.],
   [  0.,   0.,   0.,   0.],
   [  0.,   0.,  36.,  58.],
   [  0.,   0.,   0., 114.],
   [ 57.,   0.,   0.,  22.],
   [ 91.,   0.,   0.,   0.],
   [ 75.,   0.,  21.,   0.],
   [  7.,   1.,   0.,   0.],
   [  0.,   0.,   0.,   0.],
   [  0.,   0.,   0.,   0.],
   [  0.,   0.,   0.,   0.],
   [  0.,   0.,   0.,   0.],
   [  0.,   0.,   0.,   0.],
   [  0.,   0.,   0.,   0.],
   [  0.,   0.,   0.,   0.],
   [  0.,   0.,   0.,   0.]],

  [[  0.,   0.,   0.,   0.],
   [  0.,   0.,   0.,   0.],
   [  0.,   0.,   0.,   0.],
   [  0.,   0.,   0.,   0.],
   [  0.,   0.,   0.,   0.],
   [  0.,   0.,   0.,   0.],
   [  0.,   0.,   0.,   0.],
   [  0.,   0.,   0.,   0.],
   [  0.,   0.,   0.,   0.],
   [  0.,   0.,   0.,   0.],
   [  0.,   0.,   0.,   0.],
   [  0.,   0.,   0.,   0.],
   [  0.,   0.,   0.,   0.],
   [  0.,   0.,   5.,   3.],
   [  0.,   0.,  30.,  77.],
   [  0.,   0.,   0., 106.],
   [ 69.,   0.,   0.,   0.],
   [104.,   0.,   0.,   0.],
   [ 49.,   0.,   2.,   0.],
   [  0.,   0.,   0.,   0.],
   [  0.,   0.,   0.,   0.],
   [  0.,   0.,   0.,   0.],
   [  0.,   0.,   0.,   0.],
   [  0.,   0.,   0.,   0.],
   [  0.,   0.,   0.,   0.],
   [  0.,   0.,   0.,   0.],
   [  0.,   0.,   0.,   0.],
   [  0.,   0.,   0.,   0.]],

  [[  0.,   0.,   0.,   0.],
   [  0.,   0.,   0.,   0.],
   [  0.,   0.,   0.,   0.],
   [  0.,   0.,   0.,   0.],
   [  0.,   0.,   0.,   0.],
   [  0.,   0.,   0.,   0.],
   [  0.,   0.,   0.,   0.],
   [  0.,   0.,   0.,   0.],
   [  0.,   0.,   0.,   0.],
   [  0.,   0.,   0.,   0.],
   [  0.,   0.,   0.,   0.],
   [  0.,   0.,   0.,   0.],
   [  0.,   0.,   0.,   0.],
   [  0.,   0.,   8.,   8.],
   [  0.,   0.,  20.,  84.],
   [  0.,   0.,   0.,  98.],
   [102.,   0.,   0.,   0.],
   [ 80.,   0.,   0.,   0.],
   [ 24.,   0.,  12.,   0.],
   [  0.,   0.,   0.,   0.],
   [  0.,   0.,   0.,   0.],
   [  0.,   0.,   0.,   0.],
   [  0.,   0.,   0.,   0.],
   [  0.,   0.,   0.,   0.],
   [  0.,   0.,   0.,   0.],
   [  0.,   0.,   0.,   0.],
   [  0.,   0.,   0.,   0.],
   [  0.,   0.,   0.,   0.]],

  [[  0.,   0.,   0.,   0.],
   [  0.,   0.,   0.,   0.],
   [  0.,   0.,   0.,   0.],
   [  0.,   0.,   0.,   0.],
   [  0.,   0.,   0.,   0.],
   [  0.,   0.,   0.,   0.],
   [  0.,   0.,   0.,   0.],
   [  0.,   0.,   0.,   0.],
   [  0.,   0.,   0.,   0.],
   [  0.,   0.,   0.,   0.],
   [  0.,   0.,   0.,   0.],
   [  0.,   0.,   0.,   0.],
   [  0.,   0.,   0.,   0.],
   [  0.,   1.,   5.,  13.],
   [  0.,   1.,  21.,  83.],
   [  0.,   0.,   0.,  93.],
   [ 96.,   0.,   0.,   0.],
   [ 92.,   0.,   8.,   0.],
   [ 14.,   2.,   0.,   0.],
   [  0.,   0.,   0.,   0.],
   [  0.,   0.,   0.,   0.],
   [  0.,   0.,   0.,   0.],
   [  0.,   0.,   0.,   0.],
   [  0.,   0.,   0.,   0.],
   [  0.,   0.,   0.,   0.],
   [  0.,   0.,   0.,   0.],
   [  0.,   0.,   0.,   0.],
   [  0.,   0.,   0.,   0.]],

  [[  0.,   0.,   0.,   0.],
   [  0.,   0.,   0.,   0.],
   [  0.,   0.,   0.,   0.],
   [  0.,   0.,   0.,   0.],
   [  0.,   0.,   0.,   0.],
   [  0.,   0.,   0.,   0.],
   [  0.,   0.,   0.,   0.],
   [  0.,   0.,   0.,   0.],
   [  0.,   0.,   0.,   0.],
   [  0.,   0.,   0.,   0.],
   [  0.,   0.,   0.,   0.],
   [  0.,   0.,   0.,   0.],
   [  0.,   0.,   0.,   0.],
   [  0.,   0.,  20.,  22.],
   [  0.,   0.,  12.,  95.],
   [  2.,   0.,   0.,  84.],
   [108.,   0.,   0.,   0.],
   [ 84.,   0.,   6.,   0.],
   [  0.,   0.,   0.,   0.],
   [  0.,   0.,   0.,   0.],
   [  0.,   0.,   0.,   0.],
   [  0.,   0.,   0.,   0.],
   [  0.,   0.,   0.,   0.],
   [  0.,   0.,   0.,   0.],
   [  0.,   0.,   0.,   0.],
   [  0.,   0.,   0.,   0.],
   [  0.,   0.,   0.,   0.],
   [  0.,   0.,   0.,   0.]],

  [[  0.,   0.,   0.,   0.],
   [  0.,   0.,   0.,   0.],
   [  0.,   0.,   0.,   0.],
   [  0.,   0.,   0.,   0.],
   [  0.,   0.,   0.,   0.],
   [  0.,   0.,   0.,   0.],
   [  0.,   0.,   0.,   0.],
   [  0.,   0.,   0.,   0.],
   [  0.,   0.,   0.,   0.],
   [  0.,   0.,   0.,   0.],
   [  0.,   0.,   0.,   0.],
   [  0.,   0.,   0.,   0.],
   [  0.,   0.,   0.,   0.],
   [  0.,   0.,  29.,  37.],
   [  0.,   0.,   0., 101.],
   [ 17.,   0.,   0.,  63.],
   [ 96.,   0.,   0.,   0.],
   [102.,   0.,   0.,   0.],
   [  6.,   0.,   0.,   0.],
   [  0.,   0.,   0.,   0.],
   [  0.,   0.,   0.,   0.],
   [  0.,   0.,   0.,   0.],
   [  0.,   0.,   0.,   0.],
   [  0.,   0.,   0.,   0.],
   [  0.,   0.,   0.,   0.],
   [  0.,   0.,   0.,   0.],
   [  0.,   0.,   0.,   0.],
   [  0.,   0.,   0.,   0.]],

  [[  0.,   0.,   0.,   0.],
   [  0.,   0.,   0.,   0.],
   [  0.,   0.,   0.,   0.],
   [  0.,   0.,   0.,   0.],
   [  0.,   0.,   0.,   0.],
   [  0.,   0.,   0.,   0.],
   [  0.,   0.,   0.,   0.],
   [  0.,   0.,   0.,   0.],
   [  0.,   0.,   0.,   0.],
   [  0.,   0.,   0.,   0.],
   [  0.,   0.,   0.,   0.],
   [  0.,   0.,   0.,   0.],
   [  0.,   0.,   0.,   0.],
   [  0.,  12.,  10.,  46.],
   [  0.,   0.,   0.,  90.],
   [ 34.,   0.,   0.,  54.],
   [105.,   0.,   0.,   0.],
   [ 84.,   0.,   0.,   0.],
   [ 21.,   0.,   3.,   0.],
   [  0.,   0.,   0.,   0.],
   [  0.,   0.,   0.,   0.],
   [  0.,   0.,   0.,   0.],
   [  0.,   0.,   0.,   0.],
   [  0.,   0.,   0.,   0.],
   [  0.,   0.,   0.,   0.],
   [  0.,   0.,   0.,   0.],
   [  0.,   0.,   0.,   0.],
   [  0.,   0.,   0.,   0.]],

  [[  0.,   0.,   0.,   0.],
   [  0.,   0.,   0.,   0.],
   [  0.,   0.,   0.,   0.],
   [  0.,   0.,   0.,   0.],
   [  0.,   0.,   0.,   0.],
   [  0.,   0.,   0.,   0.],
   [  0.,   0.,   0.,   0.],
   [  0.,   0.,   0.,   0.],
   [  0.,   0.,   0.,   0.],
   [  0.,   0.,   0.,   0.],
   [  0.,   0.,   0.,   0.],
   [  0.,   0.,   0.,   0.],
   [  0.,   0.,   0.,   0.],
   [  0.,  22.,   0.,  30.],
   [  0.,  34.,   0.,  63.],
   [  0.,  13.,   3.,  54.],
   [ 81.,   0.,   0.,   0.],
   [ 90.,   0.,   0.,   0.],
   [ 40.,   0.,   8.,   0.],
   [  0.,   0.,   0.,   0.],
   [  0.,   0.,   0.,   0.],
   [  0.,   0.,   0.,   0.],
   [  0.,   0.,   0.,   0.],
   [  0.,   0.,   0.,   0.],
   [  0.,   0.,   0.,   0.],
   [  0.,   0.,   0.,   0.],
   [  0.,   0.,   0.,   0.],
   [  0.,   0.,   0.,   0.]],

  [[  0.,   0.,   0.,   0.],
   [  0.,   0.,   0.,   0.],
   [  0.,   0.,   0.,   0.],
   [  0.,   0.,   0.,   0.],
   [  0.,   0.,   0.,   0.],
   [  0.,   0.,   0.,   0.],
   [  0.,   0.,   0.,   0.],
   [  0.,   0.,   0.,   0.],
   [  0.,   0.,   0.,   0.],
   [  0.,   0.,   0.,   0.],
   [  0.,   0.,   0.,   0.],
   [  0.,   0.,   0.,   0.],
   [  0.,   0.,   0.,   0.],
   [  0.,  12.,   0.,  10.],
   [  0.,  39.,   0.,  33.],
   [ 14.,  44.,   0.,  46.],
   [ 23.,  33.,   0.,   0.],
   [ 72.,   6.,  25.,   0.],
   [ 31.,   1.,  12.,   0.],
   [  0.,   0.,   0.,   0.],
   [  0.,   0.,   0.,   0.],
   [  0.,   0.,   0.,   0.],
   [  0.,   0.,   0.,   0.],
   [  0.,   0.,   0.,   0.],
   [  0.,   0.,   0.,   0.],
   [  0.,   0.,   0.,   0.],
   [  0.,   0.,   0.,   0.],
   [  0.,   0.,   0.,   0.]],

  [[  0.,   0.,   0.,   0.],
   [  0.,   0.,   0.,   0.],
   [  0.,   0.,   0.,   0.],
   [  0.,   0.,   0.,   0.],
   [  0.,   0.,   0.,   0.],
   [  0.,   0.,   0.,   0.],
   [  0.,   0.,   0.,   0.],
   [  0.,   0.,   0.,   0.],
   [  0.,   0.,   0.,   0.],
   [  0.,   0.,   0.,   0.],
   [  0.,   0.,   0.,   0.],
   [  0.,   0.,   0.,   0.],
   [  0.,   0.,   0.,   0.],
   [  0.,   0.,   0.,   0.],
   [  0.,   6.,   0.,   5.],
   [  0.,  38.,   0.,  29.],
   [ 19.,  25.,   0.,   0.],
   [ 50.,  10.,   2.,   0.],
   [ 14.,   2.,   0.,   0.],
   [  0.,   0.,   0.,   0.],
   [  0.,   0.,   0.,   0.],
   [  0.,   0.,   0.,   0.],
   [  0.,   0.,   0.,   0.],
   [  0.,   0.,   0.,   0.],
   [  0.,   0.,   0.,   0.],
   [  0.,   0.,   0.,   0.],
   [  0.,   0.,   0.,   0.],
   [  0.,   0.,   0.,   0.]]]]

🔹 Layer: average_pooling2d_2
   📐 Output Shape: (1, 14, 14, 4)
   🔢 Output Values:
[[[[ 0.  ,  0.  ,  0.  ,  0.  ],
   [ 0.  ,  0.  ,  0.  ,  0.  ],
   [ 0.  ,  0.  ,  0.  ,  0.  ],
   [ 0.  ,  0.  ,  0.  ,  0.  ],
   [ 0.  ,  0.  ,  0.  ,  0.  ],
   [ 0.  ,  0.  ,  0.  ,  0.  ],
   [ 0.  ,  0.  ,  0.  ,  0.  ],
   [ 0.  ,  0.  ,  0.  ,  0.  ],
   [ 0.  ,  0.  ,  0.  ,  0.  ],
   [ 0.  ,  0.  ,  0.  ,  0.  ],
   [ 0.  ,  0.  ,  0.  ,  0.  ],
   [ 0.  ,  0.  ,  0.  ,  0.  ],
   [ 0.  ,  0.  ,  0.  ,  0.  ],
   [ 0.  ,  0.  ,  0.  ,  0.  ]],

  [[ 0.  ,  0.  ,  0.  ,  0.  ],
   [ 0.  ,  0.  ,  0.  ,  0.  ],
   [ 0.  ,  0.  ,  0.  ,  0.  ],
   [ 0.  ,  0.  ,  0.  ,  0.  ],
   [ 0.  ,  0.  ,  0.  ,  0.  ],
   [ 0.  ,  0.  ,  0.  ,  0.  ],
   [ 0.  ,  0.  ,  0.  ,  0.  ],
   [ 0.  ,  0.  ,  0.  ,  0.  ],
   [ 0.  ,  0.  ,  0.  ,  0.  ],
   [ 0.  ,  0.  ,  0.  ,  0.  ],
   [ 0.  ,  0.  ,  0.  ,  0.  ],
   [ 0.  ,  0.  ,  0.  ,  0.  ],
   [ 0.  ,  0.  ,  0.  ,  0.  ],
   [ 0.  ,  0.  ,  0.  ,  0.  ]],

  [[ 0.  ,  0.  ,  0.  ,  0.  ],
   [ 0.  ,  0.  ,  0.  ,  0.  ],
   [ 0.  ,  0.  ,  0.  ,  0.  ],
   [ 0.  ,  0.  ,  0.  ,  0.  ],
   [ 0.  ,  0.  ,  0.  ,  0.  ],
   [ 0.  ,  0.  ,  0.  ,  0.  ],
   [ 0.  ,  0.  ,  0.  ,  0.  ],
   [ 0.  ,  0.  ,  0.  ,  0.  ],
   [ 0.  ,  0.  ,  0.  ,  0.  ],
   [ 0.  ,  0.  ,  0.  ,  0.  ],
   [ 0.  ,  0.  ,  0.  ,  0.  ],
   [ 0.  ,  0.  ,  0.  ,  0.  ],
   [ 0.  ,  0.  ,  0.  ,  0.  ],
   [ 0.  ,  0.  ,  0.  ,  0.  ]],

  [[ 0.  ,  0.  ,  0.  ,  0.  ],
   [ 0.  ,  0.  ,  0.  ,  0.  ],
   [ 0.  ,  0.  ,  0.  ,  0.  ],
   [ 0.  ,  0.  ,  5.  ,  3.  ],
   [ 5.  ,  0.  ,  4.5 , 16.  ],
   [14.25,  0.  ,  3.75, 18.  ],
   [15.  ,  0.  ,  4.  , 38.5 ],
   [28.5 ,  0.  ,  0.  , 24.5 ],
   [35.5 ,  0.  ,  0.  ,  4.5 ],
   [10.25,  0.  ,  0.  ,  0.  ],
   [ 0.  ,  0.  ,  0.  ,  0.  ],
   [ 0.  ,  0.  ,  0.  ,  0.  ],
   [ 0.  ,  0.  ,  0.  ,  0.  ],
   [ 0.  ,  0.  ,  0.  ,  0.  ]],

  [[ 0.  ,  0.  ,  0.  ,  0.  ],
   [ 0.  ,  0.  ,  0.  ,  0.  ],
   [ 0.  ,  0.  ,  0.  ,  0.  ],
   [ 0.5 ,  0.  , 19.  , 35.25],
   [22.  ,  0.  ,  0.  , 58.25],
   [46.5 ,  0.  ,  0.  , 24.75],
   [47.75,  0.  ,  0.  , 29.  ],
   [65.75,  0.  ,  0.  , 18.  ],
   [83.75,  0.  ,  0.  ,  5.5 ],
   [43.  ,  0.  ,  0.5 ,  0.  ],
   [ 0.  ,  0.  ,  0.  ,  0.  ],
   [ 0.  ,  0.  ,  0.  ,  0.  ],
   [ 0.  ,  0.  ,  0.  ,  0.  ],
   [ 0.  ,  0.  ,  0.  ,  0.  ]],

  [[ 0.  ,  0.  ,  0.  ,  0.  ],
   [ 0.  ,  0.  ,  0.  ,  0.  ],
   [ 0.  ,  0.  ,  0.  ,  0.  ],
   [ 0.  , 10.75,  6.  , 43.5 ],
   [30.  , 15.25,  0.  , 41.  ],
   [53.25, 20.25,  0.  ,  6.25],
   [51.5 , 22.5 ,  0.  ,  5.5 ],
   [45.  , 20.  ,  9.25,  6.75],
   [65.75,  0.25,  0.5 , 20.5 ],
   [58.25,  0.  ,  3.5 ,  0.  ],
   [ 0.  ,  0.  ,  0.  ,  0.  ],
   [ 0.  ,  0.  ,  0.  ,  0.  ],
   [ 0.  ,  0.  ,  0.  ,  0.  ],
   [ 0.  ,  0.  ,  0.  ,  0.  ]],

  [[ 0.  ,  0.  ,  0.  ,  0.  ],
   [ 0.  ,  0.  ,  0.  ,  0.  ],
   [ 0.  ,  0.  ,  0.  ,  0.  ],
   [ 0.  , 12.25,  0.  , 11.  ],
   [11.5 , 26.5 ,  0.25,  7.5 ],
   [17.25, 22.75,  0.  ,  0.  ],
   [15.5 , 19.5 ,  0.  ,  0.  ],
   [ 8.75,  9.75, 15.5 , 27.25],
   [38.5 ,  0.  ,  0.  , 50.75],
   [65.5 ,  0.  ,  1.  ,  0.  ],
   [ 0.  ,  0.  ,  0.  ,  0.  ],
   [ 0.  ,  0.  ,  0.  ,  0.  ],
   [ 0.  ,  0.  ,  0.  ,  0.  ],
   [ 0.  ,  0.  ,  0.  ,  0.  ]],

  [[ 0.  ,  0.  ,  0.  ,  0.  ],
   [ 0.  ,  0.  ,  0.  ,  0.  ],
   [ 0.  ,  0.  ,  0.  ,  0.  ],
   [ 0.  ,  0.  ,  0.  ,  0.  ],
   [ 0.  ,  0.  ,  0.  ,  0.  ],
   [ 0.  ,  0.  ,  0.  ,  0.  ],
   [ 0.  ,  0.  ,  0.  ,  0.  ],
   [ 0.  ,  0.  , 15.  , 49.5 ],
   [48.25,  0.  ,  0.  , 47.5 ],
   [56.25,  0.  ,  2.  ,  0.  ],
   [ 0.  ,  0.  ,  0.  ,  0.  ],
   [ 0.  ,  0.  ,  0.  ,  0.  ],
   [ 0.  ,  0.  ,  0.  ,  0.  ],
   [ 0.  ,  0.  ,  0.  ,  0.  ]],

  [[ 0.  ,  0.  ,  0.  ,  0.  ],
   [ 0.  ,  0.  ,  0.  ,  0.  ],
   [ 0.  ,  0.  ,  0.  ,  0.  ],
   [ 0.  ,  0.  ,  0.  ,  0.  ],
   [ 0.  ,  0.  ,  0.  ,  0.  ],
   [ 0.  ,  0.  ,  0.  ,  0.  ],
   [ 0.  ,  0.  ,  0.  ,  0.  ],
   [ 0.  ,  0.  , 14.25, 67.75],
   [61.  ,  0.  ,  0.  , 35.  ],
   [48.5 ,  0.  ,  3.  ,  0.  ],
   [ 0.  ,  0.  ,  0.  ,  0.  ],
   [ 0.  ,  0.  ,  0.  ,  0.  ],
   [ 0.  ,  0.  ,  0.  ,  0.  ],
   [ 0.  ,  0.  ,  0.  ,  0.  ]],

  [[ 0.  ,  0.  ,  0.  ,  0.  ],
   [ 0.  ,  0.  ,  0.  ,  0.  ],
   [ 0.  ,  0.  ,  0.  ,  0.  ],
   [ 0.  ,  0.  ,  0.  ,  0.  ],
   [ 0.  ,  0.  ,  0.  ,  0.  ],
   [ 0.  ,  0.  ,  0.  ,  0.  ],
   [ 0.  ,  0.  ,  1.25,  0.75],
   [ 0.  ,  0.  , 16.5 , 88.75],
   [80.25,  0.  ,  0.  ,  5.5 ],
   [32.75,  0.25,  5.75,  0.  ],
   [ 0.  ,  0.  ,  0.  ,  0.  ],
   [ 0.  ,  0.  ,  0.  ,  0.  ],
   [ 0.  ,  0.  ,  0.  ,  0.  ],
   [ 0.  ,  0.  ,  0.  ,  0.  ]],

  [[ 0.  ,  0.  ,  0.  ,  0.  ],
   [ 0.  ,  0.  ,  0.  ,  0.  ],
   [ 0.  ,  0.  ,  0.  ,  0.  ],
   [ 0.  ,  0.  ,  0.  ,  0.  ],
   [ 0.  ,  0.  ,  0.  ,  0.  ],
   [ 0.  ,  0.  ,  0.  ,  0.  ],
   [ 0.  ,  0.25,  3.25,  5.25],
   [ 0.  ,  0.25, 10.25, 89.5 ],
   [92.5 ,  0.  ,  2.  ,  0.  ],
   [ 9.5 ,  0.5 ,  3.  ,  0.  ],
   [ 0.  ,  0.  ,  0.  ,  0.  ],
   [ 0.  ,  0.  ,  0.  ,  0.  ],
   [ 0.  ,  0.  ,  0.  ,  0.  ],
   [ 0.  ,  0.  ,  0.  ,  0.  ]],

  [[ 0.  ,  0.  ,  0.  ,  0.  ],
   [ 0.  ,  0.  ,  0.  ,  0.  ],
   [ 0.  ,  0.  ,  0.  ,  0.  ],
   [ 0.  ,  0.  ,  0.  ,  0.  ],
   [ 0.  ,  0.  ,  0.  ,  0.  ],
   [ 0.  ,  0.  ,  0.  ,  0.  ],
   [ 0.  ,  0.  , 12.25, 14.75],
   [ 4.75,  0.  ,  3.  , 85.75],
   [97.5 ,  0.  ,  1.5 ,  0.  ],
   [ 1.5 ,  0.  ,  0.  ,  0.  ],
   [ 0.  ,  0.  ,  0.  ,  0.  ],
   [ 0.  ,  0.  ,  0.  ,  0.  ],
   [ 0.  ,  0.  ,  0.  ,  0.  ],
   [ 0.  ,  0.  ,  0.  ,  0.  ]],

  [[ 0.  ,  0.  ,  0.  ,  0.  ],
   [ 0.  ,  0.  ,  0.  ,  0.  ],
   [ 0.  ,  0.  ,  0.  ,  0.  ],
   [ 0.  ,  0.  ,  0.  ,  0.  ],
   [ 0.  ,  0.  ,  0.  ,  0.  ],
   [ 0.  ,  0.  ,  0.  ,  0.  ],
   [ 0.  ,  8.5 ,  2.5 , 19.  ],
   [ 8.5 , 11.75,  0.75, 65.25],
   [90.  ,  0.  ,  0.  ,  0.  ],
   [15.25,  0.  ,  2.75,  0.  ],
   [ 0.  ,  0.  ,  0.  ,  0.  ],
   [ 0.  ,  0.  ,  0.  ,  0.  ],
   [ 0.  ,  0.  ,  0.  ,  0.  ],
   [ 0.  ,  0.  ,  0.  ,  0.  ]],

  [[ 0.  ,  0.  ,  0.  ,  0.  ],
   [ 0.  ,  0.  ,  0.  ,  0.  ],
   [ 0.  ,  0.  ,  0.  ,  0.  ],
   [ 0.  ,  0.  ,  0.  ,  0.  ],
   [ 0.  ,  0.  ,  0.  ,  0.  ],
   [ 0.  ,  0.  ,  0.  ,  0.  ],
   [ 0.  ,  3.  ,  0.  ,  2.5 ],
   [ 3.5 , 31.75,  0.  , 28.25],
   [41.  , 18.5 ,  6.75,  0.  ],
   [11.25,  0.75,  3.  ,  0.  ],
   [ 0.  ,  0.  ,  0.  ,  0.  ],
   [ 0.  ,  0.  ,  0.  ,  0.  ],
   [ 0.  ,  0.  ,  0.  ,  0.  ],
   [ 0.  ,  0.  ,  0.  ,  0.  ]]]]

🔹 Layer: conv2d_3
   📐 Output Shape: (1, 12, 12, 8)
   🔢 Output Values:
[[[[0.00000e+00, 0.00000e+00, 0.00000e+00, 0.00000e+00, 0.00000e+00, 0.00000e+00, 0.00000e+00, 0.00000e+00],
   [0.00000e+00, 0.00000e+00, 0.00000e+00, 0.00000e+00, 0.00000e+00, 0.00000e+00, 0.00000e+00, 0.00000e+00],
   [0.00000e+00, 0.00000e+00, 0.00000e+00, 0.00000e+00, 0.00000e+00, 0.00000e+00, 0.00000e+00, 0.00000e+00],
   [0.00000e+00, 0.00000e+00, 0.00000e+00, 0.00000e+00, 0.00000e+00, 0.00000e+00, 0.00000e+00, 0.00000e+00],
   [0.00000e+00, 0.00000e+00, 0.00000e+00, 0.00000e+00, 0.00000e+00, 0.00000e+00, 0.00000e+00, 0.00000e+00],
   [0.00000e+00, 0.00000e+00, 0.00000e+00, 0.00000e+00, 0.00000e+00, 0.00000e+00, 0.00000e+00, 0.00000e+00],
   [0.00000e+00, 0.00000e+00, 0.00000e+00, 0.00000e+00, 0.00000e+00, 0.00000e+00, 0.00000e+00, 0.00000e+00],
   [0.00000e+00, 0.00000e+00, 0.00000e+00, 0.00000e+00, 0.00000e+00, 0.00000e+00, 0.00000e+00, 0.00000e+00],
   [0.00000e+00, 0.00000e+00, 0.00000e+00, 0.00000e+00, 0.00000e+00, 0.00000e+00, 0.00000e+00, 0.00000e+00],
   [0.00000e+00, 0.00000e+00, 0.00000e+00, 0.00000e+00, 0.00000e+00, 0.00000e+00, 0.00000e+00, 0.00000e+00],
   [0.00000e+00, 0.00000e+00, 0.00000e+00, 0.00000e+00, 0.00000e+00, 0.00000e+00, 0.00000e+00, 0.00000e+00],
   [0.00000e+00, 0.00000e+00, 0.00000e+00, 0.00000e+00, 0.00000e+00, 0.00000e+00, 0.00000e+00, 0.00000e+00]],

  [[0.00000e+00, 0.00000e+00, 0.00000e+00, 0.00000e+00, 0.00000e+00, 0.00000e+00, 0.00000e+00, 0.00000e+00],
   [1.80000e+01, 1.50000e+01, 0.00000e+00, 2.90000e+01, 0.00000e+00, 3.00000e+00, 2.30000e+01, 0.00000e+00],
   [8.45000e+01, 2.50000e+00, 0.00000e+00, 0.00000e+00, 0.00000e+00, 8.05000e+01, 0.00000e+00, 0.00000e+00],
   [1.80750e+02, 0.00000e+00, 0.00000e+00, 0.00000e+00, 0.00000e+00, 1.67250e+02, 0.00000e+00, 0.00000e+00],
   [2.16250e+02, 0.00000e+00, 0.00000e+00, 0.00000e+00, 0.00000e+00, 2.38750e+02, 0.00000e+00, 0.00000e+00],
   [4.26000e+02, 0.00000e+00, 3.75000e+01, 0.00000e+00, 3.00000e+00, 1.75250e+02, 0.00000e+00, 0.00000e+00],
   [3.17500e+02, 0.00000e+00, 1.60000e+01, 0.00000e+00, 2.93500e+02, 3.70000e+01, 0.00000e+00, 0.00000e+00],
   [2.85500e+02, 7.50000e+01, 6.85000e+01, 2.71500e+02, 1.91000e+02, 0.00000e+00, 0.00000e+00, 0.00000e+00],
   [2.37250e+02, 1.74250e+02, 0.00000e+00, 2.40250e+02, 0.00000e+00, 0.00000e+00, 0.00000e+00, 6.70000e+01],
   [6.15000e+01, 5.12500e+01, 0.00000e+00, 5.12500e+01, 0.00000e+00, 0.00000e+00, 0.00000e+00, 4.10000e+01],
   [0.00000e+00, 0.00000e+00, 0.00000e+00, 0.00000e+00, 0.00000e+00, 0.00000e+00, 0.00000e+00, 0.00000e+00],
   [0.00000e+00, 0.00000e+00, 0.00000e+00, 0.00000e+00, 0.00000e+00, 0.00000e+00, 0.00000e+00, 0.00000e+00]],

  [[0.00000e+00, 0.00000e+00, 0.00000e+00, 0.00000e+00, 0.00000e+00, 0.00000e+00, 0.00000e+00, 0.00000e+00],
   [1.20250e+02, 4.60000e+01, 0.00000e+00, 3.85000e+01, 0.00000e+00, 1.98500e+02, 1.11250e+02, 0.00000e+00],
   [4.55000e+02, 3.55000e+01, 0.00000e+00, 0.00000e+00, 0.00000e+00, 4.52750e+02, 0.00000e+00, 0.00000e+00],
   [3.68750e+02, 0.00000e+00, 0.00000e+00, 0.00000e+00, 1.48750e+02, 4.18250e+02, 0.00000e+00, 0.00000e+00],
   [4.51250e+02, 4.20000e+01, 0.00000e+00, 0.00000e+00, 5.29500e+02, 1.64750e+02, 0.00000e+00, 0.00000e+00],
   [7.94250e+02, 3.28000e+02, 0.00000e+00, 0.00000e+00, 5.31500e+02, 1.14500e+02, 0.00000e+00, 0.00000e+00],
   [5.91250e+02, 0.00000e+00, 0.00000e+00, 0.00000e+00, 8.01250e+02, 0.00000e+00, 0.00000e+00, 0.00000e+00],
   [6.08000e+02, 0.00000e+00, 2.58750e+02, 5.51750e+02, 7.11500e+02, 0.00000e+00, 0.00000e+00, 0.00000e+00],
   [5.69250e+02, 2.70000e+02, 6.67500e+01, 7.05750e+02, 1.20250e+02, 0.00000e+00, 0.00000e+00, 4.92500e+01],
   [2.44750e+02, 1.83250e+02, 0.00000e+00, 2.17500e+02, 0.00000e+00, 0.00000e+00, 0.00000e+00, 1.37750e+02],
   [0.00000e+00, 0.00000e+00, 0.00000e+00, 0.00000e+00, 0.00000e+00, 0.00000e+00, 0.00000e+00, 0.00000e+00],
   [0.00000e+00, 0.00000e+00, 0.00000e+00, 0.00000e+00, 0.00000e+00, 0.00000e+00, 0.00000e+00, 0.00000e+00]],

  [[0.00000e+00, 0.00000e+00, 0.00000e+00, 0.00000e+00, 0.00000e+00, 0.00000e+00, 0.00000e+00, 0.00000e+00],
   [3.64000e+02, 1.01250e+02, 0.00000e+00, 0.00000e+00, 0.00000e+00, 6.21750e+02, 0.00000e+00, 0.00000e+00],
   [7.34750e+02, 5.12750e+02, 0.00000e+00, 0.00000e+00, 0.00000e+00, 8.76500e+02, 0.00000e+00, 0.00000e+00],
   [1.70750e+02, 0.00000e+00, 0.00000e+00, 0.00000e+00, 5.31750e+02, 2.88750e+02, 0.00000e+00, 0.00000e+00],
   [2.15000e+02, 0.00000e+00, 0.00000e+00, 0.00000e+00, 7.18000e+02, 0.00000e+00, 0.00000e+00, 0.00000e+00],
   [1.52500e+02, 0.00000e+00, 0.00000e+00, 0.00000e+00, 2.61250e+02, 0.00000e+00, 0.00000e+00, 2.62500e+01],
   [0.00000e+00, 0.00000e+00, 0.00000e+00, 0.00000e+00, 1.46500e+02, 0.00000e+00, 0.00000e+00, 1.13750e+02],
   [1.39250e+02, 0.00000e+00, 0.00000e+00, 6.09750e+02, 5.57750e+02, 0.00000e+00, 0.00000e+00, 0.00000e+00],
   [2.01250e+02, 0.00000e+00, 2.27750e+02, 8.72500e+02, 4.80500e+02, 0.00000e+00, 0.00000e+00, 0.00000e+00],
   [2.74750e+02, 1.83500e+02, 0.00000e+00, 3.28250e+02, 0.00000e+00, 0.00000e+00, 0.00000e+00, 2.10000e+01],
   [0.00000e+00, 0.00000e+00, 0.00000e+00, 0.00000e+00, 0.00000e+00, 0.00000e+00, 0.00000e+00, 0.00000e+00],
   [0.00000e+00, 0.00000e+00, 0.00000e+00, 0.00000e+00, 0.00000e+00, 0.00000e+00, 0.00000e+00, 0.00000e+00]],

  [[0.00000e+00, 0.00000e+00, 0.00000e+00, 0.00000e+00, 0.00000e+00, 0.00000e+00, 0.00000e+00, 0.00000e+00],
   [5.33500e+02, 2.06000e+02, 0.00000e+00, 0.00000e+00, 3.22500e+01, 6.60000e+02, 0.00000e+00, 5.05000e+01],
   [4.74500e+02, 3.01750e+02, 0.00000e+00, 0.00000e+00, 0.00000e+00, 9.01250e+02, 0.00000e+00, 3.95000e+01],
   [0.00000e+00, 0.00000e+00, 0.00000e+00, 0.00000e+00, 0.00000e+00, 0.00000e+00, 8.00000e+01, 2.58750e+02],
   [0.00000e+00, 0.00000e+00, 0.00000e+00, 2.74000e+02, 0.00000e+00, 0.00000e+00, 0.00000e+00, 4.45000e+01],
   [0.00000e+00, 0.00000e+00, 0.00000e+00, 2.05500e+02, 0.00000e+00, 0.00000e+00, 0.00000e+00, 0.00000e+00],
   [0.00000e+00, 0.00000e+00, 0.00000e+00, 0.00000e+00, 0.00000e+00, 0.00000e+00, 0.00000e+00, 0.00000e+00],
   [0.00000e+00, 0.00000e+00, 0.00000e+00, 2.65500e+02, 1.55500e+02, 0.00000e+00, 0.00000e+00, 0.00000e+00],
   [0.00000e+00, 0.00000e+00, 2.51500e+02, 1.03450e+03, 5.17000e+02, 0.00000e+00, 0.00000e+00, 0.00000e+00],
   [2.84250e+02, 2.59750e+02, 0.00000e+00, 4.14000e+02, 0.00000e+00, 0.00000e+00, 0.00000e+00, 0.00000e+00],
   [0.00000e+00, 0.00000e+00, 0.00000e+00, 0.00000e+00, 0.00000e+00, 0.00000e+00, 0.00000e+00, 0.00000e+00],
   [0.00000e+00, 0.00000e+00, 0.00000e+00, 0.00000e+00, 0.00000e+00, 0.00000e+00, 0.00000e+00, 0.00000e+00]],

  [[0.00000e+00, 0.00000e+00, 0.00000e+00, 0.00000e+00, 0.00000e+00, 0.00000e+00, 0.00000e+00, 0.00000e+00],
   [3.11000e+02, 0.00000e+00, 4.07500e+01, 1.75500e+02, 1.40500e+02, 3.75500e+02, 0.00000e+00, 0.00000e+00],
   [2.32500e+01, 0.00000e+00, 0.00000e+00, 0.00000e+00, 0.00000e+00, 4.17250e+02, 1.85500e+02, 1.54750e+02],
   [5.55000e+01, 0.00000e+00, 0.00000e+00, 1.62750e+02, 0.00000e+00, 0.00000e+00, 4.38750e+02, 9.27500e+01],
   [1.59250e+02, 0.00000e+00, 0.00000e+00, 5.28250e+02, 0.00000e+00, 0.00000e+00, 3.37500e+01, 0.00000e+00],
   [3.08000e+02, 5.75000e+00, 0.00000e+00, 1.57250e+02, 0.00000e+00, 0.00000e+00, 7.80000e+01, 0.00000e+00],
   [6.22250e+02, 5.87000e+02, 0.00000e+00, 0.00000e+00, 0.00000e+00, 2.75000e+02, 0.00000e+00, 0.00000e+00],
   [0.00000e+00, 0.00000e+00, 0.00000e+00, 0.00000e+00, 9.15000e+01, 0.00000e+00, 0.00000e+00, 0.00000e+00],
   [0.00000e+00, 0.00000e+00, 1.69000e+02, 1.16225e+03, 4.15750e+02, 0.00000e+00, 0.00000e+00, 8.10000e+01],
   [2.14750e+02, 2.33000e+02, 0.00000e+00, 4.23250e+02, 0.00000e+00, 0.00000e+00, 0.00000e+00, 0.00000e+00],
   [0.00000e+00, 0.00000e+00, 0.00000e+00, 0.00000e+00, 0.00000e+00, 0.00000e+00, 0.00000e+00, 0.00000e+00],
   [0.00000e+00, 0.00000e+00, 0.00000e+00, 0.00000e+00, 0.00000e+00, 0.00000e+00, 0.00000e+00, 0.00000e+00]],

  [[0.00000e+00, 0.00000e+00, 0.00000e+00, 0.00000e+00, 0.00000e+00, 0.00000e+00, 0.00000e+00, 0.00000e+00],
   [1.02750e+02, 0.00000e+00, 7.35000e+01, 1.39500e+02, 0.00000e+00, 1.50500e+02, 0.00000e+00, 0.00000e+00],
   [8.32500e+01, 0.00000e+00, 1.51500e+02, 7.60000e+01, 0.00000e+00, 2.71250e+02, 8.82500e+01, 1.30000e+01],
   [9.50000e+01, 0.00000e+00, 9.70000e+01, 3.32500e+01, 0.00000e+00, 1.09750e+02, 1.68500e+02, 0.00000e+00],
   [9.25000e+00, 0.00000e+00, 1.20250e+02, 2.05000e+01, 0.00000e+00, 9.75000e+00, 1.62750e+02, 0.00000e+00],
   [5.74500e+02, 1.97250e+02, 0.00000e+00, 0.00000e+00, 0.00000e+00, 8.73000e+02, 5.30000e+01, 0.00000e+00],
   [7.87500e+02, 5.68000e+02, 0.00000e+00, 0.00000e+00, 0.00000e+00, 9.68500e+02, 0.00000e+00, 0.00000e+00],
   [0.00000e+00, 0.00000e+00, 0.00000e+00, 0.00000e+00, 3.30500e+02, 0.00000e+00, 0.00000e+00, 0.00000e+00],
   [3.90500e+02, 0.00000e+00, 0.00000e+00, 1.37700e+03, 2.04250e+02, 0.00000e+00, 0.00000e+00, 1.23500e+02],
   [1.53250e+02, 2.49250e+02, 0.00000e+00, 3.89500e+02, 0.00000e+00, 0.00000e+00, 0.00000e+00, 0.00000e+00],
   [0.00000e+00, 0.00000e+00, 0.00000e+00, 0.00000e+00, 0.00000e+00, 0.00000e+00, 0.00000e+00, 0.00000e+00],
   [0.00000e+00, 0.00000e+00, 0.00000e+00, 0.00000e+00, 0.00000e+00, 0.00000e+00, 0.00000e+00, 0.00000e+00]],

  [[0.00000e+00, 0.00000e+00, 0.00000e+00, 0.00000e+00, 0.00000e+00, 0.00000e+00, 0.00000e+00, 0.00000e+00],
   [0.00000e+00, 0.00000e+00, 0.00000e+00, 0.00000e+00, 0.00000e+00, 0.00000e+00, 0.00000e+00, 0.00000e+00],
   [0.00000e+00, 0.00000e+00, 0.00000e+00, 0.00000e+00, 0.00000e+00, 0.00000e+00, 0.00000e+00, 0.00000e+00],
   [0.00000e+00, 0.00000e+00, 0.00000e+00, 0.00000e+00, 0.00000e+00, 0.00000e+00, 0.00000e+00, 0.00000e+00],
   [4.50000e+00, 3.75000e+00, 0.00000e+00, 7.25000e+00, 0.00000e+00, 7.50000e-01, 5.75000e+00, 0.00000e+00],
   [8.68750e+02, 2.58250e+02, 0.00000e+00, 0.00000e+00, 0.00000e+00, 1.27050e+03, 0.00000e+00, 0.00000e+00],
   [8.18750e+02, 4.58000e+02, 0.00000e+00, 0.00000e+00, 1.18500e+02, 9.77500e+02, 0.00000e+00, 0.00000e+00],
   [0.00000e+00, 0.00000e+00, 0.00000e+00, 1.56750e+02, 5.32000e+02, 0.00000e+00, 0.00000e+00, 6.87500e+01],
   [6.06500e+02, 0.00000e+00, 0.00000e+00, 1.37750e+03, 0.00000e+00, 0.00000e+00, 0.00000e+00, 1.44250e+02],
   [6.15000e+01, 1.50500e+02, 0.00000e+00, 3.08750e+02, 0.00000e+00, 0.00000e+00, 0.00000e+00, 0.00000e+00],
   [0.00000e+00, 0.00000e+00, 0.00000e+00, 0.00000e+00, 0.00000e+00, 0.00000e+00, 0.00000e+00, 0.00000e+00],
   [0.00000e+00, 0.00000e+00, 0.00000e+00, 0.00000e+00, 0.00000e+00, 0.00000e+00, 0.00000e+00, 0.00000e+00]],

  [[0.00000e+00, 0.00000e+00, 0.00000e+00, 0.00000e+00, 0.00000e+00, 0.00000e+00, 0.00000e+00, 0.00000e+00],
   [0.00000e+00, 0.00000e+00, 0.00000e+00, 0.00000e+00, 0.00000e+00, 0.00000e+00, 0.00000e+00, 0.00000e+00],
   [0.00000e+00, 0.00000e+00, 0.00000e+00, 0.00000e+00, 0.00000e+00, 0.00000e+00, 0.00000e+00, 0.00000e+00],
   [0.00000e+00, 0.00000e+00, 0.00000e+00, 0.00000e+00, 0.00000e+00, 0.00000e+00, 0.00000e+00, 0.00000e+00],
   [2.25000e+01, 6.75000e+00, 0.00000e+00, 6.00000e+00, 0.00000e+00, 3.40000e+01, 1.75000e+01, 0.00000e+00],
   [1.09150e+03, 2.77500e+02, 0.00000e+00, 0.00000e+00, 0.00000e+00, 1.51225e+03, 0.00000e+00, 0.00000e+00],
   [4.32500e+02, 4.62750e+02, 0.00000e+00, 0.00000e+00, 2.80000e+01, 8.33750e+02, 5.00000e+00, 0.00000e+00],
   [0.00000e+00, 0.00000e+00, 0.00000e+00, 7.82250e+02, 5.37500e+02, 0.00000e+00, 0.00000e+00, 1.93750e+02],
   [6.03500e+02, 0.00000e+00, 0.00000e+00, 1.21525e+03, 0.00000e+00, 0.00000e+00, 0.00000e+00, 0.00000e+00],
   [0.00000e+00, 4.57500e+01, 4.50000e+01, 1.64000e+02, 0.00000e+00, 0.00000e+00, 0.00000e+00, 0.00000e+00],
   [0.00000e+00, 0.00000e+00, 0.00000e+00, 0.00000e+00, 0.00000e+00, 0.00000e+00, 0.00000e+00, 0.00000e+00],
   [0.00000e+00, 0.00000e+00, 0.00000e+00, 0.00000e+00, 0.00000e+00, 0.00000e+00, 0.00000e+00, 0.00000e+00]],

  [[0.00000e+00, 0.00000e+00, 0.00000e+00, 0.00000e+00, 0.00000e+00, 0.00000e+00, 0.00000e+00, 0.00000e+00],
   [0.00000e+00, 0.00000e+00, 0.00000e+00, 0.00000e+00, 0.00000e+00, 0.00000e+00, 0.00000e+00, 0.00000e+00],
   [0.00000e+00, 0.00000e+00, 0.00000e+00, 0.00000e+00, 0.00000e+00, 0.00000e+00, 0.00000e+00, 0.00000e+00],
   [0.00000e+00, 0.00000e+00, 0.00000e+00, 0.00000e+00, 0.00000e+00, 0.00000e+00, 0.00000e+00, 0.00000e+00],
   [9.25000e+01, 5.27500e+01, 0.00000e+00, 1.80000e+01, 0.00000e+00, 1.03500e+02, 5.65000e+01, 0.00000e+00],
   [1.29350e+03, 2.62500e+02, 0.00000e+00, 0.00000e+00, 0.00000e+00, 1.63500e+03, 0.00000e+00, 0.00000e+00],
   [0.00000e+00, 4.11500e+02, 0.00000e+00, 0.00000e+00, 0.00000e+00, 6.78000e+02, 3.20000e+02, 1.00000e+01],
   [0.00000e+00, 0.00000e+00, 0.00000e+00, 1.34025e+03, 6.68250e+02, 0.00000e+00, 0.00000e+00, 9.67500e+01],
   [5.07250e+02, 1.80250e+02, 0.00000e+00, 9.32000e+02, 0.00000e+00, 0.00000e+00, 0.00000e+00, 0.00000e+00],
   [0.00000e+00, 3.60000e+01, 7.40000e+01, 9.75000e+01, 0.00000e+00, 0.00000e+00, 0.00000e+00, 0.00000e+00],
   [0.00000e+00, 0.00000e+00, 0.00000e+00, 0.00000e+00, 0.00000e+00, 0.00000e+00, 0.00000e+00, 0.00000e+00],
   [0.00000e+00, 0.00000e+00, 0.00000e+00, 0.00000e+00, 0.00000e+00, 0.00000e+00, 0.00000e+00, 0.00000e+00]],

  [[0.00000e+00, 0.00000e+00, 0.00000e+00, 0.00000e+00, 0.00000e+00, 0.00000e+00, 0.00000e+00, 0.00000e+00],
   [0.00000e+00, 0.00000e+00, 0.00000e+00, 0.00000e+00, 0.00000e+00, 0.00000e+00, 0.00000e+00, 0.00000e+00],
   [0.00000e+00, 0.00000e+00, 0.00000e+00, 0.00000e+00, 0.00000e+00, 0.00000e+00, 0.00000e+00, 0.00000e+00],
   [0.00000e+00, 0.00000e+00, 0.00000e+00, 0.00000e+00, 0.00000e+00, 0.00000e+00, 0.00000e+00, 0.00000e+00],
   [2.12500e+02, 5.50000e+00, 0.00000e+00, 0.00000e+00, 0.00000e+00, 3.56250e+02, 0.00000e+00, 0.00000e+00],
   [1.20225e+03, 2.59000e+02, 0.00000e+00, 0.00000e+00, 0.00000e+00, 1.57725e+03, 0.00000e+00, 0.00000e+00],
   [0.00000e+00, 3.10250e+02, 0.00000e+00, 0.00000e+00, 0.00000e+00, 4.58000e+02, 3.50750e+02, 2.01250e+02],
   [2.16750e+02, 0.00000e+00, 0.00000e+00, 1.52950e+03, 7.10000e+02, 0.00000e+00, 0.00000e+00, 1.57750e+02],
   [4.70250e+02, 3.72000e+02, 0.00000e+00, 8.25500e+02, 0.00000e+00, 0.00000e+00, 0.00000e+00, 0.00000e+00],
   [7.30000e+01, 8.17500e+01, 4.00000e+00, 1.21500e+02, 0.00000e+00, 0.00000e+00, 2.75000e+00, 0.00000e+00],
   [0.00000e+00, 0.00000e+00, 0.00000e+00, 0.00000e+00, 0.00000e+00, 0.00000e+00, 0.00000e+00, 0.00000e+00],
   [0.00000e+00, 0.00000e+00, 0.00000e+00, 0.00000e+00, 0.00000e+00, 0.00000e+00, 0.00000e+00, 0.00000e+00]],

  [[0.00000e+00, 0.00000e+00, 0.00000e+00, 0.00000e+00, 0.00000e+00, 0.00000e+00, 0.00000e+00, 0.00000e+00],
   [0.00000e+00, 0.00000e+00, 0.00000e+00, 0.00000e+00, 0.00000e+00, 0.00000e+00, 0.00000e+00, 0.00000e+00],
   [0.00000e+00, 0.00000e+00, 0.00000e+00, 0.00000e+00, 0.00000e+00, 0.00000e+00, 0.00000e+00, 0.00000e+00],
   [0.00000e+00, 0.00000e+00, 0.00000e+00, 0.00000e+00, 0.00000e+00, 0.00000e+00, 0.00000e+00, 0.00000e+00],
   [2.12500e+02, 1.31250e+02, 0.00000e+00, 0.00000e+00, 4.00000e+01, 2.52750e+02, 0.00000e+00, 6.77500e+01],
   [9.96500e+02, 1.63500e+02, 0.00000e+00, 0.00000e+00, 3.85000e+01, 1.30250e+03, 0.00000e+00, 0.00000e+00],
   [0.00000e+00, 1.97250e+02, 0.00000e+00, 0.00000e+00, 0.00000e+00, 2.21250e+02, 6.71500e+02, 2.66500e+02],
   [1.55000e+01, 0.00000e+00, 0.00000e+00, 1.27700e+03, 2.90000e+02, 0.00000e+00, 0.00000e+00, 3.80500e+02],
   [0.00000e+00, 1.47500e+02, 2.00500e+02, 5.16500e+02, 0.00000e+00, 0.00000e+00, 0.00000e+00, 0.00000e+00],
   [2.77500e+01, 0.00000e+00, 0.00000e+00, 6.80000e+01, 0.00000e+00, 0.00000e+00, 0.00000e+00, 0.00000e+00],
   [0.00000e+00, 0.00000e+00, 0.00000e+00, 0.00000e+00, 0.00000e+00, 0.00000e+00, 0.00000e+00, 0.00000e+00],
   [0.00000e+00, 0.00000e+00, 0.00000e+00, 0.00000e+00, 0.00000e+00, 0.00000e+00, 0.00000e+00, 0.00000e+00]]]]

🔹 Layer: average_pooling2d_3
   📐 Output Shape: (1, 6, 6, 8)
   🔢 Output Values:
[[[[4.500000e+00, 3.750000e+00, 0.000000e+00, 7.250000e+00, 0.000000e+00, 7.500000e-01, 5.750000e+00, 0.000000e+00],
   [6.631250e+01, 6.250000e-01, 0.000000e+00, 0.000000e+00, 0.000000e+00, 6.193750e+01, 0.000000e+00, 0.000000e+00],
   [1.605625e+02, 0.000000e+00, 9.375000e+00, 0.000000e+00, 7.500000e-01, 1.035000e+02, 0.000000e+00, 0.000000e+00],
   [1.507500e+02, 1.875000e+01, 2.112500e+01, 6.787500e+01, 1.211250e+02, 9.250000e+00, 0.000000e+00, 0.000000e+00],
   [7.468750e+01, 5.637500e+01, 0.000000e+00, 7.287500e+01, 0.000000e+00, 0.000000e+00, 0.000000e+00, 2.700000e+01],
   [0.000000e+00, 0.000000e+00, 0.000000e+00, 0.000000e+00, 0.000000e+00, 0.000000e+00, 0.000000e+00, 0.000000e+00]],

  [[1.210625e+02, 3.681250e+01, 0.000000e+00, 9.625000e+00, 0.000000e+00, 2.050625e+02, 2.781250e+01, 0.000000e+00],
   [4.323125e+02, 1.370625e+02, 0.000000e+00, 0.000000e+00, 1.701250e+02, 5.090625e+02, 0.000000e+00, 0.000000e+00],
   [4.032500e+02, 9.250000e+01, 0.000000e+00, 0.000000e+00, 5.100625e+02, 6.981250e+01, 0.000000e+00, 6.562500e+00],
   [3.346250e+02, 0.000000e+00, 6.468750e+01, 2.903750e+02, 5.542500e+02, 0.000000e+00, 0.000000e+00, 2.843750e+01],
   [3.225000e+02, 1.591875e+02, 7.362500e+01, 5.310000e+02, 1.501875e+02, 0.000000e+00, 0.000000e+00, 5.200000e+01],
   [0.000000e+00, 0.000000e+00, 0.000000e+00, 0.000000e+00, 0.000000e+00, 0.000000e+00, 0.000000e+00, 0.000000e+00]],

  [[2.111250e+02, 5.150000e+01, 1.018750e+01, 4.387500e+01, 4.318750e+01, 2.588750e+02, 0.000000e+00, 1.262500e+01],
   [1.383125e+02, 7.543750e+01, 0.000000e+00, 4.068750e+01, 0.000000e+00, 3.296250e+02, 1.760625e+02, 1.364375e+02],
   [1.168125e+02, 1.437500e+00, 0.000000e+00, 2.912500e+02, 0.000000e+00, 0.000000e+00, 2.793750e+01, 1.112500e+01],
   [1.555625e+02, 1.467500e+02, 0.000000e+00, 6.637500e+01, 6.175000e+01, 6.875000e+01, 0.000000e+00, 0.000000e+00],
   [1.247500e+02, 1.231875e+02, 1.051250e+02, 7.585000e+02, 2.331875e+02, 0.000000e+00, 0.000000e+00, 2.025000e+01],
   [0.000000e+00, 0.000000e+00, 0.000000e+00, 0.000000e+00, 0.000000e+00, 0.000000e+00, 0.000000e+00, 0.000000e+00]],

  [[2.568750e+01, 0.000000e+00, 1.837500e+01, 3.487500e+01, 0.000000e+00, 3.762500e+01, 0.000000e+00, 0.000000e+00],
   [4.456250e+01, 0.000000e+00, 6.212500e+01, 2.731250e+01, 0.000000e+00, 9.525000e+01, 6.418750e+01, 3.250000e+00],
   [3.642500e+02, 1.148125e+02, 3.006250e+01, 6.937500e+00, 0.000000e+00, 5.385000e+02, 5.537500e+01, 0.000000e+00],
   [4.015625e+02, 2.565000e+02, 0.000000e+00, 3.918750e+01, 2.452500e+02, 4.865000e+02, 0.000000e+00, 1.718750e+01],
   [3.029375e+02, 9.993750e+01, 0.000000e+00, 8.631875e+02, 5.106250e+01, 0.000000e+00, 0.000000e+00, 6.693750e+01],
   [0.000000e+00, 0.000000e+00, 0.000000e+00, 0.000000e+00, 0.000000e+00, 0.000000e+00, 0.000000e+00, 0.000000e+00]],

  [[0.000000e+00, 0.000000e+00, 0.000000e+00, 0.000000e+00, 0.000000e+00, 0.000000e+00, 0.000000e+00, 0.000000e+00],
   [0.000000e+00, 0.000000e+00, 0.000000e+00, 0.000000e+00, 0.000000e+00, 0.000000e+00, 0.000000e+00, 0.000000e+00],
   [6.250000e+02, 1.498750e+02, 0.000000e+00, 6.000000e+00, 0.000000e+00, 8.211875e+02, 1.850000e+01, 0.000000e+00],
   [1.081250e+02, 2.185625e+02, 0.000000e+00, 5.306250e+02, 3.084375e+02, 3.779375e+02, 8.125000e+01, 7.512500e+01],
   [2.776875e+02, 6.550000e+01, 2.975000e+01, 6.021875e+02, 0.000000e+00, 0.000000e+00, 0.000000e+00, 0.000000e+00],
   [0.000000e+00, 0.000000e+00, 0.000000e+00, 0.000000e+00, 0.000000e+00, 0.000000e+00, 0.000000e+00, 0.000000e+00]],

  [[0.000000e+00, 0.000000e+00, 0.000000e+00, 0.000000e+00, 0.000000e+00, 0.000000e+00, 0.000000e+00, 0.000000e+00],
   [0.000000e+00, 0.000000e+00, 0.000000e+00, 0.000000e+00, 0.000000e+00, 0.000000e+00, 0.000000e+00, 0.000000e+00],
   [6.559375e+02, 1.398125e+02, 0.000000e+00, 0.000000e+00, 1.962500e+01, 8.721875e+02, 0.000000e+00, 1.693750e+01],
   [5.806250e+01, 1.268750e+02, 0.000000e+00, 7.016250e+02, 2.500000e+02, 1.698125e+02, 2.555625e+02, 2.515000e+02],
   [1.427500e+02, 1.503125e+02, 5.112500e+01, 3.828750e+02, 0.000000e+00, 0.000000e+00, 6.875000e-01, 0.000000e+00],
   [0.000000e+00, 0.000000e+00, 0.000000e+00, 0.000000e+00, 0.000000e+00, 0.000000e+00, 0.000000e+00, 0.000000e+00]]]]

🔹 Layer: flatten_1
   📐 Output Shape: (1, 288)
   🔢 Output Values:
[[4.500000e+00, 3.750000e+00, 0.000000e+00, 7.250000e+00, 0.000000e+00, 7.500000e-01, 5.750000e+00, 0.000000e+00, 6.631250e+01, 6.250000e-01, 0.000000e+00, 0.000000e+00, 0.000000e+00, 6.193750e+01, 0.000000e+00, 0.000000e+00, 1.605625e+02, 0.000000e+00, 9.375000e+00, 0.000000e+00, 7.500000e-01, 1.035000e+02, 0.000000e+00, 0.000000e+00, 1.507500e+02, 1.875000e+01, 2.112500e+01, 6.787500e+01, 1.211250e+02, 9.250000e+00, 0.000000e+00, 0.000000e+00, 7.468750e+01, 5.637500e+01, 0.000000e+00, 7.287500e+01, 0.000000e+00, 0.000000e+00, 0.000000e+00, 2.700000e+01, 0.000000e+00, 0.000000e+00, 0.000000e+00, 0.000000e+00, 0.000000e+00, 0.000000e+00, 0.000000e+00, 0.000000e+00, 1.210625e+02, 3.681250e+01, 0.000000e+00, 9.625000e+00, 0.000000e+00, 2.050625e+02, 2.781250e+01, 0.000000e+00, 4.323125e+02, 1.370625e+02, 0.000000e+00, 0.000000e+00, 1.701250e+02, 5.090625e+02, 0.000000e+00, 0.000000e+00, 4.032500e+02, 9.250000e+01, 0.000000e+00, 0.000000e+00, 5.100625e+02, 6.981250e+01, 0.000000e+00, 6.562500e+00, 3.346250e+02, 0.000000e+00, 6.468750e+01, 2.903750e+02, 5.542500e+02, 0.000000e+00, 0.000000e+00, 2.843750e+01, 3.225000e+02, 1.591875e+02, 7.362500e+01, 5.310000e+02, 1.501875e+02, 0.000000e+00, 0.000000e+00, 5.200000e+01, 0.000000e+00, 0.000000e+00, 0.000000e+00, 0.000000e+00, 0.000000e+00, 0.000000e+00, 0.000000e+00, 0.000000e+00, 2.111250e+02, 5.150000e+01, 1.018750e+01, 4.387500e+01, 4.318750e+01, 2.588750e+02, 0.000000e+00, 1.262500e+01, 1.383125e+02, 7.543750e+01, 0.000000e+00, 4.068750e+01, 0.000000e+00, 3.296250e+02, 1.760625e+02, 1.364375e+02, 1.168125e+02, 1.437500e+00, 0.000000e+00, 2.912500e+02, 0.000000e+00, 0.000000e+00, 2.793750e+01, 1.112500e+01, 1.555625e+02, 1.467500e+02, 0.000000e+00, 6.637500e+01, 6.175000e+01, 6.875000e+01, 0.000000e+00, 0.000000e+00, 1.247500e+02, 1.231875e+02, 1.051250e+02, 7.585000e+02, 2.331875e+02, 0.000000e+00, 0.000000e+00, 2.025000e+01, 0.000000e+00, 0.000000e+00, 0.000000e+00, 0.000000e+00, 0.000000e+00, 0.000000e+00, 0.000000e+00, 0.000000e+00, 2.568750e+01, 0.000000e+00, 1.837500e+01, 3.487500e+01, 0.000000e+00, 3.762500e+01, 0.000000e+00, 0.000000e+00, 4.456250e+01, 0.000000e+00, 6.212500e+01, 2.731250e+01, 0.000000e+00, 9.525000e+01, 6.418750e+01, 3.250000e+00, 3.642500e+02, 1.148125e+02, 3.006250e+01, 6.937500e+00, 0.000000e+00, 5.385000e+02, 5.537500e+01, 0.000000e+00, 4.015625e+02, 2.565000e+02, 0.000000e+00, 3.918750e+01, 2.452500e+02, 4.865000e+02, 0.000000e+00, 1.718750e+01, 3.029375e+02, 9.993750e+01, 0.000000e+00, 8.631875e+02, 5.106250e+01, 0.000000e+00, 0.000000e+00, 6.693750e+01, 0.000000e+00, 0.000000e+00, 0.000000e+00, 0.000000e+00, 0.000000e+00, 0.000000e+00, 0.000000e+00, 0.000000e+00, 0.000000e+00, 0.000000e+00, 0.000000e+00, 0.000000e+00, 0.000000e+00, 0.000000e+00, 0.000000e+00, 0.000000e+00, 0.000000e+00, 0.000000e+00, 0.000000e+00, 0.000000e+00, 0.000000e+00, 0.000000e+00, 0.000000e+00, 0.000000e+00, 6.250000e+02, 1.498750e+02, 0.000000e+00, 6.000000e+00, 0.000000e+00, 8.211875e+02, 1.850000e+01, 0.000000e+00, 1.081250e+02, 2.185625e+02, 0.000000e+00, 5.306250e+02, 3.084375e+02, 3.779375e+02, 8.125000e+01, 7.512500e+01, 2.776875e+02, 6.550000e+01, 2.975000e+01, 6.021875e+02, 0.000000e+00, 0.000000e+00, 0.000000e+00, 0.000000e+00, 0.000000e+00, 0.000000e+00, 0.000000e+00, 0.000000e+00, 0.000000e+00, 0.000000e+00, 0.000000e+00, 0.000000e+00, 0.000000e+00, 0.000000e+00, 0.000000e+00, 0.000000e+00, 0.000000e+00, 0.000000e+00, 0.000000e+00, 0.000000e+00, 0.000000e+00, 0.000000e+00, 0.000000e+00, 0.000000e+00, 0.000000e+00, 0.000000e+00, 0.000000e+00, 0.000000e+00, 6.559375e+02, 1.398125e+02, 0.000000e+00, 0.000000e+00, 1.962500e+01, 8.721875e+02, 0.000000e+00, 1.693750e+01, 5.806250e+01, 1.268750e+02, 0.000000e+00, 7.016250e+02, 2.500000e+02, 1.698125e+02, 2.555625e+02, 2.515000e+02, 1.427500e+02, 1.503125e+02, 5.112500e+01, 3.828750e+02, 0.000000e+00, 0.000000e+00, 6.875000e-01, 0.000000e+00, 0.000000e+00, 0.000000e+00, 0.000000e+00, 0.000000e+00, 0.000000e+00, 0.000000e+00, 0.000000e+00, 0.000000e+00]]

🔹 Layer: lambda_1
   📐 Output Shape: (1, 288)
   🔢 Output Values:
[[0., 0., 0., 0., 0., 0., 0., 0., 1., 0., 0., 0., 0., 0., 0., 0., 1., 0., 0., 0., 0., 1., 0., 0., 1., 0., 0., 1., 1., 0., 0., 0., 1., 0., 0., 1., 0., 0., 0., 0., 0., 0., 0., 0., 0., 0., 0., 0., 1., 0., 0., 0., 0., 2., 0., 0., 3., 1., 0., 0., 1., 4., 0., 0., 3., 1., 0., 0., 4., 1., 0., 0., 3., 0., 1., 2., 4., 0., 0., 0., 3., 1., 1., 4., 1., 0., 0., 0., 0., 0., 0., 0., 0., 0., 0., 0., 2., 0., 0., 0., 0., 2., 0., 0., 1., 1., 0., 0., 0., 3., 1., 1., 1., 0., 0., 2., 0., 0., 0., 0., 1., 1., 0., 1., 0., 1., 0., 0., 1., 1., 1., 6., 2., 0., 0., 0., 0., 0., 0., 0., 0., 0., 0., 0., 0., 0., 0., 0., 0., 0., 0., 0., 0., 0., 0., 0., 0., 1., 1., 0., 3., 1., 0., 0., 0., 4., 0., 0., 3., 2., 0., 0., 2., 4., 0., 0., 2., 1., 0., 7., 0., 0., 0., 1., 0., 0., 0., 0., 0., 0., 0., 0., 0., 0., 0., 0., 0., 0., 0., 0., 0., 0., 0., 0., 0., 0., 0., 0., 5., 1., 0., 0., 0., 7., 0., 0., 1., 2., 0., 4., 2., 3., 1., 1., 2., 1., 0., 5., 0., 0., 0., 0., 0., 0., 0., 0., 0., 0., 0., 0., 0., 0., 0., 0., 0., 0., 0., 0., 0., 0., 0., 0., 0., 0., 0., 0., 5., 1., 0., 0., 0., 7., 0., 0., 0., 1., 0., 6., 2., 1., 2., 2., 1., 1., 0., 3., 0., 0., 0., 0., 0., 0., 0., 0., 0., 0., 0., 0.]]

🔹 Layer: dense_3
   📐 Output Shape: (1, 120)
   🔢 Output Values:
[[ 0., 61., 24.,  3.,  0., 39.,  0.,  0.,  0.,  0.,  0.,  0.,  0.,  0., 73.,  0.,  0.,  8., 35.,  0., 27.,  0.,  0., 90.,  0., 16., 40.,  0.,  0., 48.,  8.,  0., 54., 63., 95.,  0., 57., 77.,  0.,  0.,  7.,  2.,  0., 63.,  0.,  0.,  0.,  0., 66.,  0., 19.,  0., 21., 41., 87.,  0.,  0., 22., 58., 33.,  0., 31., 23.,  0.,  0.,  0.,  0.,  0.,  0.,  0.,  6., 34., 50.,  0.,  0.,  0., 37.,  0.,  0.,  0.,  0.,  0.,  0., 24., 30., 11., 51.,  0.,  0.,  0.,  0.,  2.,  0., 46.,  0.,  0.,  0.,  0., 20.,  0., 55.,  7.,  0., 23., 50.,  0., 28.,  0., 72.,  0., 11.,  0.,  4.,  0.,  0.,  0.,  0., 37.,  0.,  0.]]

🔹 Layer: dense_4
   📐 Output Shape: (1, 84)
   🔢 Output Values:
[[0.000e+00, 0.000e+00, 2.760e+02, 1.227e+03, 1.874e+03, 0.000e+00, 0.000e+00, 1.180e+02, 0.000e+00, 0.000e+00, 0.000e+00, 0.000e+00, 0.000e+00, 9.670e+02, 0.000e+00, 1.169e+03, 5.330e+02, 0.000e+00, 5.390e+02, 9.080e+02, 0.000e+00, 0.000e+00, 0.000e+00, 8.980e+02, 1.019e+03, 6.440e+02, 6.310e+02, 0.000e+00, 1.840e+03, 9.520e+02, 0.000e+00, 0.000e+00, 0.000e+00, 1.859e+03, 7.910e+02, 1.411e+03, 0.000e+00, 0.000e+00, 4.560e+02, 2.797e+03, 0.000e+00, 8.320e+02, 0.000e+00, 0.000e+00, 0.000e+00, 0.000e+00, 1.184e+03, 1.157e+03, 0.000e+00, 0.000e+00, 0.000e+00, 0.000e+00, 0.000e+00, 0.000e+00, 6.180e+02, 9.160e+02, 8.320e+02, 8.800e+01, 3.060e+02, 0.000e+00, 8.120e+02, 2.090e+02, 0.000e+00, 1.920e+02, 0.000e+00, 1.193e+03, 0.000e+00, 1.920e+03, 0.000e+00, 1.000e+00, 1.090e+03, 0.000e+00, 0.000e+00, 1.698e+03, 0.000e+00, 7.340e+02, 0.000e+00, 0.000e+00, 0.000e+00, 9.600e+01, 1.558e+03, 0.000e+00, 0.000e+00, 0.000e+00]]

🔹 Layer: dense_5
   📐 Output Shape: (1, 10)
   🔢 Output Values:
[[0., 0., 0., 0., 0., 0., 0., 1., 0., 0.]]

🎯 Prediction for Image 1007:
   ✅ Predicted Label: 7
   🎯 True Label: 7
   ✅ Result: Correct Prediction
