=============================
  🔍 Inference for Image 1002  
=============================

🔹 Layer: input_2
   📐 Output Shape: (1, 28, 28, 1)
   🔢 Output Values:
[[[[0.],
   [0.],
   [0.],
   [0.],
   [0.],
   [0.],
   [0.],
   [0.],
   [0.],
   [0.],
   [0.],
   [0.],
   [0.],
   [0.],
   [0.],
   [0.],
   [0.],
   [0.],
   [0.],
   [0.],
   [0.],
   [0.],
   [0.],
   [0.],
   [0.],
   [0.],
   [0.],
   [0.]],

  [[0.],
   [0.],
   [0.],
   [0.],
   [0.],
   [0.],
   [0.],
   [0.],
   [0.],
   [0.],
   [0.],
   [0.],
   [0.],
   [0.],
   [0.],
   [0.],
   [0.],
   [0.],
   [0.],
   [0.],
   [0.],
   [0.],
   [0.],
   [0.],
   [0.],
   [0.],
   [0.],
   [0.]],

  [[0.],
   [0.],
   [0.],
   [0.],
   [0.],
   [0.],
   [0.],
   [0.],
   [0.],
   [0.],
   [0.],
   [0.],
   [0.],
   [0.],
   [0.],
   [0.],
   [0.],
   [0.],
   [0.],
   [0.],
   [0.],
   [0.],
   [0.],
   [0.],
   [0.],
   [0.],
   [0.],
   [0.]],

  [[0.],
   [0.],
   [0.],
   [0.],
   [0.],
   [0.],
   [0.],
   [0.],
   [0.],
   [0.],
   [0.],
   [0.],
   [0.],
   [0.],
   [0.],
   [0.],
   [0.],
   [0.],
   [0.],
   [0.],
   [0.],
   [0.],
   [0.],
   [0.],
   [0.],
   [0.],
   [0.],
   [0.]],

  [[0.],
   [0.],
   [0.],
   [0.],
   [0.],
   [0.],
   [0.],
   [0.],
   [0.],
   [0.],
   [0.],
   [0.],
   [0.],
   [0.],
   [2.],
   [7.],
   [4.],
   [2.],
   [0.],
   [0.],
   [0.],
   [0.],
   [0.],
   [0.],
   [0.],
   [0.],
   [0.],
   [0.]],

  [[0.],
   [0.],
   [0.],
   [0.],
   [0.],
   [0.],
   [0.],
   [0.],
   [0.],
   [0.],
   [0.],
   [0.],
   [0.],
   [2.],
   [6.],
   [6.],
   [6.],
   [6.],
   [3.],
   [0.],
   [0.],
   [0.],
   [0.],
   [0.],
   [0.],
   [0.],
   [0.],
   [0.]],

  [[0.],
   [0.],
   [0.],
   [0.],
   [0.],
   [0.],
   [0.],
   [0.],
   [0.],
   [0.],
   [0.],
   [1.],
   [4.],
   [6.],
   [6.],
   [6.],
   [6.],
   [6.],
   [6.],
   [0.],
   [0.],
   [0.],
   [0.],
   [0.],
   [0.],
   [0.],
   [0.],
   [0.]],

  [[0.],
   [0.],
   [0.],
   [0.],
   [0.],
   [0.],
   [0.],
   [0.],
   [0.],
   [0.],
   [0.],
   [3.],
   [6.],
   [6.],
   [6.],
   [4.],
   [2.],
   [4.],
   [6.],
   [0.],
   [0.],
   [0.],
   [0.],
   [0.],
   [0.],
   [0.],
   [0.],
   [0.]],

  [[0.],
   [0.],
   [0.],
   [0.],
   [0.],
   [0.],
   [0.],
   [0.],
   [0.],
   [0.],
   [0.],
   [6.],
   [6.],
   [6.],
   [4.],
   [0.],
   [0.],
   [2.],
   [6.],
   [0.],
   [0.],
   [0.],
   [0.],
   [0.],
   [0.],
   [0.],
   [0.],
   [0.]],

  [[0.],
   [0.],
   [0.],
   [0.],
   [0.],
   [0.],
   [0.],
   [0.],
   [0.],
   [0.],
   [4.],
   [6.],
   [6.],
   [5.],
   [0.],
   [0.],
   [0.],
   [1.],
   [6.],
   [5.],
   [0.],
   [0.],
   [0.],
   [0.],
   [0.],
   [0.],
   [0.],
   [0.]],

  [[0.],
   [0.],
   [0.],
   [0.],
   [0.],
   [0.],
   [0.],
   [0.],
   [0.],
   [0.],
   [6.],
   [6.],
   [6.],
   [1.],
   [0.],
   [0.],
   [0.],
   [0.],
   [6.],
   [6.],
   [1.],
   [0.],
   [0.],
   [0.],
   [0.],
   [0.],
   [0.],
   [0.]],

  [[0.],
   [0.],
   [0.],
   [0.],
   [0.],
   [0.],
   [0.],
   [0.],
   [0.],
   [2.],
   [6.],
   [6.],
   [2.],
   [0.],
   [0.],
   [0.],
   [0.],
   [0.],
   [3.],
   [6.],
   [3.],
   [0.],
   [0.],
   [0.],
   [0.],
   [0.],
   [0.],
   [0.]],

  [[0.],
   [0.],
   [0.],
   [0.],
   [0.],
   [0.],
   [0.],
   [0.],
   [0.],
   [5.],
   [6.],
   [5.],
   [0.],
   [0.],
   [0.],
   [0.],
   [0.],
   [0.],
   [2.],
   [6.],
   [5.],
   [0.],
   [0.],
   [0.],
   [0.],
   [0.],
   [0.],
   [0.]],

  [[0.],
   [0.],
   [0.],
   [0.],
   [0.],
   [0.],
   [0.],
   [0.],
   [0.],
   [6.],
   [6.],
   [2.],
   [0.],
   [0.],
   [0.],
   [0.],
   [0.],
   [0.],
   [0.],
   [6.],
   [6.],
   [0.],
   [0.],
   [0.],
   [0.],
   [0.],
   [0.],
   [0.]],

  [[0.],
   [0.],
   [0.],
   [0.],
   [0.],
   [0.],
   [0.],
   [0.],
   [3.],
   [6.],
   [6.],
   [0.],
   [0.],
   [0.],
   [0.],
   [0.],
   [0.],
   [0.],
   [0.],
   [6.],
   [6.],
   [0.],
   [0.],
   [0.],
   [0.],
   [0.],
   [0.],
   [0.]],

  [[0.],
   [0.],
   [0.],
   [0.],
   [0.],
   [0.],
   [0.],
   [0.],
   [3.],
   [6.],
   [4.],
   [0.],
   [0.],
   [0.],
   [0.],
   [0.],
   [0.],
   [0.],
   [1.],
   [6.],
   [6.],
   [0.],
   [0.],
   [0.],
   [0.],
   [0.],
   [0.],
   [0.]],

  [[0.],
   [0.],
   [0.],
   [0.],
   [0.],
   [0.],
   [0.],
   [0.],
   [3.],
   [6.],
   [4.],
   [0.],
   [0.],
   [0.],
   [0.],
   [0.],
   [0.],
   [0.],
   [3.],
   [6.],
   [5.],
   [0.],
   [0.],
   [0.],
   [0.],
   [0.],
   [0.],
   [0.]],

  [[0.],
   [0.],
   [0.],
   [0.],
   [0.],
   [0.],
   [0.],
   [0.],
   [3.],
   [6.],
   [4.],
   [0.],
   [0.],
   [0.],
   [0.],
   [0.],
   [0.],
   [0.],
   [5.],
   [6.],
   [4.],
   [0.],
   [0.],
   [0.],
   [0.],
   [0.],
   [0.],
   [0.]],

  [[0.],
   [0.],
   [0.],
   [0.],
   [0.],
   [0.],
   [0.],
   [0.],
   [1.],
   [6.],
   [6.],
   [1.],
   [0.],
   [0.],
   [0.],
   [0.],
   [0.],
   [1.],
   [6.],
   [6.],
   [4.],
   [0.],
   [0.],
   [0.],
   [0.],
   [0.],
   [0.],
   [0.]],

  [[0.],
   [0.],
   [0.],
   [0.],
   [0.],
   [0.],
   [0.],
   [0.],
   [0.],
   [6.],
   [6.],
   [6.],
   [2.],
   [0.],
   [0.],
   [0.],
   [0.],
   [3.],
   [6.],
   [6.],
   [2.],
   [0.],
   [0.],
   [0.],
   [0.],
   [0.],
   [0.],
   [0.]],

  [[0.],
   [0.],
   [0.],
   [0.],
   [0.],
   [0.],
   [0.],
   [0.],
   [0.],
   [1.],
   [6.],
   [6.],
   [6.],
   [5.],
   [3.],
   [3.],
   [5.],
   [6.],
   [6.],
   [3.],
   [0.],
   [0.],
   [0.],
   [0.],
   [0.],
   [0.],
   [0.],
   [0.]],

  [[0.],
   [0.],
   [0.],
   [0.],
   [0.],
   [0.],
   [0.],
   [0.],
   [0.],
   [1.],
   [6.],
   [6.],
   [6.],
   [6.],
   [6.],
   [6.],
   [6.],
   [6.],
   [6.],
   [0.],
   [0.],
   [0.],
   [0.],
   [0.],
   [0.],
   [0.],
   [0.],
   [0.]],

  [[0.],
   [0.],
   [0.],
   [0.],
   [0.],
   [0.],
   [0.],
   [0.],
   [0.],
   [0.],
   [0.],
   [4.],
   [6.],
   [6.],
   [6.],
   [6.],
   [6.],
   [6.],
   [5.],
   [0.],
   [0.],
   [0.],
   [0.],
   [0.],
   [0.],
   [0.],
   [0.],
   [0.]],

  [[0.],
   [0.],
   [0.],
   [0.],
   [0.],
   [0.],
   [0.],
   [0.],
   [0.],
   [0.],
   [0.],
   [0.],
   [1.],
   [6.],
   [6.],
   [6.],
   [4.],
   [5.],
   [0.],
   [0.],
   [0.],
   [0.],
   [0.],
   [0.],
   [0.],
   [0.],
   [0.],
   [0.]],

  [[0.],
   [0.],
   [0.],
   [0.],
   [0.],
   [0.],
   [0.],
   [0.],
   [0.],
   [0.],
   [0.],
   [0.],
   [0.],
   [0.],
   [0.],
   [0.],
   [0.],
   [0.],
   [0.],
   [0.],
   [0.],
   [0.],
   [0.],
   [0.],
   [0.],
   [0.],
   [0.],
   [0.]],

  [[0.],
   [0.],
   [0.],
   [0.],
   [0.],
   [0.],
   [0.],
   [0.],
   [0.],
   [0.],
   [0.],
   [0.],
   [0.],
   [0.],
   [0.],
   [0.],
   [0.],
   [0.],
   [0.],
   [0.],
   [0.],
   [0.],
   [0.],
   [0.],
   [0.],
   [0.],
   [0.],
   [0.]],

  [[0.],
   [0.],
   [0.],
   [0.],
   [0.],
   [0.],
   [0.],
   [0.],
   [0.],
   [0.],
   [0.],
   [0.],
   [0.],
   [0.],
   [0.],
   [0.],
   [0.],
   [0.],
   [0.],
   [0.],
   [0.],
   [0.],
   [0.],
   [0.],
   [0.],
   [0.],
   [0.],
   [0.]],

  [[0.],
   [0.],
   [0.],
   [0.],
   [0.],
   [0.],
   [0.],
   [0.],
   [0.],
   [0.],
   [0.],
   [0.],
   [0.],
   [0.],
   [0.],
   [0.],
   [0.],
   [0.],
   [0.],
   [0.],
   [0.],
   [0.],
   [0.],
   [0.],
   [0.],
   [0.],
   [0.],
   [0.]]]]

🔹 Layer: zero_padding2d_1
   📐 Output Shape: (1, 30, 30, 1)
   🔢 Output Values:
[[[[0.],
   [0.],
   [0.],
   [0.],
   [0.],
   [0.],
   [0.],
   [0.],
   [0.],
   [0.],
   [0.],
   [0.],
   [0.],
   [0.],
   [0.],
   [0.],
   [0.],
   [0.],
   [0.],
   [0.],
   [0.],
   [0.],
   [0.],
   [0.],
   [0.],
   [0.],
   [0.],
   [0.],
   [0.],
   [0.]],

  [[0.],
   [0.],
   [0.],
   [0.],
   [0.],
   [0.],
   [0.],
   [0.],
   [0.],
   [0.],
   [0.],
   [0.],
   [0.],
   [0.],
   [0.],
   [0.],
   [0.],
   [0.],
   [0.],
   [0.],
   [0.],
   [0.],
   [0.],
   [0.],
   [0.],
   [0.],
   [0.],
   [0.],
   [0.],
   [0.]],

  [[0.],
   [0.],
   [0.],
   [0.],
   [0.],
   [0.],
   [0.],
   [0.],
   [0.],
   [0.],
   [0.],
   [0.],
   [0.],
   [0.],
   [0.],
   [0.],
   [0.],
   [0.],
   [0.],
   [0.],
   [0.],
   [0.],
   [0.],
   [0.],
   [0.],
   [0.],
   [0.],
   [0.],
   [0.],
   [0.]],

  [[0.],
   [0.],
   [0.],
   [0.],
   [0.],
   [0.],
   [0.],
   [0.],
   [0.],
   [0.],
   [0.],
   [0.],
   [0.],
   [0.],
   [0.],
   [0.],
   [0.],
   [0.],
   [0.],
   [0.],
   [0.],
   [0.],
   [0.],
   [0.],
   [0.],
   [0.],
   [0.],
   [0.],
   [0.],
   [0.]],

  [[0.],
   [0.],
   [0.],
   [0.],
   [0.],
   [0.],
   [0.],
   [0.],
   [0.],
   [0.],
   [0.],
   [0.],
   [0.],
   [0.],
   [0.],
   [0.],
   [0.],
   [0.],
   [0.],
   [0.],
   [0.],
   [0.],
   [0.],
   [0.],
   [0.],
   [0.],
   [0.],
   [0.],
   [0.],
   [0.]],

  [[0.],
   [0.],
   [0.],
   [0.],
   [0.],
   [0.],
   [0.],
   [0.],
   [0.],
   [0.],
   [0.],
   [0.],
   [0.],
   [0.],
   [0.],
   [2.],
   [7.],
   [4.],
   [2.],
   [0.],
   [0.],
   [0.],
   [0.],
   [0.],
   [0.],
   [0.],
   [0.],
   [0.],
   [0.],
   [0.]],

  [[0.],
   [0.],
   [0.],
   [0.],
   [0.],
   [0.],
   [0.],
   [0.],
   [0.],
   [0.],
   [0.],
   [0.],
   [0.],
   [0.],
   [2.],
   [6.],
   [6.],
   [6.],
   [6.],
   [3.],
   [0.],
   [0.],
   [0.],
   [0.],
   [0.],
   [0.],
   [0.],
   [0.],
   [0.],
   [0.]],

  [[0.],
   [0.],
   [0.],
   [0.],
   [0.],
   [0.],
   [0.],
   [0.],
   [0.],
   [0.],
   [0.],
   [0.],
   [1.],
   [4.],
   [6.],
   [6.],
   [6.],
   [6.],
   [6.],
   [6.],
   [0.],
   [0.],
   [0.],
   [0.],
   [0.],
   [0.],
   [0.],
   [0.],
   [0.],
   [0.]],

  [[0.],
   [0.],
   [0.],
   [0.],
   [0.],
   [0.],
   [0.],
   [0.],
   [0.],
   [0.],
   [0.],
   [0.],
   [3.],
   [6.],
   [6.],
   [6.],
   [4.],
   [2.],
   [4.],
   [6.],
   [0.],
   [0.],
   [0.],
   [0.],
   [0.],
   [0.],
   [0.],
   [0.],
   [0.],
   [0.]],

  [[0.],
   [0.],
   [0.],
   [0.],
   [0.],
   [0.],
   [0.],
   [0.],
   [0.],
   [0.],
   [0.],
   [0.],
   [6.],
   [6.],
   [6.],
   [4.],
   [0.],
   [0.],
   [2.],
   [6.],
   [0.],
   [0.],
   [0.],
   [0.],
   [0.],
   [0.],
   [0.],
   [0.],
   [0.],
   [0.]],

  [[0.],
   [0.],
   [0.],
   [0.],
   [0.],
   [0.],
   [0.],
   [0.],
   [0.],
   [0.],
   [0.],
   [4.],
   [6.],
   [6.],
   [5.],
   [0.],
   [0.],
   [0.],
   [1.],
   [6.],
   [5.],
   [0.],
   [0.],
   [0.],
   [0.],
   [0.],
   [0.],
   [0.],
   [0.],
   [0.]],

  [[0.],
   [0.],
   [0.],
   [0.],
   [0.],
   [0.],
   [0.],
   [0.],
   [0.],
   [0.],
   [0.],
   [6.],
   [6.],
   [6.],
   [1.],
   [0.],
   [0.],
   [0.],
   [0.],
   [6.],
   [6.],
   [1.],
   [0.],
   [0.],
   [0.],
   [0.],
   [0.],
   [0.],
   [0.],
   [0.]],

  [[0.],
   [0.],
   [0.],
   [0.],
   [0.],
   [0.],
   [0.],
   [0.],
   [0.],
   [0.],
   [2.],
   [6.],
   [6.],
   [2.],
   [0.],
   [0.],
   [0.],
   [0.],
   [0.],
   [3.],
   [6.],
   [3.],
   [0.],
   [0.],
   [0.],
   [0.],
   [0.],
   [0.],
   [0.],
   [0.]],

  [[0.],
   [0.],
   [0.],
   [0.],
   [0.],
   [0.],
   [0.],
   [0.],
   [0.],
   [0.],
   [5.],
   [6.],
   [5.],
   [0.],
   [0.],
   [0.],
   [0.],
   [0.],
   [0.],
   [2.],
   [6.],
   [5.],
   [0.],
   [0.],
   [0.],
   [0.],
   [0.],
   [0.],
   [0.],
   [0.]],

  [[0.],
   [0.],
   [0.],
   [0.],
   [0.],
   [0.],
   [0.],
   [0.],
   [0.],
   [0.],
   [6.],
   [6.],
   [2.],
   [0.],
   [0.],
   [0.],
   [0.],
   [0.],
   [0.],
   [0.],
   [6.],
   [6.],
   [0.],
   [0.],
   [0.],
   [0.],
   [0.],
   [0.],
   [0.],
   [0.]],

  [[0.],
   [0.],
   [0.],
   [0.],
   [0.],
   [0.],
   [0.],
   [0.],
   [0.],
   [3.],
   [6.],
   [6.],
   [0.],
   [0.],
   [0.],
   [0.],
   [0.],
   [0.],
   [0.],
   [0.],
   [6.],
   [6.],
   [0.],
   [0.],
   [0.],
   [0.],
   [0.],
   [0.],
   [0.],
   [0.]],

  [[0.],
   [0.],
   [0.],
   [0.],
   [0.],
   [0.],
   [0.],
   [0.],
   [0.],
   [3.],
   [6.],
   [4.],
   [0.],
   [0.],
   [0.],
   [0.],
   [0.],
   [0.],
   [0.],
   [1.],
   [6.],
   [6.],
   [0.],
   [0.],
   [0.],
   [0.],
   [0.],
   [0.],
   [0.],
   [0.]],

  [[0.],
   [0.],
   [0.],
   [0.],
   [0.],
   [0.],
   [0.],
   [0.],
   [0.],
   [3.],
   [6.],
   [4.],
   [0.],
   [0.],
   [0.],
   [0.],
   [0.],
   [0.],
   [0.],
   [3.],
   [6.],
   [5.],
   [0.],
   [0.],
   [0.],
   [0.],
   [0.],
   [0.],
   [0.],
   [0.]],

  [[0.],
   [0.],
   [0.],
   [0.],
   [0.],
   [0.],
   [0.],
   [0.],
   [0.],
   [3.],
   [6.],
   [4.],
   [0.],
   [0.],
   [0.],
   [0.],
   [0.],
   [0.],
   [0.],
   [5.],
   [6.],
   [4.],
   [0.],
   [0.],
   [0.],
   [0.],
   [0.],
   [0.],
   [0.],
   [0.]],

  [[0.],
   [0.],
   [0.],
   [0.],
   [0.],
   [0.],
   [0.],
   [0.],
   [0.],
   [1.],
   [6.],
   [6.],
   [1.],
   [0.],
   [0.],
   [0.],
   [0.],
   [0.],
   [1.],
   [6.],
   [6.],
   [4.],
   [0.],
   [0.],
   [0.],
   [0.],
   [0.],
   [0.],
   [0.],
   [0.]],

  [[0.],
   [0.],
   [0.],
   [0.],
   [0.],
   [0.],
   [0.],
   [0.],
   [0.],
   [0.],
   [6.],
   [6.],
   [6.],
   [2.],
   [0.],
   [0.],
   [0.],
   [0.],
   [3.],
   [6.],
   [6.],
   [2.],
   [0.],
   [0.],
   [0.],
   [0.],
   [0.],
   [0.],
   [0.],
   [0.]],

  [[0.],
   [0.],
   [0.],
   [0.],
   [0.],
   [0.],
   [0.],
   [0.],
   [0.],
   [0.],
   [1.],
   [6.],
   [6.],
   [6.],
   [5.],
   [3.],
   [3.],
   [5.],
   [6.],
   [6.],
   [3.],
   [0.],
   [0.],
   [0.],
   [0.],
   [0.],
   [0.],
   [0.],
   [0.],
   [0.]],

  [[0.],
   [0.],
   [0.],
   [0.],
   [0.],
   [0.],
   [0.],
   [0.],
   [0.],
   [0.],
   [1.],
   [6.],
   [6.],
   [6.],
   [6.],
   [6.],
   [6.],
   [6.],
   [6.],
   [6.],
   [0.],
   [0.],
   [0.],
   [0.],
   [0.],
   [0.],
   [0.],
   [0.],
   [0.],
   [0.]],

  [[0.],
   [0.],
   [0.],
   [0.],
   [0.],
   [0.],
   [0.],
   [0.],
   [0.],
   [0.],
   [0.],
   [0.],
   [4.],
   [6.],
   [6.],
   [6.],
   [6.],
   [6.],
   [6.],
   [5.],
   [0.],
   [0.],
   [0.],
   [0.],
   [0.],
   [0.],
   [0.],
   [0.],
   [0.],
   [0.]],

  [[0.],
   [0.],
   [0.],
   [0.],
   [0.],
   [0.],
   [0.],
   [0.],
   [0.],
   [0.],
   [0.],
   [0.],
   [0.],
   [1.],
   [6.],
   [6.],
   [6.],
   [4.],
   [5.],
   [0.],
   [0.],
   [0.],
   [0.],
   [0.],
   [0.],
   [0.],
   [0.],
   [0.],
   [0.],
   [0.]],

  [[0.],
   [0.],
   [0.],
   [0.],
   [0.],
   [0.],
   [0.],
   [0.],
   [0.],
   [0.],
   [0.],
   [0.],
   [0.],
   [0.],
   [0.],
   [0.],
   [0.],
   [0.],
   [0.],
   [0.],
   [0.],
   [0.],
   [0.],
   [0.],
   [0.],
   [0.],
   [0.],
   [0.],
   [0.],
   [0.]],

  [[0.],
   [0.],
   [0.],
   [0.],
   [0.],
   [0.],
   [0.],
   [0.],
   [0.],
   [0.],
   [0.],
   [0.],
   [0.],
   [0.],
   [0.],
   [0.],
   [0.],
   [0.],
   [0.],
   [0.],
   [0.],
   [0.],
   [0.],
   [0.],
   [0.],
   [0.],
   [0.],
   [0.],
   [0.],
   [0.]],

  [[0.],
   [0.],
   [0.],
   [0.],
   [0.],
   [0.],
   [0.],
   [0.],
   [0.],
   [0.],
   [0.],
   [0.],
   [0.],
   [0.],
   [0.],
   [0.],
   [0.],
   [0.],
   [0.],
   [0.],
   [0.],
   [0.],
   [0.],
   [0.],
   [0.],
   [0.],
   [0.],
   [0.],
   [0.],
   [0.]],

  [[0.],
   [0.],
   [0.],
   [0.],
   [0.],
   [0.],
   [0.],
   [0.],
   [0.],
   [0.],
   [0.],
   [0.],
   [0.],
   [0.],
   [0.],
   [0.],
   [0.],
   [0.],
   [0.],
   [0.],
   [0.],
   [0.],
   [0.],
   [0.],
   [0.],
   [0.],
   [0.],
   [0.],
   [0.],
   [0.]],

  [[0.],
   [0.],
   [0.],
   [0.],
   [0.],
   [0.],
   [0.],
   [0.],
   [0.],
   [0.],
   [0.],
   [0.],
   [0.],
   [0.],
   [0.],
   [0.],
   [0.],
   [0.],
   [0.],
   [0.],
   [0.],
   [0.],
   [0.],
   [0.],
   [0.],
   [0.],
   [0.],
   [0.],
   [0.],
   [0.]]]]

🔹 Layer: conv2d_2
   📐 Output Shape: (1, 28, 28, 4)
   🔢 Output Values:
[[[[  0.,   0.,   0.,   0.],
   [  0.,   0.,   0.,   0.],
   [  0.,   0.,   0.,   0.],
   [  0.,   0.,   0.,   0.],
   [  0.,   0.,   0.,   0.],
   [  0.,   0.,   0.,   0.],
   [  0.,   0.,   0.,   0.],
   [  0.,   0.,   0.,   0.],
   [  0.,   0.,   0.,   0.],
   [  0.,   0.,   0.,   0.],
   [  0.,   0.,   0.,   0.],
   [  0.,   0.,   0.,   0.],
   [  0.,   0.,   0.,   0.],
   [  0.,   0.,   0.,   0.],
   [  0.,   0.,   0.,   0.],
   [  0.,   0.,   0.,   0.],
   [  0.,   0.,   0.,   0.],
   [  0.,   0.,   0.,   0.],
   [  0.,   0.,   0.,   0.],
   [  0.,   0.,   0.,   0.],
   [  0.,   0.,   0.,   0.],
   [  0.,   0.,   0.,   0.],
   [  0.,   0.,   0.,   0.],
   [  0.,   0.,   0.,   0.],
   [  0.,   0.,   0.,   0.],
   [  0.,   0.,   0.,   0.],
   [  0.,   0.,   0.,   0.],
   [  0.,   0.,   0.,   0.]],

  [[  0.,   0.,   0.,   0.],
   [  0.,   0.,   0.,   0.],
   [  0.,   0.,   0.,   0.],
   [  0.,   0.,   0.,   0.],
   [  0.,   0.,   0.,   0.],
   [  0.,   0.,   0.,   0.],
   [  0.,   0.,   0.,   0.],
   [  0.,   0.,   0.,   0.],
   [  0.,   0.,   0.,   0.],
   [  0.,   0.,   0.,   0.],
   [  0.,   0.,   0.,   0.],
   [  0.,   0.,   0.,   0.],
   [  0.,   0.,   0.,   0.],
   [  0.,   0.,   0.,   0.],
   [  0.,   0.,   0.,   0.],
   [  0.,   0.,   0.,   0.],
   [  0.,   0.,   0.,   0.],
   [  0.,   0.,   0.,   0.],
   [  0.,   0.,   0.,   0.],
   [  0.,   0.,   0.,   0.],
   [  0.,   0.,   0.,   0.],
   [  0.,   0.,   0.,   0.],
   [  0.,   0.,   0.,   0.],
   [  0.,   0.,   0.,   0.],
   [  0.,   0.,   0.,   0.],
   [  0.,   0.,   0.,   0.],
   [  0.,   0.,   0.,   0.],
   [  0.,   0.,   0.,   0.]],

  [[  0.,   0.,   0.,   0.],
   [  0.,   0.,   0.,   0.],
   [  0.,   0.,   0.,   0.],
   [  0.,   0.,   0.,   0.],
   [  0.,   0.,   0.,   0.],
   [  0.,   0.,   0.,   0.],
   [  0.,   0.,   0.,   0.],
   [  0.,   0.,   0.,   0.],
   [  0.,   0.,   0.,   0.],
   [  0.,   0.,   0.,   0.],
   [  0.,   0.,   0.,   0.],
   [  0.,   0.,   0.,   0.],
   [  0.,   0.,   0.,   0.],
   [  0.,   0.,   0.,   0.],
   [  0.,   0.,   0.,   0.],
   [  0.,   0.,   0.,   0.],
   [  0.,   0.,   0.,   0.],
   [  0.,   0.,   0.,   0.],
   [  0.,   0.,   0.,   0.],
   [  0.,   0.,   0.,   0.],
   [  0.,   0.,   0.,   0.],
   [  0.,   0.,   0.,   0.],
   [  0.,   0.,   0.,   0.],
   [  0.,   0.,   0.,   0.],
   [  0.,   0.,   0.,   0.],
   [  0.,   0.,   0.,   0.],
   [  0.,   0.,   0.,   0.],
   [  0.,   0.,   0.,   0.]],

  [[  0.,   0.,   0.,   0.],
   [  0.,   0.,   0.,   0.],
   [  0.,   0.,   0.,   0.],
   [  0.,   0.,   0.,   0.],
   [  0.,   0.,   0.,   0.],
   [  0.,   0.,   0.,   0.],
   [  0.,   0.,   0.,   0.],
   [  0.,   0.,   0.,   0.],
   [  0.,   0.,   0.,   0.],
   [  0.,   0.,   0.,   0.],
   [  0.,   0.,   0.,   0.],
   [  0.,   0.,   0.,   0.],
   [  0.,   0.,   0.,   0.],
   [  0.,   0.,  10.,   6.],
   [  0.,   0.,  29.,  29.],
   [ 30.,   0.,   0.,  34.],
   [ 30.,   0.,   0.,   1.],
   [ 20.,   0.,   0.,   0.],
   [  4.,   0.,   0.,   0.],
   [  0.,   0.,   0.,   0.],
   [  0.,   0.,   0.,   0.],
   [  0.,   0.,   0.,   0.],
   [  0.,   0.,   0.,   0.],
   [  0.,   0.,   0.,   0.],
   [  0.,   0.,   0.,   0.],
   [  0.,   0.,   0.,   0.],
   [  0.,   0.,   0.,   0.],
   [  0.,   0.,   0.,   0.]],

  [[  0.,   0.,   0.,   0.],
   [  0.,   0.,   0.,   0.],
   [  0.,   0.,   0.,   0.],
   [  0.,   0.,   0.,   0.],
   [  0.,   0.,   0.,   0.],
   [  0.,   0.,   0.,   0.],
   [  0.,   0.,   0.,   0.],
   [  0.,   0.,   0.,   0.],
   [  0.,   0.,   0.,   0.],
   [  0.,   0.,   0.,   0.],
   [  0.,   0.,   0.,   0.],
   [  0.,   0.,   0.,   0.],
   [  0.,   0.,  10.,   6.],
   [  0.,   0.,  30.,  36.],
   [ 25.,   0.,   9.,  75.],
   [  4.,   0.,   0.,  44.],
   [ 41.,   0.,   2.,   0.],
   [ 44.,   0.,   0.,   0.],
   [ 40.,   0.,   0.,   0.],
   [  6.,   0.,   0.,   0.],
   [  0.,   0.,   0.,   0.],
   [  0.,   0.,   0.,   0.],
   [  0.,   0.,   0.,   0.],
   [  0.,   0.,   0.,   0.],
   [  0.,   0.,   0.,   0.],
   [  0.,   0.,   0.,   0.],
   [  0.,   0.,   0.,   0.],
   [  0.,   0.,   0.,   0.]],

  [[  0.,   0.,   0.,   0.],
   [  0.,   0.,   0.,   0.],
   [  0.,   0.,   0.,   0.],
   [  0.,   0.,   0.,   0.],
   [  0.,   0.,   0.,   0.],
   [  0.,   0.,   0.,   0.],
   [  0.,   0.,   0.,   0.],
   [  0.,   0.,   0.,   0.],
   [  0.,   0.,   0.,   0.],
   [  0.,   0.,   0.,   0.],
   [  0.,   0.,   5.,   3.],
   [  0.,   0.,  17.,  16.],
   [  8.,   0.,  19.,  41.],
   [ 14.,   0.,   0.,  74.],
   [  0.,   0.,   0.,  85.],
   [ 54.,   0.,   0.,  27.],
   [ 89.,   0.,   0.,   0.],
   [ 63.,   0.,   0.,   0.],
   [ 74.,   0.,   0.,   0.],
   [ 27.,   0.,   0.,   0.],
   [  0.,   0.,   0.,   0.],
   [  0.,   0.,   0.,   0.],
   [  0.,   0.,   0.,   0.],
   [  0.,   0.,   0.,   0.],
   [  0.,   0.,   0.,   0.],
   [  0.,   0.,   0.,   0.],
   [  0.,   0.,   0.,   0.],
   [  0.,   0.,   0.,   0.]],

  [[  0.,   0.,   0.,   0.],
   [  0.,   0.,   0.,   0.],
   [  0.,   0.,   0.,   0.],
   [  0.,   0.,   0.,   0.],
   [  0.,   0.,   0.,   0.],
   [  0.,   0.,   0.,   0.],
   [  0.,   0.,   0.,   0.],
   [  0.,   0.,   0.,   0.],
   [  0.,   0.,   0.,   0.],
   [  0.,   0.,   0.,   0.],
   [  0.,   0.,  18.,  14.],
   [  0.,   0.,  26.,  52.],
   [  5.,   0.,   0.,  74.],
   [  0.,   0.,   0.,  66.],
   [ 46.,   0.,   0.,  32.],
   [ 70.,   0.,   0.,   0.],
   [ 46.,   0.,   0.,   2.],
   [ 64.,   0.,  17.,   7.],
   [ 92.,   0.,   0.,   0.],
   [ 63.,   0.,   6.,   0.],
   [  0.,   0.,   0.,   0.],
   [  0.,   0.,   0.,   0.],
   [  0.,   0.,   0.,   0.],
   [  0.,   0.,   0.,   0.],
   [  0.,   0.,   0.,   0.],
   [  0.,   0.,   0.,   0.],
   [  0.,   0.,   0.,   0.],
   [  0.,   0.,   0.,   0.]],

  [[  0.,   0.,   0.,   0.],
   [  0.,   0.,   0.,   0.],
   [  0.,   0.,   0.,   0.],
   [  0.,   0.,   0.,   0.],
   [  0.,   0.,   0.,   0.],
   [  0.,   0.,   0.,   0.],
   [  0.,   0.,   0.,   0.],
   [  0.,   0.,   0.,   0.],
   [  0.,   0.,   0.,   0.],
   [  0.,   0.,   0.,   0.],
   [  0.,   0.,  36.,  38.],
   [  0.,   0.,   0.,  97.],
   [  8.,   0.,   0.,  66.],
   [ 60.,   0.,   0.,  22.],
   [ 72.,   0.,   0.,   0.],
   [ 50.,  22.,   0.,   0.],
   [ 42.,  38.,  20.,   0.],
   [ 22.,   8.,  14.,  44.],
   [ 90.,   0.,   0.,   0.],
   [ 84.,   0.,   6.,   0.],
   [  0.,   0.,   0.,   0.],
   [  0.,   0.,   0.,   0.],
   [  0.,   0.,   0.,   0.],
   [  0.,   0.,   0.,   0.],
   [  0.,   0.,   0.,   0.],
   [  0.,   0.,   0.,   0.],
   [  0.,   0.,   0.,   0.],
   [  0.,   0.,   0.,   0.]],

  [[  0.,   0.,   0.,   0.],
   [  0.,   0.,   0.,   0.],
   [  0.,   0.,   0.,   0.],
   [  0.,   0.,   0.,   0.],
   [  0.,   0.,   0.,   0.],
   [  0.,   0.,   0.,   0.],
   [  0.,   0.,   0.,   0.],
   [  0.,   0.,   0.,   0.],
   [  0.,   0.,   0.,   0.],
   [  0.,   0.,  20.,  12.],
   [  0.,   0.,  27.,  79.],
   [  0.,   0.,   0.,  99.],
   [ 49.,   0.,   0.,  30.],
   [ 78.,   0.,   0.,   0.],
   [ 58.,   6.,   0.,   0.],
   [ 66.,  22.,  22.,   0.],
   [ 14.,  26.,   1.,  11.],
   [  0.,   9.,  17.,  72.],
   [ 44.,   0.,   0.,   8.],
   [114.,   0.,   0.,   0.],
   [ 10.,   0.,   0.,   0.],
   [  0.,   0.,   0.,   0.],
   [  0.,   0.,   0.,   0.],
   [  0.,   0.,   0.,   0.],
   [  0.,   0.,   0.,   0.],
   [  0.,   0.,   0.,   0.],
   [  0.,   0.,   0.,   0.],
   [  0.,   0.,   0.,   0.]],

  [[  0.,   0.,   0.,   0.],
   [  0.,   0.,   0.,   0.],
   [  0.,   0.,   0.,   0.],
   [  0.,   0.,   0.,   0.],
   [  0.,   0.,   0.,   0.],
   [  0.,   0.,   0.,   0.],
   [  0.,   0.,   0.,   0.],
   [  0.,   0.,   0.,   0.],
   [  0.,   0.,   0.,   0.],
   [  0.,   0.,  42.,  38.],
   [  0.,   0.,   0., 110.],
   [ 14.,   0.,   0.,  62.],
   [ 83.,   0.,   0.,   0.],
   [ 60.,   0.,   0.,   0.],
   [ 85.,   3.,  29.,   0.],
   [ 28.,   4.,   0.,   0.],
   [  0.,  11.,   0.,  15.],
   [  0.,  10.,  25.,  78.],
   [ 34.,   0.,   0.,  56.],
   [ 86.,   0.,   0.,   0.],
   [ 43.,   0.,   0.,   0.],
   [  2.,   0.,   0.,   0.],
   [  0.,   0.,   0.,   0.],
   [  0.,   0.,   0.,   0.],
   [  0.,   0.,   0.,   0.],
   [  0.,   0.,   0.,   0.],
   [  0.,   0.,   0.,   0.],
   [  0.,   0.,   0.,   0.]],

  [[  0.,   0.,   0.,   0.],
   [  0.,   0.,   0.,   0.],
   [  0.,   0.,   0.,   0.],
   [  0.,   0.,   0.,   0.],
   [  0.,   0.,   0.,   0.],
   [  0.,   0.,   0.,   0.],
   [  0.,   0.,   0.,   0.],
   [  0.,   0.,   0.,   0.],
   [  0.,   0.,  10.,   6.],
   [  0.,   0.,  30.,  76.],
   [  0.,   0.,   0., 104.],
   [ 68.,   0.,   0.,  16.],
   [ 57.,   0.,   0.,   0.],
   [ 90.,   0.,  24.,   0.],
   [ 40.,   4.,   6.,   0.],
   [  0.,   0.,   0.,   0.],
   [  0.,   6.,   0.,   5.],
   [  0.,  20.,  16.,  68.],
   [  0.,   0.,   0.,  86.],
   [ 89.,   0.,   0.,   0.],
   [ 89.,   0.,   0.,   0.],
   [ 11.,   0.,   0.,   0.],
   [  0.,   0.,   0.,   0.],
   [  0.,   0.,   0.,   0.],
   [  0.,   0.,   0.,   0.],
   [  0.,   0.,   0.,   0.],
   [  0.,   0.,   0.,   0.],
   [  0.,   0.,   0.,   0.]],

  [[  0.,   0.,   0.,   0.],
   [  0.,   0.,   0.,   0.],
   [  0.,   0.,   0.,   0.],
   [  0.,   0.,   0.,   0.],
   [  0.,   0.,   0.,   0.],
   [  0.,   0.,   0.,   0.],
   [  0.,   0.,   0.,   0.],
   [  0.,   0.,   0.,   0.],
   [  0.,   0.,  31.,  25.],
   [  0.,   0.,   1., 102.],
   [  6.,   0.,   0.,  76.],
   [ 72.,   0.,   0.,   0.],
   [ 88.,   0.,   0.,   0.],
   [ 56.,   6.,  13.,   0.],
   [  7.,   1.,   0.,   0.],
   [  0.,   0.,   0.,   0.],
   [  0.,   0.,   0.,   0.],
   [  0.,  25.,   1.,  51.],
   [  0.,   4.,   9.,  86.],
   [ 68.,   0.,   0.,   8.],
   [100.,   0.,   0.,   0.],
   [ 32.,   0.,   0.,   0.],
   [  0.,   0.,   0.,   0.],
   [  0.,   0.,   0.,   0.],
   [  0.,   0.,   0.,   0.],
   [  0.,   0.,   0.,   0.],
   [  0.,   0.,   0.,   0.],
   [  0.,   0.,   0.,   0.]],

  [[  0.,   0.,   0.,   0.],
   [  0.,   0.,   0.,   0.],
   [  0.,   0.,   0.,   0.],
   [  0.,   0.,   0.,   0.],
   [  0.,   0.,   0.,   0.],
   [  0.,   0.,   0.,   0.],
   [  0.,   0.,   0.,   0.],
   [  0.,   0.,   0.,   0.],
   [  0.,   0.,  39.,  53.],
   [  0.,   0.,   0., 110.],
   [ 46.,   0.,   0.,  28.],
   [ 78.,   0.,   0.,   0.],
   [ 79.,   0.,  22.,   0.],
   [ 14.,   2.,   0.,   0.],
   [  0.,   0.,   0.,   0.],
   [  0.,   0.,   0.,   0.],
   [  0.,   0.,   0.,   0.],
   [  0.,  16.,   0.,  25.],
   [  0.,  12.,  19.,  79.],
   [ 28.,   0.,   0.,  59.],
   [102.,   0.,   0.,   0.],
   [ 58.,   0.,   0.,   0.],
   [  0.,   0.,   0.,   0.],
   [  0.,   0.,   0.,   0.],
   [  0.,   0.,   0.,   0.],
   [  0.,   0.,   0.,   0.],
   [  0.,   0.,   0.,   0.],
   [  0.,   0.,   0.,   0.]],

  [[  0.,   0.,   0.,   0.],
   [  0.,   0.,   0.,   0.],
   [  0.,   0.,   0.,   0.],
   [  0.,   0.,   0.,   0.],
   [  0.,   0.,   0.,   0.],
   [  0.,   0.,   0.,   0.],
   [  0.,   0.,   0.,   0.],
   [  0.,   0.,  15.,   9.],
   [  0.,   0.,  24.,  85.],
   [  0.,   0.,   0., 100.],
   [ 77.,   0.,   0.,   0.],
   [ 92.,   0.,   0.,   0.],
   [ 45.,   3.,  12.,   0.],
   [  0.,   0.,   0.,   0.],
   [  0.,   0.,   0.,   0.],
   [  0.,   0.,   0.,   0.],
   [  0.,   0.,   0.,   0.],
   [  0.,  12.,   0.,  10.],
   [  0.,  10.,  32.,  76.],
   [  2.,   0.,   0.,  93.],
   [104.,   0.,   0.,   0.],
   [ 77.,   0.,   6.,   0.],
   [  0.,   0.,   0.,   0.],
   [  0.,   0.,   0.,   0.],
   [  0.,   0.,   0.,   0.],
   [  0.,   0.,   0.,   0.],
   [  0.,   0.,   0.,   0.],
   [  0.,   0.,   0.,   0.]],

  [[  0.,   0.,   0.,   0.],
   [  0.,   0.,   0.,   0.],
   [  0.,   0.,   0.,   0.],
   [  0.,   0.,   0.,   0.],
   [  0.,   0.,   0.,   0.],
   [  0.,   0.,   0.,   0.],
   [  0.,   0.,   0.,   0.],
   [  0.,   0.,  24.,  24.],
   [  0.,   0.,   0.,  96.],
   [ 11.,   0.,   0.,  72.],
   [ 84.,   0.,   0.,   0.],
   [ 88.,   0.,  18.,   0.],
   [ 14.,   2.,   0.,   0.],
   [  0.,   0.,   0.,   0.],
   [  0.,   0.,   0.,   0.],
   [  0.,   0.,   0.,   0.],
   [  0.,   0.,   0.,   0.],
   [  0.,   0.,   5.,   3.],
   [  0.,   0.,  27.,  82.],
   [  0.,   0.,   0., 105.],
   [108.,   0.,   0.,   0.],
   [ 84.,   0.,   6.,   0.],
   [  0.,   0.,   0.,   0.],
   [  0.,   0.,   0.,   0.],
   [  0.,   0.,   0.,   0.],
   [  0.,   0.,   0.,   0.],
   [  0.,   0.,   0.,   0.],
   [  0.,   0.,   0.,   0.]],

  [[  0.,   0.,   0.,   0.],
   [  0.,   0.,   0.,   0.],
   [  0.,   0.,   0.,   0.],
   [  0.,   0.,   0.,   0.],
   [  0.,   0.,   0.,   0.],
   [  0.,   0.,   0.,   0.],
   [  0.,   0.,   0.,   0.],
   [  0.,   3.,  15.,  39.],
   [  0.,   0.,   3.,  93.],
   [ 26.,   0.,   0.,  47.],
   [108.,   0.,   0.,   0.],
   [ 70.,   0.,   4.,   0.],
   [  0.,   0.,   0.,   0.],
   [  0.,   0.,   0.,   0.],
   [  0.,   0.,   0.,   0.],
   [  0.,   0.,   0.,   0.],
   [  0.,   0.,   0.,   0.],
   [  0.,   0.,  18.,  14.],
   [  0.,   0.,  14.,  92.],
   [  0.,   0.,   0.,  89.],
   [102.,   0.,   0.,   0.],
   [ 82.,   0.,  11.,   0.],
   [  0.,   0.,   0.,   0.],
   [  0.,   0.,   0.,   0.],
   [  0.,   0.,   0.,   0.],
   [  0.,   0.,   0.,   0.],
   [  0.,   0.,   0.,   0.],
   [  0.,   0.,   0.,   0.]],

  [[  0.,   0.,   0.,   0.],
   [  0.,   0.,   0.,   0.],
   [  0.,   0.,   0.,   0.],
   [  0.,   0.,   0.,   0.],
   [  0.,   0.,   0.,   0.],
   [  0.,   0.,   0.,   0.],
   [  0.,   0.,   0.,   0.],
   [  0.,   3.,  15.,  39.],
   [  0.,   0.,   3.,  93.],
   [ 38.,   0.,   0.,  37.],
   [100.,   0.,   0.,   0.],
   [ 56.,   0.,   4.,   0.],
   [  0.,   0.,   0.,   0.],
   [  0.,   0.,   0.,   0.],
   [  0.,   0.,   0.,   0.],
   [  0.,   0.,   0.,   0.],
   [  0.,   0.,   0.,   0.],
   [  0.,   0.,  31.,  35.],
   [  0.,   0.,   0., 103.],
   [ 19.,   0.,   0.,  56.],
   [102.,   0.,   0.,   0.],
   [ 75.,   0.,  10.,   0.],
   [  0.,   0.,   0.,   0.],
   [  0.,   0.,   0.,   0.],
   [  0.,   0.,   0.,   0.],
   [  0.,   0.,   0.,   0.],
   [  0.,   0.,   0.,   0.],
   [  0.,   0.,   0.,   0.]],

  [[  0.,   0.,   0.,   0.],
   [  0.,   0.,   0.,   0.],
   [  0.,   0.,   0.,   0.],
   [  0.,   0.,   0.,   0.],
   [  0.,   0.,   0.,   0.],
   [  0.,   0.,   0.,   0.],
   [  0.,   0.,   0.,   0.],
   [  0.,  11.,   5.,  33.],
   [  0.,   5.,   9.,  85.],
   [ 26.,   0.,   0.,  49.],
   [108.,   0.,   0.,   0.],
   [ 66.,   0.,   0.,   0.],
   [  2.,   0.,   0.,   0.],
   [  0.,   0.,   0.,   0.],
   [  0.,   0.,   0.,   0.],
   [  0.,   0.,   0.,   0.],
   [  0.,   0.,   5.,   3.],
   [  0.,   0.,  33.,  62.],
   [  0.,   0.,   0., 106.],
   [ 48.,   0.,   0.,  19.],
   [104.,   0.,   0.,   0.],
   [ 63.,   0.,   4.,   0.],
   [  0.,   0.,   0.,   0.],
   [  0.,   0.,   0.,   0.],
   [  0.,   0.,   0.,   0.],
   [  0.,   0.,   0.,   0.],
   [  0.,   0.,   0.,   0.],
   [  0.,   0.,   0.,   0.]],

  [[  0.,   0.,   0.,   0.],
   [  0.,   0.,   0.,   0.],
   [  0.,   0.,   0.,   0.],
   [  0.,   0.,   0.,   0.],
   [  0.,   0.,   0.,   0.],
   [  0.,   0.,   0.,   0.],
   [  0.,   0.,   0.,   0.],
   [  0.,  17.,   0.,  20.],
   [  0.,  12.,  26.,  77.],
   [ 20.,   0.,   0.,  76.],
   [ 79.,   0.,   0.,   0.],
   [ 92.,   0.,   0.,   0.],
   [ 29.,   0.,   0.,   0.],
   [  4.,   0.,   0.,   0.],
   [  0.,   0.,   0.,   0.],
   [  0.,   0.,   0.,   0.],
   [  0.,   0.,  18.,  14.],
   [  0.,   0.,  17.,  87.],
   [  0.,   0.,   0.,  93.],
   [ 81.,   0.,   0.,   0.],
   [ 88.,   0.,   0.,   0.],
   [ 52.,   0.,  14.,   0.],
   [  0.,   0.,   0.,   0.],
   [  0.,   0.,   0.,   0.],
   [  0.,   0.,   0.,   0.],
   [  0.,   0.,   0.,   0.],
   [  0.,   0.,   0.,   0.],
   [  0.,   0.,   0.,   0.]],

  [[  0.,   0.,   0.,   0.],
   [  0.,   0.,   0.,   0.],
   [  0.,   0.,   0.,   0.],
   [  0.,   0.,   0.,   0.],
   [  0.,   0.,   0.,   0.],
   [  0.,   0.,   0.,   0.],
   [  0.,   0.,   0.,   0.],
   [  0.,   6.,   0.,   5.],
   [  0.,  28.,   6.,  62.],
   [  0.,  12.,   0.,  83.],
   [ 86.,   0.,  22.,   8.],
   [ 70.,   0.,   0.,   0.],
   [ 53.,   0.,   0.,   0.],
   [ 40.,   0.,   0.,   0.],
   [ 16.,   0.,   0.,   6.],
   [  4.,   0.,   1.,  18.],
   [ 15.,   0.,   6.,  49.],
   [  0.,   0.,   0.,  92.],
   [ 28.,   0.,   0.,  55.],
   [ 72.,   0.,   0.,   0.],
   [ 82.,   0.,  11.,   0.],
   [ 38.,   2.,  12.,   0.],
   [  0.,   0.,   0.,   0.],
   [  0.,   0.,   0.,   0.],
   [  0.,   0.,   0.,   0.],
   [  0.,   0.,   0.,   0.],
   [  0.,   0.,   0.,   0.],
   [  0.,   0.,   0.,   0.]],

  [[  0.,   0.,   0.,   0.],
   [  0.,   0.,   0.,   0.],
   [  0.,   0.,   0.,   0.],
   [  0.,   0.,   0.,   0.],
   [  0.,   0.,   0.,   0.],
   [  0.,   0.,   0.,   0.],
   [  0.,   0.,   0.,   0.],
   [  0.,   0.,   0.,   0.],
   [  0.,  31.,   0.,  38.],
   [  0.,  11.,  26.,  78.],
   [ 31.,   0.,   0.,  68.],
   [ 90.,   0.,   0.,   0.],
   [ 83.,   0.,   0.,   0.],
   [ 47.,   0.,   0.,   0.],
   [ 40.,   0.,   0.,  10.],
   [ 36.,   0.,   0.,  34.],
   [  9.,   0.,   0.,  58.],
   [  7.,   0.,   0.,  58.],
   [ 60.,   0.,   0.,   0.],
   [ 78.,   0.,   0.,   0.],
   [ 65.,   7.,  20.,   0.],
   [ 14.,   2.,   0.,   0.],
   [  0.,   0.,   0.,   0.],
   [  0.,   0.,   0.,   0.],
   [  0.,   0.,   0.,   0.],
   [  0.,   0.,   0.,   0.],
   [  0.,   0.,   0.,   0.],
   [  0.,   0.,   0.,   0.]],

  [[  0.,   0.,   0.,   0.],
   [  0.,   0.,   0.,   0.],
   [  0.,   0.,   0.,   0.],
   [  0.,   0.,   0.,   0.],
   [  0.,   0.,   0.,   0.],
   [  0.,   0.,   0.,   0.],
   [  0.,   0.,   0.,   0.],
   [  0.,   0.,   0.,   0.],
   [  0.,   5.,   0.,  10.],
   [  0.,  32.,   0.,  61.],
   [  0.,  26.,   0.,  66.],
   [ 42.,   0.,  18.,  28.],
   [ 68.,   0.,   0.,  19.],
   [ 80.,   0.,   0.,   4.],
   [ 65.,   0.,   0.,  11.],
   [ 39.,   0.,   0.,  31.],
   [ 41.,   0.,   0.,  34.],
   [ 63.,   0.,   0.,  20.],
   [ 84.,   0.,   0.,   0.],
   [ 94.,   0.,  14.,   0.],
   [ 21.,   3.,   0.,   0.],
   [  0.,   0.,   0.,   0.],
   [  0.,   0.,   0.,   0.],
   [  0.,   0.,   0.,   0.],
   [  0.,   0.,   0.,   0.],
   [  0.,   0.,   0.,   0.],
   [  0.,   0.,   0.,   0.],
   [  0.,   0.,   0.,   0.]],

  [[  0.,   0.,   0.,   0.],
   [  0.,   0.,   0.,   0.],
   [  0.,   0.,   0.,   0.],
   [  0.,   0.,   0.,   0.],
   [  0.,   0.,   0.,   0.],
   [  0.,   0.,   0.,   0.],
   [  0.,   0.,   0.,   0.],
   [  0.,   0.,   0.,   0.],
   [  0.,   6.,   0.,   5.],
   [  0.,  38.,   0.,  29.],
   [  7.,  45.,   0.,  39.],
   [ 20.,  44.,   0.,  35.],
   [ 14.,  13.,  15.,  30.],
   [ 56.,   0.,   7.,  33.],
   [ 66.,   0.,   0.,  18.],
   [ 74.,   0.,   0.,  12.],
   [ 58.,   0.,   0.,   7.],
   [ 77.,   0.,   0.,   0.],
   [ 76.,   0.,   0.,   0.],
   [ 67.,   1.,  30.,   0.],
   [  0.,   0.,   0.,   0.],
   [  0.,   0.,   0.,   0.],
   [  0.,   0.,   0.,   0.],
   [  0.,   0.,   0.,   0.],
   [  0.,   0.,   0.,   0.],
   [  0.,   0.,   0.,   0.],
   [  0.,   0.,   0.,   0.],
   [  0.,   0.,   0.,   0.]],

  [[  0.,   0.,   0.,   0.],
   [  0.,   0.,   0.,   0.],
   [  0.,   0.,   0.,   0.],
   [  0.,   0.,   0.,   0.],
   [  0.,   0.,   0.,   0.],
   [  0.,   0.,   0.,   0.],
   [  0.,   0.,   0.,   0.],
   [  0.,   0.,   0.,   0.],
   [  0.,   0.,   0.,   0.],
   [  0.,   0.,   0.,   0.],
   [  0.,  24.,   0.,  20.],
   [  0.,  43.,   0.,  31.],
   [ 28.,  46.,   0.,  36.],
   [ 17.,  47.,   0.,  29.],
   [ 42.,  42.,   0.,   0.],
   [ 36.,  44.,   0.,   0.],
   [ 51.,  43.,  11.,   0.],
   [ 26.,  44.,   0.,   0.],
   [ 87.,  11.,  35.,   0.],
   [ 35.,   5.,   0.,   0.],
   [  0.,   0.,   0.,   0.],
   [  0.,   0.,   0.,   0.],
   [  0.,   0.,   0.,   0.],
   [  0.,   0.,   0.,   0.],
   [  0.,   0.,   0.,   0.],
   [  0.,   0.,   0.,   0.],
   [  0.,   0.,   0.,   0.],
   [  0.,   0.,   0.,   0.]],

  [[  0.,   0.,   0.,   0.],
   [  0.,   0.,   0.,   0.],
   [  0.,   0.,   0.,   0.],
   [  0.,   0.,   0.,   0.],
   [  0.,   0.,   0.,   0.],
   [  0.,   0.,   0.,   0.],
   [  0.,   0.,   0.,   0.],
   [  0.,   0.,   0.,   0.],
   [  0.,   0.,   0.,   0.],
   [  0.,   0.,   0.,   0.],
   [  0.,   0.,   0.,   0.],
   [  0.,   6.,   0.,   5.],
   [  0.,  38.,   0.,  29.],
   [  0.,  49.,   0.,  19.],
   [ 30.,  54.,   0.,   0.],
   [ 42.,  42.,   0.,   0.],
   [ 28.,  44.,   0.,   0.],
   [ 48.,  14.,   5.,   0.],
   [ 35.,   5.,   0.,   0.],
   [  0.,   0.,   0.,   0.],
   [  0.,   0.,   0.,   0.],
   [  0.,   0.,   0.,   0.],
   [  0.,   0.,   0.,   0.],
   [  0.,   0.,   0.,   0.],
   [  0.,   0.,   0.,   0.],
   [  0.,   0.,   0.,   0.],
   [  0.,   0.,   0.,   0.],
   [  0.,   0.,   0.,   0.]],

  [[  0.,   0.,   0.,   0.],
   [  0.,   0.,   0.,   0.],
   [  0.,   0.,   0.,   0.],
   [  0.,   0.,   0.,   0.],
   [  0.,   0.,   0.,   0.],
   [  0.,   0.,   0.,   0.],
   [  0.,   0.,   0.,   0.],
   [  0.,   0.,   0.,   0.],
   [  0.,   0.,   0.,   0.],
   [  0.,   0.,   0.,   0.],
   [  0.,   0.,   0.,   0.],
   [  0.,   0.,   0.,   0.],
   [  0.,   0.,   0.,   0.],
   [  0.,   0.,   0.,   0.],
   [  0.,   0.,   0.,   0.],
   [  0.,   0.,   0.,   0.],
   [  0.,   0.,   0.,   0.],
   [  0.,   0.,   0.,   0.],
   [  0.,   0.,   0.,   0.],
   [  0.,   0.,   0.,   0.],
   [  0.,   0.,   0.,   0.],
   [  0.,   0.,   0.,   0.],
   [  0.,   0.,   0.,   0.],
   [  0.,   0.,   0.,   0.],
   [  0.,   0.,   0.,   0.],
   [  0.,   0.,   0.,   0.],
   [  0.,   0.,   0.,   0.],
   [  0.,   0.,   0.,   0.]],

  [[  0.,   0.,   0.,   0.],
   [  0.,   0.,   0.,   0.],
   [  0.,   0.,   0.,   0.],
   [  0.,   0.,   0.,   0.],
   [  0.,   0.,   0.,   0.],
   [  0.,   0.,   0.,   0.],
   [  0.,   0.,   0.,   0.],
   [  0.,   0.,   0.,   0.],
   [  0.,   0.,   0.,   0.],
   [  0.,   0.,   0.,   0.],
   [  0.,   0.,   0.,   0.],
   [  0.,   0.,   0.,   0.],
   [  0.,   0.,   0.,   0.],
   [  0.,   0.,   0.,   0.],
   [  0.,   0.,   0.,   0.],
   [  0.,   0.,   0.,   0.],
   [  0.,   0.,   0.,   0.],
   [  0.,   0.,   0.,   0.],
   [  0.,   0.,   0.,   0.],
   [  0.,   0.,   0.,   0.],
   [  0.,   0.,   0.,   0.],
   [  0.,   0.,   0.,   0.],
   [  0.,   0.,   0.,   0.],
   [  0.,   0.,   0.,   0.],
   [  0.,   0.,   0.,   0.],
   [  0.,   0.,   0.,   0.],
   [  0.,   0.,   0.,   0.],
   [  0.,   0.,   0.,   0.]],

  [[  0.,   0.,   0.,   0.],
   [  0.,   0.,   0.,   0.],
   [  0.,   0.,   0.,   0.],
   [  0.,   0.,   0.,   0.],
   [  0.,   0.,   0.,   0.],
   [  0.,   0.,   0.,   0.],
   [  0.,   0.,   0.,   0.],
   [  0.,   0.,   0.,   0.],
   [  0.,   0.,   0.,   0.],
   [  0.,   0.,   0.,   0.],
   [  0.,   0.,   0.,   0.],
   [  0.,   0.,   0.,   0.],
   [  0.,   0.,   0.,   0.],
   [  0.,   0.,   0.,   0.],
   [  0.,   0.,   0.,   0.],
   [  0.,   0.,   0.,   0.],
   [  0.,   0.,   0.,   0.],
   [  0.,   0.,   0.,   0.],
   [  0.,   0.,   0.,   0.],
   [  0.,   0.,   0.,   0.],
   [  0.,   0.,   0.,   0.],
   [  0.,   0.,   0.,   0.],
   [  0.,   0.,   0.,   0.],
   [  0.,   0.,   0.,   0.],
   [  0.,   0.,   0.,   0.],
   [  0.,   0.,   0.,   0.],
   [  0.,   0.,   0.,   0.],
   [  0.,   0.,   0.,   0.]]]]

🔹 Layer: average_pooling2d_2
   📐 Output Shape: (1, 14, 14, 4)
   🔢 Output Values:
[[[[ 0.  ,  0.  ,  0.  ,  0.  ],
   [ 0.  ,  0.  ,  0.  ,  0.  ],
   [ 0.  ,  0.  ,  0.  ,  0.  ],
   [ 0.  ,  0.  ,  0.  ,  0.  ],
   [ 0.  ,  0.  ,  0.  ,  0.  ],
   [ 0.  ,  0.  ,  0.  ,  0.  ],
   [ 0.  ,  0.  ,  0.  ,  0.  ],
   [ 0.  ,  0.  ,  0.  ,  0.  ],
   [ 0.  ,  0.  ,  0.  ,  0.  ],
   [ 0.  ,  0.  ,  0.  ,  0.  ],
   [ 0.  ,  0.  ,  0.  ,  0.  ],
   [ 0.  ,  0.  ,  0.  ,  0.  ],
   [ 0.  ,  0.  ,  0.  ,  0.  ],
   [ 0.  ,  0.  ,  0.  ,  0.  ]],

  [[ 0.  ,  0.  ,  0.  ,  0.  ],
   [ 0.  ,  0.  ,  0.  ,  0.  ],
   [ 0.  ,  0.  ,  0.  ,  0.  ],
   [ 0.  ,  0.  ,  0.  ,  0.  ],
   [ 0.  ,  0.  ,  0.  ,  0.  ],
   [ 0.  ,  0.  ,  0.  ,  0.  ],
   [ 0.  ,  0.  ,  2.5 ,  1.5 ],
   [ 7.5 ,  0.  ,  7.25, 15.75],
   [12.5 ,  0.  ,  0.  ,  0.25],
   [ 1.  ,  0.  ,  0.  ,  0.  ],
   [ 0.  ,  0.  ,  0.  ,  0.  ],
   [ 0.  ,  0.  ,  0.  ,  0.  ],
   [ 0.  ,  0.  ,  0.  ,  0.  ],
   [ 0.  ,  0.  ,  0.  ,  0.  ]],

  [[ 0.  ,  0.  ,  0.  ,  0.  ],
   [ 0.  ,  0.  ,  0.  ,  0.  ],
   [ 0.  ,  0.  ,  0.  ,  0.  ],
   [ 0.  ,  0.  ,  0.  ,  0.  ],
   [ 0.  ,  0.  ,  0.  ,  0.  ],
   [ 0.  ,  0.  ,  5.5 ,  4.75],
   [ 5.5 ,  0.  , 14.75, 39.25],
   [20.75,  0.  ,  2.25, 57.75],
   [59.25,  0.  ,  0.5 ,  0.  ],
   [36.75,  0.  ,  0.  ,  0.  ],
   [ 0.  ,  0.  ,  0.  ,  0.  ],
   [ 0.  ,  0.  ,  0.  ,  0.  ],
   [ 0.  ,  0.  ,  0.  ,  0.  ],
   [ 0.  ,  0.  ,  0.  ,  0.  ]],

  [[ 0.  ,  0.  ,  0.  ,  0.  ],
   [ 0.  ,  0.  ,  0.  ,  0.  ],
   [ 0.  ,  0.  ,  0.  ,  0.  ],
   [ 0.  ,  0.  ,  0.  ,  0.  ],
   [ 0.  ,  0.  ,  0.  ,  0.  ],
   [ 0.  ,  0.  , 20.  , 50.25],
   [18.25,  0.  ,  0.  , 57.  ],
   [59.5 ,  5.5 ,  0.  ,  8.  ],
   [43.5 , 11.5 , 12.75, 13.25],
   [82.25,  0.  ,  3.  ,  0.  ],
   [ 0.  ,  0.  ,  0.  ,  0.  ],
   [ 0.  ,  0.  ,  0.  ,  0.  ],
   [ 0.  ,  0.  ,  0.  ,  0.  ],
   [ 0.  ,  0.  ,  0.  ,  0.  ]],

  [[ 0.  ,  0.  ,  0.  ,  0.  ],
   [ 0.  ,  0.  ,  0.  ,  0.  ],
   [ 0.  ,  0.  ,  0.  ,  0.  ],
   [ 0.  ,  0.  ,  0.  ,  0.  ],
   [ 0.  ,  0.  , 15.5 , 12.5 ],
   [ 3.5 ,  0.  ,  6.75, 87.5 ],
   [67.5 ,  0.  ,  0.  ,  7.5 ],
   [59.25,  8.75, 12.75,  0.  ],
   [ 3.5 , 14.  , 10.75, 44.  ],
   [69.5 ,  0.  ,  0.  , 16.  ],
   [13.75,  0.  ,  0.  ,  0.  ],
   [ 0.  ,  0.  ,  0.  ,  0.  ],
   [ 0.  ,  0.  ,  0.  ,  0.  ],
   [ 0.  ,  0.  ,  0.  ,  0.  ]],

  [[ 0.  ,  0.  ,  0.  ,  0.  ],
   [ 0.  ,  0.  ,  0.  ,  0.  ],
   [ 0.  ,  0.  ,  0.  ,  0.  ],
   [ 0.  ,  0.  ,  0.  ,  0.  ],
   [ 0.  ,  0.  , 18.  , 52.25],
   [36.5 ,  0.  ,  0.  , 49.  ],
   [72.75,  1.5 ,  9.25,  0.  ],
   [11.75,  1.25,  1.5 ,  0.  ],
   [ 0.  , 12.75,  4.25, 31.  ],
   [39.25,  1.  ,  2.25, 45.  ],
   [58.  ,  0.  ,  0.  ,  0.  ],
   [ 0.  ,  0.  ,  0.  ,  0.  ],
   [ 0.  ,  0.  ,  0.  ,  0.  ],
   [ 0.  ,  0.  ,  0.  ,  0.  ]],

  [[ 0.  ,  0.  ,  0.  ,  0.  ],
   [ 0.  ,  0.  ,  0.  ,  0.  ],
   [ 0.  ,  0.  ,  0.  ,  0.  ],
   [ 0.  ,  0.  ,  3.75,  2.25],
   [ 0.  ,  0.  , 15.75, 87.  ],
   [73.25,  0.  ,  0.  ,  7.  ],
   [34.5 ,  1.25,  8.5 ,  0.  ],
   [ 0.  ,  0.  ,  0.  ,  0.  ],
   [ 0.  ,  7.  ,  0.  ,  8.75],
   [ 7.5 ,  5.5 , 12.75, 76.75],
   [85.25,  0.  ,  1.5 ,  0.  ],
   [ 0.  ,  0.  ,  0.  ,  0.  ],
   [ 0.  ,  0.  ,  0.  ,  0.  ],
   [ 0.  ,  0.  ,  0.  ,  0.  ]],

  [[ 0.  ,  0.  ,  0.  ,  0.  ],
   [ 0.  ,  0.  ,  0.  ,  0.  ],
   [ 0.  ,  0.  ,  0.  ,  0.  ],
   [ 0.  ,  0.75,  9.75, 15.75],
   [ 9.25,  0.  ,  0.75, 77.  ],
   [87.5 ,  0.  ,  5.5 ,  0.  ],
   [ 3.5 ,  0.5 ,  0.  ,  0.  ],
   [ 0.  ,  0.  ,  0.  ,  0.  ],
   [ 0.  ,  0.  ,  5.75,  4.25],
   [ 0.  ,  0.  , 10.25, 92.  ],
   [94.  ,  0.  ,  4.25,  0.  ],
   [ 0.  ,  0.  ,  0.  ,  0.  ],
   [ 0.  ,  0.  ,  0.  ,  0.  ],
   [ 0.  ,  0.  ,  0.  ,  0.  ]],

  [[ 0.  ,  0.  ,  0.  ,  0.  ],
   [ 0.  ,  0.  ,  0.  ,  0.  ],
   [ 0.  ,  0.  ,  0.  ,  0.  ],
   [ 0.  ,  3.5 ,  5.  , 18.  ],
   [16.  ,  1.25,  3.  , 66.  ],
   [82.5 ,  0.  ,  1.  ,  0.  ],
   [ 0.5 ,  0.  ,  0.  ,  0.  ],
   [ 0.  ,  0.  ,  0.  ,  0.  ],
   [ 0.  ,  0.  , 17.25, 25.  ],
   [16.75,  0.  ,  0.  , 71.  ],
   [86.  ,  0.  ,  3.5 ,  0.  ],
   [ 0.  ,  0.  ,  0.  ,  0.  ],
   [ 0.  ,  0.  ,  0.  ,  0.  ],
   [ 0.  ,  0.  ,  0.  ,  0.  ]],

  [[ 0.  ,  0.  ,  0.  ,  0.  ],
   [ 0.  ,  0.  ,  0.  ,  0.  ],
   [ 0.  ,  0.  ,  0.  ,  0.  ],
   [ 0.  ,  5.75,  0.  ,  6.25],
   [ 5.  , 13.  ,  8.  , 74.5 ],
   [81.75,  0.  ,  5.5 ,  2.  ],
   [31.5 ,  0.  ,  0.  ,  0.  ],
   [ 5.  ,  0.  ,  0.25,  6.  ],
   [ 3.75,  0.  , 10.25, 60.5 ],
   [45.25,  0.  ,  0.  , 37.  ],
   [65.  ,  0.5 ,  9.25,  0.  ],
   [ 0.  ,  0.  ,  0.  ,  0.  ],
   [ 0.  ,  0.  ,  0.  ,  0.  ],
   [ 0.  ,  0.  ,  0.  ,  0.  ]],

  [[ 0.  ,  0.  ,  0.  ,  0.  ],
   [ 0.  ,  0.  ,  0.  ,  0.  ],
   [ 0.  ,  0.  ,  0.  ,  0.  ],
   [ 0.  ,  0.  ,  0.  ,  0.  ],
   [ 0.  , 19.75,  6.5 , 46.75],
   [40.75,  6.5 ,  4.5 , 40.5 ],
   [69.5 ,  0.  ,  0.  ,  5.75],
   [45.  ,  0.  ,  0.  , 21.5 ],
   [30.  ,  0.  ,  0.  , 42.5 ],
   [79.  ,  0.  ,  3.5 ,  0.  ],
   [25.  ,  3.  ,  5.  ,  0.  ],
   [ 0.  ,  0.  ,  0.  ,  0.  ],
   [ 0.  ,  0.  ,  0.  ,  0.  ],
   [ 0.  ,  0.  ,  0.  ,  0.  ]],

  [[ 0.  ,  0.  ,  0.  ,  0.  ],
   [ 0.  ,  0.  ,  0.  ,  0.  ],
   [ 0.  ,  0.  ,  0.  ,  0.  ],
   [ 0.  ,  0.  ,  0.  ,  0.  ],
   [ 0.  , 11.  ,  0.  ,  8.5 ],
   [ 6.75, 39.  ,  0.  , 31.25],
   [28.75, 26.5 ,  5.5 , 32.  ],
   [54.5 , 21.5 ,  0.  ,  7.5 ],
   [53.  , 21.75,  2.75,  1.75],
   [66.25,  4.25, 16.25,  0.  ],
   [ 0.  ,  0.  ,  0.  ,  0.  ],
   [ 0.  ,  0.  ,  0.  ,  0.  ],
   [ 0.  ,  0.  ,  0.  ,  0.  ],
   [ 0.  ,  0.  ,  0.  ,  0.  ]],

  [[ 0.  ,  0.  ,  0.  ,  0.  ],
   [ 0.  ,  0.  ,  0.  ,  0.  ],
   [ 0.  ,  0.  ,  0.  ,  0.  ],
   [ 0.  ,  0.  ,  0.  ,  0.  ],
   [ 0.  ,  0.  ,  0.  ,  0.  ],
   [ 0.  ,  1.5 ,  0.  ,  1.25],
   [ 0.  , 21.75,  0.  , 12.  ],
   [18.  , 24.  ,  0.  ,  0.  ],
   [19.  , 14.5 ,  1.25,  0.  ],
   [ 8.75,  1.25,  0.  ,  0.  ],
   [ 0.  ,  0.  ,  0.  ,  0.  ],
   [ 0.  ,  0.  ,  0.  ,  0.  ],
   [ 0.  ,  0.  ,  0.  ,  0.  ],
   [ 0.  ,  0.  ,  0.  ,  0.  ]],

  [[ 0.  ,  0.  ,  0.  ,  0.  ],
   [ 0.  ,  0.  ,  0.  ,  0.  ],
   [ 0.  ,  0.  ,  0.  ,  0.  ],
   [ 0.  ,  0.  ,  0.  ,  0.  ],
   [ 0.  ,  0.  ,  0.  ,  0.  ],
   [ 0.  ,  0.  ,  0.  ,  0.  ],
   [ 0.  ,  0.  ,  0.  ,  0.  ],
   [ 0.  ,  0.  ,  0.  ,  0.  ],
   [ 0.  ,  0.  ,  0.  ,  0.  ],
   [ 0.  ,  0.  ,  0.  ,  0.  ],
   [ 0.  ,  0.  ,  0.  ,  0.  ],
   [ 0.  ,  0.  ,  0.  ,  0.  ],
   [ 0.  ,  0.  ,  0.  ,  0.  ],
   [ 0.  ,  0.  ,  0.  ,  0.  ]]]]

🔹 Layer: conv2d_3
   📐 Output Shape: (1, 12, 12, 8)
   🔢 Output Values:
[[[[   0.  ,    0.  ,    0.  ,    0.  ,    0.  ,    0.  ,    0.  ,    0.  ],
   [   0.  ,    0.  ,    0.  ,    0.  ,    0.  ,    0.  ,    0.  ,    0.  ],
   [   0.  ,    0.  ,    0.  ,    0.  ,    0.  ,    0.  ,    0.  ,    0.  ],
   [  21.25,   16.5 ,    0.  ,   29.  ,    0.  ,   12.  ,   26.75,    0.  ],
   [ 163.75,   24.25,    0.  ,    0.  ,    0.  ,  211.5 ,   31.  ,    0.  ],
   [ 418.5 ,    0.  ,    0.  ,    0.  ,    0.  ,  475.5 ,    0.  ,    0.  ],
   [ 344.25,    0.  ,   42.  ,    0.  ,  362.  ,  132.75,    0.  ,    0.  ],
   [ 142.25,    0.  ,   87.5 ,  162.5 ,  647.25,    0.  ,    0.  ,    0.  ],
   [ 516.25,  288.5 ,   83.5 ,  555.75,   10.75,    0.  ,    0.  ,    0.  ],
   [ 219.5 ,  180.75,    0.  ,  183.75,    0.  ,    0.  ,    0.  ,  144.  ],
   [   0.  ,    0.  ,    0.  ,    0.  ,    0.  ,    0.  ,    0.  ,    0.  ],
   [   0.  ,    0.  ,    0.  ,    0.  ,    0.  ,    0.  ,    0.  ,    0.  ]],

  [[   0.  ,    0.  ,    0.  ,    0.  ,    0.  ,    0.  ,    0.  ,    0.  ],
   [   0.  ,    0.  ,    0.  ,    0.  ,    0.  ,    0.  ,    0.  ,    0.  ],
   [   0.  ,    0.  ,    0.  ,    0.  ,    0.  ,    0.  ,    0.  ,    0.  ],
   [ 145.  ,   56.25,    0.  ,    6.25,    0.  ,  293.5 ,  127.  ,    0.  ],
   [ 661.75,  105.  ,    0.  ,    0.  ,    0.  ,  622.25,    0.  ,    0.  ],
   [ 606.75,  248.  ,    0.  ,    0.  ,  429.75,  696.  ,    0.  ,    0.  ],
   [   0.  ,   82.25,    0.  ,    0.  ,  568.25,    0.  ,    0.  ,   57.25],
   [ 384.5 ,    0.  ,   47.75,  177.5 ,  667.  ,    0.  ,    0.  ,  276.25],
   [ 163.75,    0.  ,  554.75,  860.5 ,  511.5 ,    0.  ,    0.  ,    0.  ],
   [ 437.75,  298.  ,    0.  ,  428.25,    0.  ,    0.  ,    0.  ,  191.75],
   [   0.  ,    0.  ,    0.  ,    0.  ,    0.  ,    0.  ,    0.  ,    0.  ],
   [   0.  ,    0.  ,    0.  ,    0.  ,    0.  ,    0.  ,    0.  ,    0.  ]],

  [[   0.  ,    0.  ,    0.  ,    0.  ,    0.  ,    0.  ,    0.  ,    0.  ],
   [   0.  ,    0.  ,    0.  ,    0.  ,    0.  ,    0.  ,    0.  ,    0.  ],
   [  59.  ,   46.5 ,    0.  ,   83.5 ,    0.  ,   28.5 ,   74.5 ,    0.  ],
   [ 564.  ,  173.75,    0.  ,    0.  ,    0.  ,  841.  ,    0.  ,    0.  ],
   [1224.75,  416.5 ,    0.  ,    0.  ,  322.75, 1069.75,    0.  ,    0.  ],
   [  28.75,    0.  ,    0.  ,    0.  ,  953.  ,  174.25,    0.  ,    0.  ],
   [   6.  ,    0.  ,    0.  ,  309.  ,    0.  ,    0.  ,    0.  ,  466.  ],
   [ 434.75,    0.  ,    0.  ,  265.  ,    0.  ,    0.  ,    0.  ,    0.  ],
   [   0.  ,    0.  ,  703.75,  749.75,  743.  ,    0.  ,    0.  ,    0.  ],
   [ 267.75,  161.75,    0.  ,  479.25,   38.  ,    0.  ,    0.  ,    0.  ],
   [  82.5 ,   68.75,    0.  ,   68.75,    0.  ,    0.  ,    0.  ,   55.  ],
   [   0.  ,    0.  ,    0.  ,    0.  ,    0.  ,    0.  ,    0.  ,    0.  ]],

  [[   0.  ,    0.  ,    0.  ,    0.  ,    0.  ,    0.  ,    0.  ,    0.  ],
   [   0.  ,    0.  ,    0.  ,    0.  ,    0.  ,    0.  ,    0.  ,    0.  ],
   [ 199.75,   39.  ,    0.  ,    0.  ,    0.  ,  402.5 ,  117.75,    0.  ],
   [1364.25,  399.  ,    0.  ,    0.  ,   11.75, 1281.5 ,    0.  ,    0.  ],
   [ 358.25,   69.  ,    0.  ,    0.  ,  564.  ,  750.75,    0.  ,    0.  ],
   [   0.  ,    0.  ,    0.  ,  387.  ,  263.75,    0.  ,    0.  ,  496.5 ],
   [ 756.25,    0.  ,    0.  ,  634.25,    0.  ,    0.  ,    0.  ,  204.  ],
   [   0.  ,  599.5 ,    0.  ,    0.  ,    0.  ,    0.  ,    0.  ,    0.  ],
   [ 273.  ,    0.  ,  231.5 ,  444.25,  495.  ,    0.  ,    0.  ,   34.75],
   [   0.  ,    5.25,  282.25,  686.  ,  362.25,    0.  ,    0.  ,    0.  ],
   [ 334.25,  248.75,    0.  ,  290.  ,    0.  ,    0.  ,    0.  ,  190.75],
   [   0.  ,    0.  ,    0.  ,    0.  ,    0.  ,    0.  ,    0.  ,    0.  ]],

  [[   0.  ,    0.  ,    0.  ,    0.  ,    0.  ,    0.  ,    0.  ,    0.  ],
   [  13.5 ,   11.25,    0.  ,   21.75,    0.  ,    2.25,   17.25,    0.  ],
   [ 587.25,  273.25,    0.  ,    0.  ,    0.  ,  955.75,    7.5 ,    0.  ],
   [1485.25,  300.  ,    0.  ,    0.  ,  440.75, 1214.75,    0.  ,    0.  ],
   [   0.  ,    0.  ,    0.  ,    0.  ,  418.25,    0.  ,  239.  ,  106.  ],
   [ 469.25,    0.  ,    0.  , 1163.5 ,    0.  ,    0.  ,    0.  ,  488.75],
   [ 728.75,    0.  ,    0.  ,  767.5 ,    0.  ,    0.  ,    0.  ,    0.  ],
   [   0.  ,  656.5 ,    0.  ,    0.  ,    0.  ,  674.5 ,  307.5 ,    0.  ],
   [ 677.25,    0.  ,    0.  ,    0.  ,  110.25,    0.  ,    0.  ,   94.5 ],
   [   0.  ,    0.  ,  614.25,  831.25,  786.  ,    0.  ,    0.  ,    0.  ],
   [ 430.75,  290.5 ,    0.  ,  461.25,    0.  ,    0.  ,    0.  ,   74.  ],
   [   0.  ,    0.  ,    0.  ,    0.  ,    0.  ,    0.  ,    0.  ,    0.  ]],

  [[   0.  ,    0.  ,    0.  ,    0.  ,    0.  ,    0.  ,    0.  ,    0.  ],
   [  67.5 ,   20.25,    0.  ,   18.  ,    0.  ,  102.  ,   52.5 ,    0.  ],
   [1076.  ,  302.5 ,    0.  ,    0.  ,    0.  , 1384.5 ,    0.  ,    0.  ],
   [ 556.  ,  362.5 ,    0.  ,    0.  ,  229.75,  877.25,    0.  ,    0.  ],
   [   0.  ,    0.  ,    0.  ,  325.75,  415.75,    0.  ,    0.  ,  342.5 ],
   [ 686.  ,    0.  ,    0.  , 1287.5 ,    0.  ,    0.  ,    0.  ,  153.75],
   [ 259.25,    0.  ,   62.75,  461.  ,    0.  ,    0.  ,    0.  ,    0.  ],
   [ 621.25,  311.75,    0.  ,    0.  ,    0.  , 1300.5 ,    0.  ,    0.  ],
   [ 506.75,  137.5 ,    0.  ,    0.  ,    0.  ,   11.75,   30.75,    0.  ],
   [   0.  ,    0.  ,  453.  , 1229.5 ,  887.5 ,    0.  ,    0.  ,    0.  ],
   [ 393.75,  372.25,    0.  ,  604.25,    0.  ,    0.  ,    0.  ,    0.  ],
   [   0.  ,    0.  ,    0.  ,    0.  ,    0.  ,    0.  ,    0.  ,    0.  ]],

  [[   0.  ,    0.  ,    0.  ,    0.  ,    0.  ,    0.  ,    0.  ,    0.  ],
   [ 173.5 ,   56.  ,    0.  ,    0.  ,    0.  ,  272.75,    2.25,    0.  ],
   [1183.25,  342.  ,    0.  ,    0.  ,    0.  , 1475.25,    0.  ,    0.  ],
   [   0.  ,  148.25,    0.  ,    0.  ,    0.  ,  476.5 ,  137.5 ,  200.75],
   [  32.5 ,    0.  ,    0.  , 1286.75,  507.5 ,    0.  ,    0.  ,   65.75],
   [ 496.5 ,   83.5 ,    0.  ,  848.5 ,    0.  ,    0.  ,    0.  ,    0.  ],
   [ 176.  ,   42.5 ,    0.  ,  246.25,    0.  ,   32.75,    0.  ,    0.  ],
   [1299.75,  176.5 ,    0.  ,    0.  ,    0.  , 1556.25,    0.  ,    0.  ],
   [   0.  ,  493.25,    0.  ,    0.  ,    0.  ,  578.5 ,  486.5 ,    0.  ],
   [  60.  ,    0.  ,  152.25, 1551.75,  681.5 ,    0.  ,    0.  ,  303.25],
   [ 317.5 ,  368.  ,    0.  ,  617.  ,    0.  ,    0.  ,    0.  ,    0.  ],
   [   0.  ,    0.  ,    0.  ,    0.  ,    0.  ,    0.  ,    0.  ,    0.  ]],

  [[   0.  ,    0.  ,    0.  ,    0.  ,    0.  ,    0.  ,    0.  ,    0.  ],
   [ 253.25,   71.5 ,    0.  ,    0.  ,    0.  ,  332.  ,    0.  ,   15.25],
   [ 864.25,  232.  ,    0.  ,    0.  ,    0.  , 1391.25,    0.  ,    0.  ],
   [   0.  ,   61.  ,    0.  ,    0.  ,    0.  ,  212.  ,  224.25,  157.5 ],
   [ 182.25,    0.  ,    0.  , 1314.5 ,  704.75,    0.  ,    0.  ,    0.  ],
   [ 502.75,  368.  ,    0.  ,  836.5 ,    0.  ,    0.  ,    0.  ,    0.  ],
   [ 559.25,  245.5 ,    0.  ,    0.  ,    0.  ,  426.75,    0.  ,    0.  ],
   [1489.75,  280.  ,    0.  ,    0.  ,  258.  , 1356.5 ,    0.  ,    0.  ],
   [   0.  ,  100.  ,    0.  ,    0.  ,  101.25,  259.25,  410.  ,  163.5 ],
   [ 592.  ,    0.  ,    0.  , 1826.5 ,  335.25,    0.  ,    0.  ,  437.25],
   [ 166.5 ,  291.75,    0.  ,  573.  ,    0.  ,    0.  ,    0.  ,    0.  ],
   [   0.  ,    0.  ,    0.  ,    0.  ,    0.  ,    0.  ,    0.  ,    0.  ]],

  [[   0.  ,    0.  ,    0.  ,    0.  ,    0.  ,    0.  ,    0.  ,    0.  ],
   [ 141.  ,    7.  ,    0.  ,   42.25,   60.5 ,  167.5 ,    0.  ,    5.5 ],
   [ 821.75,  185.5 ,    0.  ,    0.  ,    0.  , 1245.25,    0.  ,    0.  ],
   [   0.  ,  363.25,    0.  ,    0.  ,    0.  ,  460.25,  614.25,   71.75],
   [ 207.5 ,    0.  ,    0.  ,  625.25,  482.75,    0.  ,    0.  ,   74.  ],
   [ 230.  ,    0.  ,  112.75,  414.25,  491.5 ,    0.  ,    0.  ,    0.  ],
   [1403.5 ,  490.25,    0.  ,    0.  ,   65.5 ,  684.25,    0.  ,    0.  ],
   [1264.75,  499.5 ,    0.  ,    0.  ,  579.  ,  750.75,    0.  ,    0.  ],
   [   0.  ,    0.  ,    0.  ,    0.  ,  177.  ,    0.  ,    0.  ,  403.5 ],
   [ 728.25,    0.  ,    0.  , 1615.  ,    0.  ,    0.  ,    0.  ,  509.5 ],
   [   0.  ,  115.75,   50.5 ,  321.  ,    0.  ,    0.  ,    0.  ,    0.  ],
   [   0.  ,    0.  ,    0.  ,    0.  ,    0.  ,    0.  ,    0.  ,    0.  ]],

  [[   0.  ,    0.  ,    0.  ,    0.  ,    0.  ,    0.  ,    0.  ,    0.  ],
   [  54.75,    0.  ,   34.5 ,   72.  ,    0.  ,   78.25,    0.  ,    0.  ],
   [ 708.  ,    0.  ,    0.  ,    0.  ,  130.  ,  908.75,    0.  ,    0.  ],
   [   0.  ,  420.75,    0.  ,    0.  ,    0.  , 1014.75,  626.  ,  134.5 ],
   [ 191.75,    0.  ,    0.  ,    0.  ,    0.  ,    0.  ,    0.  ,   47.75],
   [   0.  ,    0.  ,  427.75,    0.  ,  445.5 ,    0.  ,    0.  ,    0.  ],
   [ 516.5 ,    0.  ,    0.  ,    0.  ,  888.  ,  125.  ,    0.  ,    0.  ],
   [  34.  ,   80.75,    0.  ,    0.  ,  319.75,    0.  ,    0.  ,   62.5 ],
   [   0.  ,    0.  ,    0.  ,  836.5 ,    0.  ,    0.  ,    0.  ,  336.75],
   [ 483.25,    0.  ,    0.  , 1192.  ,    0.  ,    0.  ,    0.  ,    0.  ],
   [   0.  ,   59.75,  134.  ,  181.75,    0.  ,    0.  ,    0.  ,    0.  ],
   [   0.  ,    0.  ,    0.  ,    0.  ,    0.  ,    0.  ,    0.  ,    0.  ]],

  [[   0.  ,    0.  ,    0.  ,    0.  ,    0.  ,    0.  ,    0.  ,    0.  ],
   [   0.  ,    0.  ,    0.  ,    0.  ,    0.  ,    0.  ,    0.  ,    0.  ],
   [ 353.25,    0.  ,   98.5 ,  269.5 ,  102.75,  452.75,    0.  ,    0.  ],
   [  68.25,   60.25,    0.  ,    0.  ,    0.  ,  485.5 ,  154.  ,  232.5 ],
   [ 300.75,   37.  ,    0.  ,    0.  ,    0.  ,   49.75,  480.  ,   43.25],
   [ 196.5 ,    0.  ,    0.  ,  191.25,    0.  ,    0.  ,    0.  ,   72.5 ],
   [   0.  ,    0.  ,    0.  ,  289.75,   92.5 ,    0.  ,    0.  ,    2.5 ],
   [   0.  ,    0.  ,    0.  ,    0.  ,    0.  ,    0.  ,    0.  ,   60.5 ],
   [  96.  ,    0.  ,    0.  ,  979.5 ,    0.  ,    0.  ,    0.  ,  163.25],
   [  28.  ,    0.  ,    0.  ,  385.  ,    0.  ,    0.  ,    0.  ,    0.  ],
   [   0.  ,   62.  ,   76.  ,   60.  ,    0.  ,    0.  ,    0.  ,    0.  ],
   [   0.  ,    0.  ,    0.  ,    0.  ,    0.  ,    0.  ,    0.  ,    0.  ]],

  [[   0.  ,    0.  ,    0.  ,    0.  ,    0.  ,    0.  ,    0.  ,    0.  ],
   [   0.  ,    0.  ,    0.  ,    0.  ,    0.  ,    0.  ,    0.  ,    0.  ],
   [  84.  ,    0.  ,   66.  ,  117.  ,    0.  ,  125.5 ,    0.  ,    0.  ],
   [ 283.75,    0.  ,  244.5 ,  320.5 ,    0.  ,  486.75,    0.  ,    0.  ],
   [ 179.25,    0.  ,  123.  ,    0.  ,    0.  ,  416.25,  194.5 ,    0.  ],
   [   0.  ,    0.  ,    0.  ,    0.  ,    0.  ,    0.  ,  572.  ,    0.  ],
   [  41.25,    0.  ,    0.  ,  388.5 ,    0.  ,    0.  ,  204.  ,    0.  ],
   [   0.  ,  153.  ,    0.  ,   72.75,    0.  ,    0.  ,   61.25,    0.  ],
   [ 102.75,    0.  ,    0.  ,  583.75,    0.  ,    0.  ,    0.  ,    0.  ],
   [   0.  ,  112.  ,  191.  ,  200.  ,    0.  ,    0.  ,    0.  ,    0.  ],
   [   0.  ,    0.  ,    0.  ,    0.  ,    0.  ,    0.  ,    0.  ,    0.  ],
   [   0.  ,    0.  ,    0.  ,    0.  ,    0.  ,    0.  ,    0.  ,    0.  ]]]]

🔹 Layer: average_pooling2d_3
   📐 Output Shape: (1, 6, 6, 8)
   🔢 Output Values:
[[[[0.0000000e+00, 0.0000000e+00, 0.0000000e+00, 0.0000000e+00, 0.0000000e+00, 0.0000000e+00, 0.0000000e+00, 0.0000000e+00],
   [4.1562500e+01, 1.8187500e+01, 0.0000000e+00, 8.8125000e+00, 0.0000000e+00, 7.6375000e+01, 3.8437500e+01, 0.0000000e+00],
   [4.6268750e+02, 9.4312500e+01, 0.0000000e+00, 0.0000000e+00, 1.0743750e+02, 5.0131250e+02, 7.7500000e+00, 0.0000000e+00],
   [2.1775000e+02, 2.0562500e+01, 4.4312500e+01, 8.5000000e+01, 5.6112500e+02, 3.3187500e+01, 0.0000000e+00, 8.3375000e+01],
   [3.3431250e+02, 1.9181250e+02, 1.5956250e+02, 5.0706250e+02, 1.3056250e+02, 0.0000000e+00, 0.0000000e+00, 8.3937500e+01],
   [0.0000000e+00, 0.0000000e+00, 0.0000000e+00, 0.0000000e+00, 0.0000000e+00, 0.0000000e+00, 0.0000000e+00, 0.0000000e+00]],

  [[0.0000000e+00, 0.0000000e+00, 0.0000000e+00, 0.0000000e+00, 0.0000000e+00, 0.0000000e+00, 0.0000000e+00, 0.0000000e+00],
   [5.4675000e+02, 1.6456250e+02, 0.0000000e+00, 2.0875000e+01, 2.9375000e+00, 6.3837500e+02, 4.8062500e+01, 0.0000000e+00],
   [4.0293750e+02, 1.2137500e+02, 0.0000000e+00, 9.6750000e+01, 5.2587500e+02, 4.9868750e+02, 0.0000000e+00, 1.2412500e+02],
   [2.9925000e+02, 1.4987500e+02, 0.0000000e+00, 3.0206250e+02, 0.0000000e+00, 0.0000000e+00, 0.0000000e+00, 1.6750000e+02],
   [1.3518750e+02, 4.1750000e+01, 3.0437500e+02, 5.8981250e+02, 4.0956250e+02, 0.0000000e+00, 0.0000000e+00, 8.6875000e+00],
   [1.0418750e+02, 7.9375000e+01, 0.0000000e+00, 8.9687500e+01, 0.0000000e+00, 0.0000000e+00, 0.0000000e+00, 6.1437500e+01]],

  [[2.0250000e+01, 7.8750000e+00, 0.0000000e+00, 9.9375000e+00, 0.0000000e+00, 2.6062500e+01, 1.7437500e+01, 0.0000000e+00],
   [9.2612500e+02, 3.0956250e+02, 0.0000000e+00, 0.0000000e+00, 1.6762500e+02, 1.1080625e+03, 1.8750000e+00, 0.0000000e+00],
   [2.8881250e+02, 0.0000000e+00, 0.0000000e+00, 6.9418750e+02, 2.0850000e+02, 0.0000000e+00, 5.9750000e+01, 2.7275000e+02],
   [4.0231250e+02, 2.4206250e+02, 1.5687500e+01, 3.0712500e+02, 0.0000000e+00, 4.9375000e+02, 7.6875000e+01, 0.0000000e+00],
   [2.9600000e+02, 3.4375000e+01, 2.6681250e+02, 5.1518750e+02, 4.4593750e+02, 2.9375000e+00, 7.6875000e+00, 2.3625000e+01],
   [2.0612500e+02, 1.6568750e+02, 0.0000000e+00, 2.6637500e+02, 0.0000000e+00, 0.0000000e+00, 0.0000000e+00, 1.8500000e+01]],

  [[1.0668750e+02, 3.1875000e+01, 0.0000000e+00, 0.0000000e+00, 0.0000000e+00, 1.5118750e+02, 5.6250000e-01, 3.8125000e+00],
   [5.1187500e+02, 1.9581250e+02, 0.0000000e+00, 0.0000000e+00, 0.0000000e+00, 8.8875000e+02, 9.0437500e+01, 8.9562500e+01],
   [3.0350000e+02, 1.1287500e+02, 0.0000000e+00, 1.0715625e+03, 3.0306250e+02, 0.0000000e+00, 0.0000000e+00, 1.6437500e+01],
   [8.8118750e+02, 1.8612500e+02, 0.0000000e+00, 6.1562500e+01, 6.4500000e+01, 8.4306250e+02, 0.0000000e+00, 0.0000000e+00],
   [1.6300000e+02, 1.4831250e+02, 3.8062500e+01, 8.4456250e+02, 2.7950000e+02, 2.0943750e+02, 2.2412500e+02, 2.2600000e+02],
   [1.2100000e+02, 1.6493750e+02, 0.0000000e+00, 2.9750000e+02, 0.0000000e+00, 0.0000000e+00, 0.0000000e+00, 0.0000000e+00]],

  [[4.8937500e+01, 1.7500000e+00, 8.6250000e+00, 2.8562500e+01, 1.5125000e+01, 6.1437500e+01, 0.0000000e+00, 1.3750000e+00],
   [3.8243750e+02, 2.4237500e+02, 0.0000000e+00, 0.0000000e+00, 3.2500000e+01, 9.0725000e+02, 3.1006250e+02, 5.1562500e+01],
   [1.5731250e+02, 0.0000000e+00, 1.3512500e+02, 2.5987500e+02, 3.5493750e+02, 0.0000000e+00, 0.0000000e+00, 3.0437500e+01],
   [8.0468750e+02, 2.6762500e+02, 0.0000000e+00, 0.0000000e+00, 4.6306250e+02, 3.9000000e+02, 0.0000000e+00, 1.5625000e+01],
   [3.0287500e+02, 0.0000000e+00, 0.0000000e+00, 9.1087500e+02, 4.4250000e+01, 0.0000000e+00, 0.0000000e+00, 3.1243750e+02],
   [0.0000000e+00, 4.3875000e+01, 4.6125000e+01, 1.2568750e+02, 0.0000000e+00, 0.0000000e+00, 0.0000000e+00, 0.0000000e+00]],

  [[0.0000000e+00, 0.0000000e+00, 0.0000000e+00, 0.0000000e+00, 0.0000000e+00, 0.0000000e+00, 0.0000000e+00, 0.0000000e+00],
   [1.9731250e+02, 1.5062500e+01, 1.0225000e+02, 1.7675000e+02, 2.5687500e+01, 3.8762500e+02, 3.8500000e+01, 5.8125000e+01],
   [1.6912500e+02, 9.2500000e+00, 3.0750000e+01, 4.7812500e+01, 0.0000000e+00, 1.1650000e+02, 3.1162500e+02, 2.8937500e+01],
   [1.0312500e+01, 3.8250000e+01, 0.0000000e+00, 1.8775000e+02, 2.3125000e+01, 0.0000000e+00, 6.6312500e+01, 1.5750000e+01],
   [5.6687500e+01, 2.8000000e+01, 4.7750000e+01, 5.3706250e+02, 0.0000000e+00, 0.0000000e+00, 0.0000000e+00, 4.0812500e+01],
   [0.0000000e+00, 1.5500000e+01, 1.9000000e+01, 1.5000000e+01, 0.0000000e+00, 0.0000000e+00, 0.0000000e+00, 0.0000000e+00]]]]

🔹 Layer: flatten_1
   📐 Output Shape: (1, 288)
   🔢 Output Values:
[[0.0000000e+00, 0.0000000e+00, 0.0000000e+00, 0.0000000e+00, 0.0000000e+00, 0.0000000e+00, 0.0000000e+00, 0.0000000e+00, 4.1562500e+01, 1.8187500e+01, 0.0000000e+00, 8.8125000e+00, 0.0000000e+00, 7.6375000e+01, 3.8437500e+01, 0.0000000e+00, 4.6268750e+02, 9.4312500e+01, 0.0000000e+00, 0.0000000e+00, 1.0743750e+02, 5.0131250e+02, 7.7500000e+00, 0.0000000e+00, 2.1775000e+02, 2.0562500e+01, 4.4312500e+01, 8.5000000e+01, 5.6112500e+02, 3.3187500e+01, 0.0000000e+00, 8.3375000e+01, 3.3431250e+02, 1.9181250e+02, 1.5956250e+02, 5.0706250e+02, 1.3056250e+02, 0.0000000e+00, 0.0000000e+00, 8.3937500e+01, 0.0000000e+00, 0.0000000e+00, 0.0000000e+00, 0.0000000e+00, 0.0000000e+00, 0.0000000e+00, 0.0000000e+00, 0.0000000e+00, 0.0000000e+00, 0.0000000e+00, 0.0000000e+00, 0.0000000e+00, 0.0000000e+00, 0.0000000e+00, 0.0000000e+00, 0.0000000e+00, 5.4675000e+02, 1.6456250e+02, 0.0000000e+00, 2.0875000e+01, 2.9375000e+00, 6.3837500e+02, 4.8062500e+01, 0.0000000e+00, 4.0293750e+02, 1.2137500e+02, 0.0000000e+00, 9.6750000e+01, 5.2587500e+02, 4.9868750e+02, 0.0000000e+00, 1.2412500e+02, 2.9925000e+02, 1.4987500e+02, 0.0000000e+00, 3.0206250e+02, 0.0000000e+00, 0.0000000e+00, 0.0000000e+00, 1.6750000e+02, 1.3518750e+02, 4.1750000e+01, 3.0437500e+02, 5.8981250e+02, 4.0956250e+02, 0.0000000e+00, 0.0000000e+00, 8.6875000e+00, 1.0418750e+02, 7.9375000e+01, 0.0000000e+00, 8.9687500e+01, 0.0000000e+00, 0.0000000e+00, 0.0000000e+00, 6.1437500e+01, 2.0250000e+01, 7.8750000e+00, 0.0000000e+00, 9.9375000e+00, 0.0000000e+00, 2.6062500e+01, 1.7437500e+01, 0.0000000e+00, 9.2612500e+02, 3.0956250e+02, 0.0000000e+00, 0.0000000e+00, 1.6762500e+02, 1.1080625e+03, 1.8750000e+00, 0.0000000e+00, 2.8881250e+02, 0.0000000e+00, 0.0000000e+00, 6.9418750e+02, 2.0850000e+02, 0.0000000e+00, 5.9750000e+01, 2.7275000e+02, 4.0231250e+02, 2.4206250e+02, 1.5687500e+01, 3.0712500e+02, 0.0000000e+00, 4.9375000e+02, 7.6875000e+01, 0.0000000e+00, 2.9600000e+02, 3.4375000e+01, 2.6681250e+02, 5.1518750e+02, 4.4593750e+02, 2.9375000e+00, 7.6875000e+00, 2.3625000e+01, 2.0612500e+02, 1.6568750e+02, 0.0000000e+00, 2.6637500e+02, 0.0000000e+00, 0.0000000e+00, 0.0000000e+00, 1.8500000e+01, 1.0668750e+02, 3.1875000e+01, 0.0000000e+00, 0.0000000e+00, 0.0000000e+00, 1.5118750e+02, 5.6250000e-01, 3.8125000e+00, 5.1187500e+02, 1.9581250e+02, 0.0000000e+00, 0.0000000e+00, 0.0000000e+00, 8.8875000e+02, 9.0437500e+01, 8.9562500e+01, 3.0350000e+02, 1.1287500e+02, 0.0000000e+00, 1.0715625e+03, 3.0306250e+02, 0.0000000e+00, 0.0000000e+00, 1.6437500e+01, 8.8118750e+02, 1.8612500e+02, 0.0000000e+00, 6.1562500e+01, 6.4500000e+01, 8.4306250e+02, 0.0000000e+00, 0.0000000e+00, 1.6300000e+02, 1.4831250e+02, 3.8062500e+01, 8.4456250e+02, 2.7950000e+02, 2.0943750e+02, 2.2412500e+02, 2.2600000e+02, 1.2100000e+02, 1.6493750e+02, 0.0000000e+00, 2.9750000e+02, 0.0000000e+00, 0.0000000e+00, 0.0000000e+00, 0.0000000e+00, 4.8937500e+01, 1.7500000e+00, 8.6250000e+00, 2.8562500e+01, 1.5125000e+01, 6.1437500e+01, 0.0000000e+00, 1.3750000e+00, 3.8243750e+02, 2.4237500e+02, 0.0000000e+00, 0.0000000e+00, 3.2500000e+01, 9.0725000e+02, 3.1006250e+02, 5.1562500e+01, 1.5731250e+02, 0.0000000e+00, 1.3512500e+02, 2.5987500e+02, 3.5493750e+02, 0.0000000e+00, 0.0000000e+00, 3.0437500e+01, 8.0468750e+02, 2.6762500e+02, 0.0000000e+00, 0.0000000e+00, 4.6306250e+02, 3.9000000e+02, 0.0000000e+00, 1.5625000e+01, 3.0287500e+02, 0.0000000e+00, 0.0000000e+00, 9.1087500e+02, 4.4250000e+01, 0.0000000e+00, 0.0000000e+00, 3.1243750e+02, 0.0000000e+00, 4.3875000e+01, 4.6125000e+01, 1.2568750e+02, 0.0000000e+00, 0.0000000e+00, 0.0000000e+00, 0.0000000e+00, 0.0000000e+00, 0.0000000e+00, 0.0000000e+00, 0.0000000e+00, 0.0000000e+00, 0.0000000e+00, 0.0000000e+00, 0.0000000e+00, 1.9731250e+02, 1.5062500e+01, 1.0225000e+02, 1.7675000e+02, 2.5687500e+01, 3.8762500e+02, 3.8500000e+01, 5.8125000e+01, 1.6912500e+02, 9.2500000e+00, 3.0750000e+01, 4.7812500e+01, 0.0000000e+00, 1.1650000e+02, 3.1162500e+02, 2.8937500e+01, 1.0312500e+01, 3.8250000e+01, 0.0000000e+00, 1.8775000e+02, 2.3125000e+01, 0.0000000e+00, 6.6312500e+01, 1.5750000e+01, 5.6687500e+01, 2.8000000e+01, 4.7750000e+01, 5.3706250e+02, 0.0000000e+00, 0.0000000e+00, 0.0000000e+00, 4.0812500e+01, 0.0000000e+00, 1.5500000e+01, 1.9000000e+01, 1.5000000e+01, 0.0000000e+00, 0.0000000e+00, 0.0000000e+00, 0.0000000e+00]]

🔹 Layer: lambda_1
   📐 Output Shape: (1, 288)
   🔢 Output Values:
[[0., 0., 0., 0., 0., 0., 0., 0., 0., 0., 0., 0., 0., 0., 0., 0., 3., 1., 0., 0., 1., 3., 0., 0., 1., 0., 0., 1., 4., 0., 0., 1., 2., 1., 1., 3., 1., 0., 0., 1., 0., 0., 0., 0., 0., 0., 0., 0., 0., 0., 0., 0., 0., 0., 0., 0., 3., 1., 0., 0., 0., 4., 0., 0., 3., 1., 0., 1., 3., 3., 0., 1., 2., 1., 0., 2., 0., 0., 0., 1., 1., 0., 2., 4., 3., 0., 0., 0., 1., 1., 0., 1., 0., 0., 0., 0., 0., 0., 0., 0., 0., 0., 0., 0., 6., 2., 0., 0., 1., 7., 0., 0., 2., 0., 0., 4., 1., 0., 0., 2., 3., 2., 0., 2., 0., 3., 0., 0., 2., 0., 2., 3., 3., 0., 0., 0., 1., 1., 0., 2., 0., 0., 0., 0., 1., 0., 0., 0., 0., 1., 0., 0., 3., 1., 0., 0., 0., 6., 1., 1., 2., 1., 0., 7., 2., 0., 0., 0., 6., 1., 0., 0., 0., 5., 0., 0., 1., 1., 0., 5., 2., 1., 1., 1., 1., 1., 0., 2., 0., 0., 0., 0., 0., 0., 0., 0., 0., 0., 0., 0., 2., 2., 0., 0., 0., 6., 2., 0., 1., 0., 1., 2., 2., 0., 0., 0., 5., 2., 0., 0., 3., 2., 0., 0., 2., 0., 0., 6., 0., 0., 0., 2., 0., 0., 0., 1., 0., 0., 0., 0., 0., 0., 0., 0., 0., 0., 0., 0., 1., 0., 1., 1., 0., 2., 0., 0., 1., 0., 0., 0., 0., 1., 2., 0., 0., 0., 0., 1., 0., 0., 0., 0., 0., 0., 0., 3., 0., 0., 0., 0., 0., 0., 0., 0., 0., 0., 0., 0.]]

🔹 Layer: dense_3
   📐 Output Shape: (1, 120)
   🔢 Output Values:
[[  0.,  23.,   0.,   0.,   0.,   0.,   0.,   0.,   5.,   0.,   0.,  50.,  32.,   0.,   0.,  18.,   0.,   0.,  35.,   0.,  16.,   0.,   0.,  74.,   0.,   0.,   0.,   0.,   0.,  33.,   0.,  24.,   6.,  62.,   1.,  26.,   0.,   0.,   0.,  19.,  74.,   0.,   0.,   3.,   0.,   3.,   0.,   2.,   0.,  42.,   0.,   0.,   0.,   0.,  63.,   0.,   0.,   0.,   0.,  70.,   0.,   0.,  57.,   0.,  50.,  23.,  54.,  10.,   0.,   0.,   0.,  29.,   0.,   6.,   0.,   0.,  19.,   0.,  70.,  83.,   0.,   9.,   0.,   0.,  53.,   1.,   0.,   0.,   0.,   0.,  53.,   0.,   0.,  50.,   0.,   0.,   0.,   0.,   0.,  29.,  13.,  14.,   0.,   3.,   0., 100.,   0.,   0.,   0.,   0.,   0.,   0.,   3.,   0.,  10.,   0.,  21.,  51.,   0.,   0.]]

🔹 Layer: dense_4
   📐 Output Shape: (1, 84)
   🔢 Output Values:
[[   0.,    0.,    0.,    0.,  918.,  697., 1312.,    0.,    0.,    0.,    0.,    0.,  443.,  143.,    0., 1831.,  251.,  709.,  481.,    0.,  152.,  471.,    0.,    0.,  309.,  799.,    0.,    0.,    0.,  275.,    0., 1080.,    0.,    0., 1349.,   98.,    0.,    0.,    0.,  356.,    0., 2177.,    0.,    0., 1361.,  355.,  795.,    0.,    0., 1661.,    0.,    0.,    0.,    0., 2312.,  159.,    0.,  575., 1082.,    0.,   87.,  507.,    0.,    0., 1229., 1882.,  671.,    0.,    0.,  664., 1196.,    0.,    0., 1375.,    0.,    0.,    0., 1938., 1123.,    0.,  249., 1081.,    0.,   54.]]

🔹 Layer: dense_5
   📐 Output Shape: (1, 10)
   🔢 Output Values:
[[1., 0., 0., 0., 0., 0., 0., 0., 0., 0.]]

🎯 Prediction for Image 1002:
   ✅ Predicted Label: 0
   🎯 True Label: 0
   ✅ Result: Correct Prediction
