=============================
  🔍 Inference for Image 1003  
=============================

🔹 Layer: input_2
   📐 Output Shape: (1, 28, 28, 1)
   🔢 Output Values:
[[[[0.],
   [0.],
   [0.],
   [0.],
   [0.],
   [0.],
   [0.],
   [0.],
   [0.],
   [0.],
   [0.],
   [0.],
   [0.],
   [0.],
   [0.],
   [0.],
   [0.],
   [0.],
   [0.],
   [0.],
   [0.],
   [0.],
   [0.],
   [0.],
   [0.],
   [0.],
   [0.],
   [0.]],

  [[0.],
   [0.],
   [0.],
   [0.],
   [0.],
   [0.],
   [0.],
   [0.],
   [0.],
   [0.],
   [0.],
   [0.],
   [0.],
   [0.],
   [0.],
   [0.],
   [0.],
   [0.],
   [0.],
   [0.],
   [0.],
   [0.],
   [0.],
   [0.],
   [0.],
   [0.],
   [0.],
   [0.]],

  [[0.],
   [0.],
   [0.],
   [0.],
   [0.],
   [0.],
   [0.],
   [0.],
   [0.],
   [0.],
   [0.],
   [0.],
   [0.],
   [0.],
   [0.],
   [0.],
   [0.],
   [0.],
   [0.],
   [0.],
   [0.],
   [0.],
   [0.],
   [0.],
   [0.],
   [0.],
   [0.],
   [0.]],

  [[0.],
   [0.],
   [0.],
   [0.],
   [0.],
   [0.],
   [0.],
   [0.],
   [0.],
   [0.],
   [0.],
   [0.],
   [0.],
   [0.],
   [0.],
   [0.],
   [0.],
   [0.],
   [0.],
   [0.],
   [0.],
   [0.],
   [0.],
   [0.],
   [0.],
   [0.],
   [0.],
   [0.]],

  [[0.],
   [0.],
   [0.],
   [0.],
   [0.],
   [0.],
   [0.],
   [0.],
   [0.],
   [0.],
   [0.],
   [0.],
   [3.],
   [3.],
   [7.],
   [6.],
   [6.],
   [6.],
   [6.],
   [1.],
   [0.],
   [0.],
   [0.],
   [0.],
   [0.],
   [0.],
   [0.],
   [0.]],

  [[0.],
   [0.],
   [0.],
   [0.],
   [0.],
   [0.],
   [0.],
   [0.],
   [0.],
   [0.],
   [2.],
   [6.],
   [6.],
   [6.],
   [6.],
   [6.],
   [6.],
   [6.],
   [6.],
   [6.],
   [4.],
   [0.],
   [0.],
   [0.],
   [0.],
   [0.],
   [0.],
   [0.]],

  [[0.],
   [0.],
   [0.],
   [0.],
   [0.],
   [0.],
   [0.],
   [0.],
   [0.],
   [0.],
   [1.],
   [6.],
   [6.],
   [6.],
   [6.],
   [5.],
   [5.],
   [5.],
   [6.],
   [6.],
   [6.],
   [1.],
   [0.],
   [0.],
   [0.],
   [0.],
   [0.],
   [0.]],

  [[0.],
   [0.],
   [0.],
   [0.],
   [0.],
   [0.],
   [0.],
   [0.],
   [0.],
   [0.],
   [0.],
   [1.],
   [2.],
   [2.],
   [2.],
   [0.],
   [0.],
   [0.],
   [6.],
   [6.],
   [6.],
   [1.],
   [0.],
   [0.],
   [0.],
   [0.],
   [0.],
   [0.]],

  [[0.],
   [0.],
   [0.],
   [0.],
   [0.],
   [0.],
   [0.],
   [0.],
   [0.],
   [0.],
   [0.],
   [0.],
   [0.],
   [0.],
   [0.],
   [0.],
   [0.],
   [0.],
   [5.],
   [6.],
   [6.],
   [1.],
   [0.],
   [0.],
   [0.],
   [0.],
   [0.],
   [0.]],

  [[0.],
   [0.],
   [0.],
   [0.],
   [0.],
   [0.],
   [0.],
   [0.],
   [0.],
   [0.],
   [0.],
   [0.],
   [0.],
   [0.],
   [0.],
   [0.],
   [0.],
   [2.],
   [6.],
   [7.],
   [6.],
   [1.],
   [0.],
   [0.],
   [0.],
   [0.],
   [0.],
   [0.]],

  [[0.],
   [0.],
   [0.],
   [0.],
   [0.],
   [0.],
   [0.],
   [0.],
   [0.],
   [0.],
   [0.],
   [0.],
   [0.],
   [0.],
   [0.],
   [0.],
   [2.],
   [6.],
   [6.],
   [6.],
   [3.],
   [0.],
   [0.],
   [0.],
   [0.],
   [0.],
   [0.],
   [0.]],

  [[0.],
   [0.],
   [0.],
   [0.],
   [0.],
   [0.],
   [0.],
   [0.],
   [0.],
   [0.],
   [0.],
   [0.],
   [0.],
   [0.],
   [0.],
   [1.],
   [6.],
   [6.],
   [6.],
   [4.],
   [0.],
   [0.],
   [0.],
   [0.],
   [0.],
   [0.],
   [0.],
   [0.]],

  [[0.],
   [0.],
   [0.],
   [0.],
   [0.],
   [0.],
   [0.],
   [0.],
   [0.],
   [0.],
   [0.],
   [0.],
   [0.],
   [0.],
   [2.],
   [5.],
   [6.],
   [6.],
   [6.],
   [3.],
   [0.],
   [0.],
   [0.],
   [0.],
   [0.],
   [0.],
   [0.],
   [0.]],

  [[0.],
   [0.],
   [0.],
   [0.],
   [0.],
   [0.],
   [0.],
   [0.],
   [0.],
   [0.],
   [0.],
   [0.],
   [0.],
   [0.],
   [5.],
   [6.],
   [6.],
   [6.],
   [4.],
   [0.],
   [0.],
   [0.],
   [0.],
   [0.],
   [0.],
   [0.],
   [0.],
   [0.]],

  [[0.],
   [0.],
   [0.],
   [0.],
   [0.],
   [0.],
   [0.],
   [0.],
   [0.],
   [0.],
   [0.],
   [0.],
   [0.],
   [5.],
   [7.],
   [6.],
   [6.],
   [4.],
   [0.],
   [0.],
   [0.],
   [0.],
   [0.],
   [0.],
   [0.],
   [0.],
   [0.],
   [0.]],

  [[0.],
   [0.],
   [0.],
   [0.],
   [0.],
   [0.],
   [0.],
   [0.],
   [0.],
   [0.],
   [0.],
   [0.],
   [2.],
   [6.],
   [6.],
   [6.],
   [4.],
   [0.],
   [0.],
   [0.],
   [0.],
   [0.],
   [0.],
   [0.],
   [0.],
   [0.],
   [0.],
   [0.]],

  [[0.],
   [0.],
   [0.],
   [0.],
   [0.],
   [0.],
   [0.],
   [0.],
   [0.],
   [0.],
   [0.],
   [2.],
   [6.],
   [6.],
   [6.],
   [4.],
   [0.],
   [0.],
   [0.],
   [0.],
   [0.],
   [0.],
   [0.],
   [0.],
   [0.],
   [0.],
   [0.],
   [0.]],

  [[0.],
   [0.],
   [0.],
   [0.],
   [0.],
   [0.],
   [0.],
   [0.],
   [0.],
   [0.],
   [0.],
   [5.],
   [6.],
   [6.],
   [4.],
   [0.],
   [0.],
   [0.],
   [0.],
   [0.],
   [0.],
   [0.],
   [0.],
   [0.],
   [0.],
   [0.],
   [0.],
   [0.]],

  [[0.],
   [0.],
   [0.],
   [0.],
   [0.],
   [0.],
   [0.],
   [0.],
   [0.],
   [3.],
   [6.],
   [6.],
   [6.],
   [6.],
   [1.],
   [0.],
   [0.],
   [0.],
   [0.],
   [0.],
   [0.],
   [0.],
   [0.],
   [0.],
   [0.],
   [0.],
   [0.],
   [0.]],

  [[0.],
   [0.],
   [0.],
   [0.],
   [0.],
   [0.],
   [0.],
   [0.],
   [3.],
   [7.],
   [6.],
   [6.],
   [6.],
   [1.],
   [0.],
   [0.],
   [2.],
   [3.],
   [3.],
   [3.],
   [0.],
   [0.],
   [0.],
   [0.],
   [0.],
   [0.],
   [0.],
   [0.]],

  [[0.],
   [0.],
   [0.],
   [0.],
   [0.],
   [0.],
   [0.],
   [2.],
   [6.],
   [6.],
   [6.],
   [6.],
   [6.],
   [2.],
   [4.],
   [6.],
   [6.],
   [6.],
   [4.],
   [2.],
   [0.],
   [0.],
   [0.],
   [0.],
   [0.],
   [0.],
   [0.],
   [0.]],

  [[0.],
   [0.],
   [0.],
   [0.],
   [0.],
   [0.],
   [1.],
   [6.],
   [6.],
   [6.],
   [6.],
   [6.],
   [6.],
   [6.],
   [6.],
   [6.],
   [5.],
   [2.],
   [0.],
   [0.],
   [0.],
   [0.],
   [0.],
   [0.],
   [0.],
   [0.],
   [0.],
   [0.]],

  [[0.],
   [0.],
   [0.],
   [0.],
   [0.],
   [0.],
   [0.],
   [4.],
   [6.],
   [6.],
   [6.],
   [6.],
   [6.],
   [6.],
   [6.],
   [1.],
   [0.],
   [0.],
   [0.],
   [0.],
   [0.],
   [0.],
   [0.],
   [0.],
   [0.],
   [0.],
   [0.],
   [0.]],

  [[0.],
   [0.],
   [0.],
   [0.],
   [0.],
   [0.],
   [0.],
   [0.],
   [0.],
   [3.],
   [3.],
   [5.],
   [2.],
   [0.],
   [0.],
   [0.],
   [0.],
   [0.],
   [0.],
   [0.],
   [0.],
   [0.],
   [0.],
   [0.],
   [0.],
   [0.],
   [0.],
   [0.]],

  [[0.],
   [0.],
   [0.],
   [0.],
   [0.],
   [0.],
   [0.],
   [0.],
   [0.],
   [0.],
   [0.],
   [0.],
   [0.],
   [0.],
   [0.],
   [0.],
   [0.],
   [0.],
   [0.],
   [0.],
   [0.],
   [0.],
   [0.],
   [0.],
   [0.],
   [0.],
   [0.],
   [0.]],

  [[0.],
   [0.],
   [0.],
   [0.],
   [0.],
   [0.],
   [0.],
   [0.],
   [0.],
   [0.],
   [0.],
   [0.],
   [0.],
   [0.],
   [0.],
   [0.],
   [0.],
   [0.],
   [0.],
   [0.],
   [0.],
   [0.],
   [0.],
   [0.],
   [0.],
   [0.],
   [0.],
   [0.]],

  [[0.],
   [0.],
   [0.],
   [0.],
   [0.],
   [0.],
   [0.],
   [0.],
   [0.],
   [0.],
   [0.],
   [0.],
   [0.],
   [0.],
   [0.],
   [0.],
   [0.],
   [0.],
   [0.],
   [0.],
   [0.],
   [0.],
   [0.],
   [0.],
   [0.],
   [0.],
   [0.],
   [0.]],

  [[0.],
   [0.],
   [0.],
   [0.],
   [0.],
   [0.],
   [0.],
   [0.],
   [0.],
   [0.],
   [0.],
   [0.],
   [0.],
   [0.],
   [0.],
   [0.],
   [0.],
   [0.],
   [0.],
   [0.],
   [0.],
   [0.],
   [0.],
   [0.],
   [0.],
   [0.],
   [0.],
   [0.]]]]

🔹 Layer: zero_padding2d_1
   📐 Output Shape: (1, 30, 30, 1)
   🔢 Output Values:
[[[[0.],
   [0.],
   [0.],
   [0.],
   [0.],
   [0.],
   [0.],
   [0.],
   [0.],
   [0.],
   [0.],
   [0.],
   [0.],
   [0.],
   [0.],
   [0.],
   [0.],
   [0.],
   [0.],
   [0.],
   [0.],
   [0.],
   [0.],
   [0.],
   [0.],
   [0.],
   [0.],
   [0.],
   [0.],
   [0.]],

  [[0.],
   [0.],
   [0.],
   [0.],
   [0.],
   [0.],
   [0.],
   [0.],
   [0.],
   [0.],
   [0.],
   [0.],
   [0.],
   [0.],
   [0.],
   [0.],
   [0.],
   [0.],
   [0.],
   [0.],
   [0.],
   [0.],
   [0.],
   [0.],
   [0.],
   [0.],
   [0.],
   [0.],
   [0.],
   [0.]],

  [[0.],
   [0.],
   [0.],
   [0.],
   [0.],
   [0.],
   [0.],
   [0.],
   [0.],
   [0.],
   [0.],
   [0.],
   [0.],
   [0.],
   [0.],
   [0.],
   [0.],
   [0.],
   [0.],
   [0.],
   [0.],
   [0.],
   [0.],
   [0.],
   [0.],
   [0.],
   [0.],
   [0.],
   [0.],
   [0.]],

  [[0.],
   [0.],
   [0.],
   [0.],
   [0.],
   [0.],
   [0.],
   [0.],
   [0.],
   [0.],
   [0.],
   [0.],
   [0.],
   [0.],
   [0.],
   [0.],
   [0.],
   [0.],
   [0.],
   [0.],
   [0.],
   [0.],
   [0.],
   [0.],
   [0.],
   [0.],
   [0.],
   [0.],
   [0.],
   [0.]],

  [[0.],
   [0.],
   [0.],
   [0.],
   [0.],
   [0.],
   [0.],
   [0.],
   [0.],
   [0.],
   [0.],
   [0.],
   [0.],
   [0.],
   [0.],
   [0.],
   [0.],
   [0.],
   [0.],
   [0.],
   [0.],
   [0.],
   [0.],
   [0.],
   [0.],
   [0.],
   [0.],
   [0.],
   [0.],
   [0.]],

  [[0.],
   [0.],
   [0.],
   [0.],
   [0.],
   [0.],
   [0.],
   [0.],
   [0.],
   [0.],
   [0.],
   [0.],
   [0.],
   [3.],
   [3.],
   [7.],
   [6.],
   [6.],
   [6.],
   [6.],
   [1.],
   [0.],
   [0.],
   [0.],
   [0.],
   [0.],
   [0.],
   [0.],
   [0.],
   [0.]],

  [[0.],
   [0.],
   [0.],
   [0.],
   [0.],
   [0.],
   [0.],
   [0.],
   [0.],
   [0.],
   [0.],
   [2.],
   [6.],
   [6.],
   [6.],
   [6.],
   [6.],
   [6.],
   [6.],
   [6.],
   [6.],
   [4.],
   [0.],
   [0.],
   [0.],
   [0.],
   [0.],
   [0.],
   [0.],
   [0.]],

  [[0.],
   [0.],
   [0.],
   [0.],
   [0.],
   [0.],
   [0.],
   [0.],
   [0.],
   [0.],
   [0.],
   [1.],
   [6.],
   [6.],
   [6.],
   [6.],
   [5.],
   [5.],
   [5.],
   [6.],
   [6.],
   [6.],
   [1.],
   [0.],
   [0.],
   [0.],
   [0.],
   [0.],
   [0.],
   [0.]],

  [[0.],
   [0.],
   [0.],
   [0.],
   [0.],
   [0.],
   [0.],
   [0.],
   [0.],
   [0.],
   [0.],
   [0.],
   [1.],
   [2.],
   [2.],
   [2.],
   [0.],
   [0.],
   [0.],
   [6.],
   [6.],
   [6.],
   [1.],
   [0.],
   [0.],
   [0.],
   [0.],
   [0.],
   [0.],
   [0.]],

  [[0.],
   [0.],
   [0.],
   [0.],
   [0.],
   [0.],
   [0.],
   [0.],
   [0.],
   [0.],
   [0.],
   [0.],
   [0.],
   [0.],
   [0.],
   [0.],
   [0.],
   [0.],
   [0.],
   [5.],
   [6.],
   [6.],
   [1.],
   [0.],
   [0.],
   [0.],
   [0.],
   [0.],
   [0.],
   [0.]],

  [[0.],
   [0.],
   [0.],
   [0.],
   [0.],
   [0.],
   [0.],
   [0.],
   [0.],
   [0.],
   [0.],
   [0.],
   [0.],
   [0.],
   [0.],
   [0.],
   [0.],
   [0.],
   [2.],
   [6.],
   [7.],
   [6.],
   [1.],
   [0.],
   [0.],
   [0.],
   [0.],
   [0.],
   [0.],
   [0.]],

  [[0.],
   [0.],
   [0.],
   [0.],
   [0.],
   [0.],
   [0.],
   [0.],
   [0.],
   [0.],
   [0.],
   [0.],
   [0.],
   [0.],
   [0.],
   [0.],
   [0.],
   [2.],
   [6.],
   [6.],
   [6.],
   [3.],
   [0.],
   [0.],
   [0.],
   [0.],
   [0.],
   [0.],
   [0.],
   [0.]],

  [[0.],
   [0.],
   [0.],
   [0.],
   [0.],
   [0.],
   [0.],
   [0.],
   [0.],
   [0.],
   [0.],
   [0.],
   [0.],
   [0.],
   [0.],
   [0.],
   [1.],
   [6.],
   [6.],
   [6.],
   [4.],
   [0.],
   [0.],
   [0.],
   [0.],
   [0.],
   [0.],
   [0.],
   [0.],
   [0.]],

  [[0.],
   [0.],
   [0.],
   [0.],
   [0.],
   [0.],
   [0.],
   [0.],
   [0.],
   [0.],
   [0.],
   [0.],
   [0.],
   [0.],
   [0.],
   [2.],
   [5.],
   [6.],
   [6.],
   [6.],
   [3.],
   [0.],
   [0.],
   [0.],
   [0.],
   [0.],
   [0.],
   [0.],
   [0.],
   [0.]],

  [[0.],
   [0.],
   [0.],
   [0.],
   [0.],
   [0.],
   [0.],
   [0.],
   [0.],
   [0.],
   [0.],
   [0.],
   [0.],
   [0.],
   [0.],
   [5.],
   [6.],
   [6.],
   [6.],
   [4.],
   [0.],
   [0.],
   [0.],
   [0.],
   [0.],
   [0.],
   [0.],
   [0.],
   [0.],
   [0.]],

  [[0.],
   [0.],
   [0.],
   [0.],
   [0.],
   [0.],
   [0.],
   [0.],
   [0.],
   [0.],
   [0.],
   [0.],
   [0.],
   [0.],
   [5.],
   [7.],
   [6.],
   [6.],
   [4.],
   [0.],
   [0.],
   [0.],
   [0.],
   [0.],
   [0.],
   [0.],
   [0.],
   [0.],
   [0.],
   [0.]],

  [[0.],
   [0.],
   [0.],
   [0.],
   [0.],
   [0.],
   [0.],
   [0.],
   [0.],
   [0.],
   [0.],
   [0.],
   [0.],
   [2.],
   [6.],
   [6.],
   [6.],
   [4.],
   [0.],
   [0.],
   [0.],
   [0.],
   [0.],
   [0.],
   [0.],
   [0.],
   [0.],
   [0.],
   [0.],
   [0.]],

  [[0.],
   [0.],
   [0.],
   [0.],
   [0.],
   [0.],
   [0.],
   [0.],
   [0.],
   [0.],
   [0.],
   [0.],
   [2.],
   [6.],
   [6.],
   [6.],
   [4.],
   [0.],
   [0.],
   [0.],
   [0.],
   [0.],
   [0.],
   [0.],
   [0.],
   [0.],
   [0.],
   [0.],
   [0.],
   [0.]],

  [[0.],
   [0.],
   [0.],
   [0.],
   [0.],
   [0.],
   [0.],
   [0.],
   [0.],
   [0.],
   [0.],
   [0.],
   [5.],
   [6.],
   [6.],
   [4.],
   [0.],
   [0.],
   [0.],
   [0.],
   [0.],
   [0.],
   [0.],
   [0.],
   [0.],
   [0.],
   [0.],
   [0.],
   [0.],
   [0.]],

  [[0.],
   [0.],
   [0.],
   [0.],
   [0.],
   [0.],
   [0.],
   [0.],
   [0.],
   [0.],
   [3.],
   [6.],
   [6.],
   [6.],
   [6.],
   [1.],
   [0.],
   [0.],
   [0.],
   [0.],
   [0.],
   [0.],
   [0.],
   [0.],
   [0.],
   [0.],
   [0.],
   [0.],
   [0.],
   [0.]],

  [[0.],
   [0.],
   [0.],
   [0.],
   [0.],
   [0.],
   [0.],
   [0.],
   [0.],
   [3.],
   [7.],
   [6.],
   [6.],
   [6.],
   [1.],
   [0.],
   [0.],
   [2.],
   [3.],
   [3.],
   [3.],
   [0.],
   [0.],
   [0.],
   [0.],
   [0.],
   [0.],
   [0.],
   [0.],
   [0.]],

  [[0.],
   [0.],
   [0.],
   [0.],
   [0.],
   [0.],
   [0.],
   [0.],
   [2.],
   [6.],
   [6.],
   [6.],
   [6.],
   [6.],
   [2.],
   [4.],
   [6.],
   [6.],
   [6.],
   [4.],
   [2.],
   [0.],
   [0.],
   [0.],
   [0.],
   [0.],
   [0.],
   [0.],
   [0.],
   [0.]],

  [[0.],
   [0.],
   [0.],
   [0.],
   [0.],
   [0.],
   [0.],
   [1.],
   [6.],
   [6.],
   [6.],
   [6.],
   [6.],
   [6.],
   [6.],
   [6.],
   [6.],
   [5.],
   [2.],
   [0.],
   [0.],
   [0.],
   [0.],
   [0.],
   [0.],
   [0.],
   [0.],
   [0.],
   [0.],
   [0.]],

  [[0.],
   [0.],
   [0.],
   [0.],
   [0.],
   [0.],
   [0.],
   [0.],
   [4.],
   [6.],
   [6.],
   [6.],
   [6.],
   [6.],
   [6.],
   [6.],
   [1.],
   [0.],
   [0.],
   [0.],
   [0.],
   [0.],
   [0.],
   [0.],
   [0.],
   [0.],
   [0.],
   [0.],
   [0.],
   [0.]],

  [[0.],
   [0.],
   [0.],
   [0.],
   [0.],
   [0.],
   [0.],
   [0.],
   [0.],
   [0.],
   [3.],
   [3.],
   [5.],
   [2.],
   [0.],
   [0.],
   [0.],
   [0.],
   [0.],
   [0.],
   [0.],
   [0.],
   [0.],
   [0.],
   [0.],
   [0.],
   [0.],
   [0.],
   [0.],
   [0.]],

  [[0.],
   [0.],
   [0.],
   [0.],
   [0.],
   [0.],
   [0.],
   [0.],
   [0.],
   [0.],
   [0.],
   [0.],
   [0.],
   [0.],
   [0.],
   [0.],
   [0.],
   [0.],
   [0.],
   [0.],
   [0.],
   [0.],
   [0.],
   [0.],
   [0.],
   [0.],
   [0.],
   [0.],
   [0.],
   [0.]],

  [[0.],
   [0.],
   [0.],
   [0.],
   [0.],
   [0.],
   [0.],
   [0.],
   [0.],
   [0.],
   [0.],
   [0.],
   [0.],
   [0.],
   [0.],
   [0.],
   [0.],
   [0.],
   [0.],
   [0.],
   [0.],
   [0.],
   [0.],
   [0.],
   [0.],
   [0.],
   [0.],
   [0.],
   [0.],
   [0.]],

  [[0.],
   [0.],
   [0.],
   [0.],
   [0.],
   [0.],
   [0.],
   [0.],
   [0.],
   [0.],
   [0.],
   [0.],
   [0.],
   [0.],
   [0.],
   [0.],
   [0.],
   [0.],
   [0.],
   [0.],
   [0.],
   [0.],
   [0.],
   [0.],
   [0.],
   [0.],
   [0.],
   [0.],
   [0.],
   [0.]],

  [[0.],
   [0.],
   [0.],
   [0.],
   [0.],
   [0.],
   [0.],
   [0.],
   [0.],
   [0.],
   [0.],
   [0.],
   [0.],
   [0.],
   [0.],
   [0.],
   [0.],
   [0.],
   [0.],
   [0.],
   [0.],
   [0.],
   [0.],
   [0.],
   [0.],
   [0.],
   [0.],
   [0.],
   [0.],
   [0.]],

  [[0.],
   [0.],
   [0.],
   [0.],
   [0.],
   [0.],
   [0.],
   [0.],
   [0.],
   [0.],
   [0.],
   [0.],
   [0.],
   [0.],
   [0.],
   [0.],
   [0.],
   [0.],
   [0.],
   [0.],
   [0.],
   [0.],
   [0.],
   [0.],
   [0.],
   [0.],
   [0.],
   [0.],
   [0.],
   [0.]]]]

🔹 Layer: conv2d_2
   📐 Output Shape: (1, 28, 28, 4)
   🔢 Output Values:
[[[[  0.,   0.,   0.,   0.],
   [  0.,   0.,   0.,   0.],
   [  0.,   0.,   0.,   0.],
   [  0.,   0.,   0.,   0.],
   [  0.,   0.,   0.,   0.],
   [  0.,   0.,   0.,   0.],
   [  0.,   0.,   0.,   0.],
   [  0.,   0.,   0.,   0.],
   [  0.,   0.,   0.,   0.],
   [  0.,   0.,   0.,   0.],
   [  0.,   0.,   0.,   0.],
   [  0.,   0.,   0.,   0.],
   [  0.,   0.,   0.,   0.],
   [  0.,   0.,   0.,   0.],
   [  0.,   0.,   0.,   0.],
   [  0.,   0.,   0.,   0.],
   [  0.,   0.,   0.,   0.],
   [  0.,   0.,   0.,   0.],
   [  0.,   0.,   0.,   0.],
   [  0.,   0.,   0.,   0.],
   [  0.,   0.,   0.,   0.],
   [  0.,   0.,   0.,   0.],
   [  0.,   0.,   0.,   0.],
   [  0.,   0.,   0.,   0.],
   [  0.,   0.,   0.,   0.],
   [  0.,   0.,   0.,   0.],
   [  0.,   0.,   0.,   0.],
   [  0.,   0.,   0.,   0.]],

  [[  0.,   0.,   0.,   0.],
   [  0.,   0.,   0.,   0.],
   [  0.,   0.,   0.,   0.],
   [  0.,   0.,   0.,   0.],
   [  0.,   0.,   0.,   0.],
   [  0.,   0.,   0.,   0.],
   [  0.,   0.,   0.,   0.],
   [  0.,   0.,   0.,   0.],
   [  0.,   0.,   0.,   0.],
   [  0.,   0.,   0.,   0.],
   [  0.,   0.,   0.,   0.],
   [  0.,   0.,   0.,   0.],
   [  0.,   0.,   0.,   0.],
   [  0.,   0.,   0.,   0.],
   [  0.,   0.,   0.,   0.],
   [  0.,   0.,   0.,   0.],
   [  0.,   0.,   0.,   0.],
   [  0.,   0.,   0.,   0.],
   [  0.,   0.,   0.,   0.],
   [  0.,   0.,   0.,   0.],
   [  0.,   0.,   0.,   0.],
   [  0.,   0.,   0.,   0.],
   [  0.,   0.,   0.,   0.],
   [  0.,   0.,   0.,   0.],
   [  0.,   0.,   0.,   0.],
   [  0.,   0.,   0.,   0.],
   [  0.,   0.,   0.,   0.],
   [  0.,   0.,   0.,   0.]],

  [[  0.,   0.,   0.,   0.],
   [  0.,   0.,   0.,   0.],
   [  0.,   0.,   0.,   0.],
   [  0.,   0.,   0.,   0.],
   [  0.,   0.,   0.,   0.],
   [  0.,   0.,   0.,   0.],
   [  0.,   0.,   0.,   0.],
   [  0.,   0.,   0.,   0.],
   [  0.,   0.,   0.,   0.],
   [  0.,   0.,   0.,   0.],
   [  0.,   0.,   0.,   0.],
   [  0.,   0.,   0.,   0.],
   [  0.,   0.,   0.,   0.],
   [  0.,   0.,   0.,   0.],
   [  0.,   0.,   0.,   0.],
   [  0.,   0.,   0.,   0.],
   [  0.,   0.,   0.,   0.],
   [  0.,   0.,   0.,   0.],
   [  0.,   0.,   0.,   0.],
   [  0.,   0.,   0.,   0.],
   [  0.,   0.,   0.,   0.],
   [  0.,   0.,   0.,   0.],
   [  0.,   0.,   0.,   0.],
   [  0.,   0.,   0.,   0.],
   [  0.,   0.,   0.,   0.],
   [  0.,   0.,   0.,   0.],
   [  0.,   0.,   0.,   0.],
   [  0.,   0.,   0.,   0.]],

  [[  0.,   0.,   0.,   0.],
   [  0.,   0.,   0.,   0.],
   [  0.,   0.,   0.,   0.],
   [  0.,   0.,   0.,   0.],
   [  0.,   0.,   0.,   0.],
   [  0.,   0.,   0.,   0.],
   [  0.,   0.,   0.,   0.],
   [  0.,   0.,   0.,   0.],
   [  0.,   0.,   0.,   0.],
   [  0.,   0.,   0.,   0.],
   [  0.,   0.,   0.,   0.],
   [  0.,   0.,  15.,   9.],
   [  6.,   0.,   6.,  21.],
   [  0.,   0.,  11.,  24.],
   [ 24.,   0.,   0.,  37.],
   [ 26.,   0.,   0.,  21.],
   [ 24.,   0.,   0.,  24.],
   [ 24.,   0.,   0.,  24.],
   [ 44.,   0.,   0.,   9.],
   [ 18.,   0.,   0.,   0.],
   [  2.,   0.,   0.,   0.],
   [  0.,   0.,   0.,   0.],
   [  0.,   0.,   0.,   0.],
   [  0.,   0.,   0.,   0.],
   [  0.,   0.,   0.,   0.],
   [  0.,   0.,   0.,   0.],
   [  0.,   0.,   0.,   0.],
   [  0.,   0.,   0.,   0.]],

  [[  0.,   0.,   0.,   0.],
   [  0.,   0.,   0.,   0.],
   [  0.,   0.,   0.,   0.],
   [  0.,   0.,   0.,   0.],
   [  0.,   0.,   0.,   0.],
   [  0.,   0.,   0.,   0.],
   [  0.,   0.,   0.,   0.],
   [  0.,   0.,   0.,   0.],
   [  0.,   0.,   0.,   0.],
   [  0.,   0.,  10.,   6.],
   [  0.,   0.,  24.,  26.],
   [ 25.,   0.,  11.,  51.],
   [ 15.,   0.,   0.,  45.],
   [ 42.,   0.,   0.,  44.],
   [ 15.,   0.,   0.,  47.],
   [ 41.,   0.,   0.,  17.],
   [ 36.,   0.,   0.,  24.],
   [ 36.,   0.,   0.,  24.],
   [ 21.,   0.,   0.,   0.],
   [ 56.,   0.,   1.,   0.],
   [ 41.,   0.,   0.,   0.],
   [  8.,   0.,   0.,   0.],
   [  0.,   0.,   0.,   0.],
   [  0.,   0.,   0.,   0.],
   [  0.,   0.,   0.,   0.],
   [  0.,   0.,   0.,   0.],
   [  0.,   0.,   0.,   0.],
   [  0.,   0.,   0.,   0.]],

  [[  0.,   0.,   0.,   0.],
   [  0.,   0.,   0.,   0.],
   [  0.,   0.,   0.,   0.],
   [  0.,   0.,   0.,   0.],
   [  0.,   0.,   0.,   0.],
   [  0.,   0.,   0.,   0.],
   [  0.,   0.,   0.,   0.],
   [  0.,   0.,   0.,   0.],
   [  0.,   0.,   0.,   0.],
   [  2.,   0.,  11.,  13.],
   [  0.,   0.,  31.,  56.],
   [  0.,   0.,   0.,  82.],
   [ 30.,   0.,   0.,  36.],
   [ 27.,   0.,   0.,  41.],
   [ 53.,   0.,   0.,  29.],
   [ 71.,   0.,   0.,   6.],
   [ 62.,   0.,   0.,  14.],
   [ 58.,   0.,   0.,  17.],
   [ 94.,   0.,   2.,   0.],
   [ 76.,   0.,   0.,   0.],
   [ 57.,   0.,   0.,   0.],
   [ 38.,   0.,   0.,   0.],
   [  2.,   0.,   0.,   0.],
   [  0.,   0.,   0.,   0.],
   [  0.,   0.,   0.,   0.],
   [  0.,   0.,   0.,   0.],
   [  0.,   0.,   0.,   0.],
   [  0.,   0.,   0.,   0.]],

  [[  0.,   0.,   0.,   0.],
   [  0.,   0.,   0.,   0.],
   [  0.,   0.,   0.,   0.],
   [  0.,   0.,   0.,   0.],
   [  0.,   0.,   0.,   0.],
   [  0.,   0.,   0.,   0.],
   [  0.,   0.,   0.,   0.],
   [  0.,   0.,   0.,   0.],
   [  0.,   0.,   0.,   0.],
   [  0.,  11.,   0.,  15.],
   [  0.,  30.,   0.,  63.],
   [  0.,  28.,   0.,  59.],
   [ 48.,  14.,   0.,   5.],
   [ 50.,   8.,   0.,   2.],
   [ 55.,  17.,   0.,   0.],
   [ 49.,  31.,   0.,   0.],
   [ 40.,  44.,   0.,   0.],
   [ 19.,  19.,  31.,  17.],
   [ 49.,   0.,   6.,  43.],
   [ 78.,   0.,   0.,   8.],
   [ 99.,   0.,   0.,   0.],
   [ 70.,   0.,   0.,   0.],
   [  7.,   0.,   1.,   0.],
   [  0.,   0.,   0.,   0.],
   [  0.,   0.,   0.,   0.],
   [  0.,   0.,   0.,   0.],
   [  0.,   0.,   0.,   0.],
   [  0.,   0.,   0.,   0.]],

  [[  0.,   0.,   0.,   0.],
   [  0.,   0.,   0.,   0.],
   [  0.,   0.,   0.,   0.],
   [  0.,   0.,   0.,   0.],
   [  0.,   0.,   0.,   0.],
   [  0.,   0.,   0.,   0.],
   [  0.,   0.,   0.,   0.],
   [  0.,   0.,   0.,   0.],
   [  0.,   0.,   0.,   0.],
   [  0.,   6.,   0.,   5.],
   [  0.,  37.,   0.,  34.],
   [  0.,  47.,   0.,  31.],
   [ 29.,  51.,   0.,   1.],
   [ 34.,  50.,   0.,   0.],
   [ 34.,  46.,   0.,   0.],
   [ 42.,  44.,   2.,   0.],
   [ 25.,  45.,   0.,   0.],
   [ 17.,  25.,  30.,  45.],
   [ 11.,   0.,   0.,  79.],
   [ 64.,   0.,   0.,  21.],
   [101.,   0.,   0.,   0.],
   [ 88.,   0.,   0.,   0.],
   [ 14.,   0.,   1.,   0.],
   [  0.,   0.,   0.,   0.],
   [  0.,   0.,   0.,   0.],
   [  0.,   0.,   0.,   0.],
   [  0.,   0.,   0.,   0.],
   [  0.,   0.,   0.,   0.]],

  [[  0.,   0.,   0.,   0.],
   [  0.,   0.,   0.,   0.],
   [  0.,   0.,   0.,   0.],
   [  0.,   0.,   0.,   0.],
   [  0.,   0.,   0.,   0.],
   [  0.,   0.,   0.,   0.],
   [  0.,   0.,   0.,   0.],
   [  0.,   0.,   0.,   0.],
   [  0.,   0.,   0.,   0.],
   [  0.,   0.,   0.,   0.],
   [  0.,   6.,   0.,   5.],
   [  0.,  14.,   0.,   9.],
   [  3.,  17.,   0.,   3.],
   [ 10.,  18.,   0.,   0.],
   [ 22.,   6.,   2.,   0.],
   [ 14.,   2.,   0.,   0.],
   [  0.,   0.,  10.,   6.],
   [  0.,   0.,  21.,  81.],
   [  0.,   0.,   0., 103.],
   [ 67.,   0.,   0.,  29.],
   [103.,   0.,   0.,   0.],
   [ 88.,   0.,   0.,   0.],
   [ 14.,   0.,   1.,   0.],
   [  0.,   0.,   0.,   0.],
   [  0.,   0.,   0.,   0.],
   [  0.,   0.,   0.,   0.],
   [  0.,   0.,   0.,   0.],
   [  0.,   0.,   0.,   0.]],

  [[  0.,   0.,   0.,   0.],
   [  0.,   0.,   0.,   0.],
   [  0.,   0.,   0.,   0.],
   [  0.,   0.,   0.,   0.],
   [  0.,   0.,   0.,   0.],
   [  0.,   0.,   0.,   0.],
   [  0.,   0.,   0.,   0.],
   [  0.,   0.,   0.,   0.],
   [  0.,   0.,   0.,   0.],
   [  0.,   0.,   0.,   0.],
   [  0.,   0.,   0.,   0.],
   [  0.,   0.,   0.,   0.],
   [  0.,   0.,   0.,   0.],
   [  0.,   0.,   0.,   0.],
   [  0.,   0.,   0.,   0.],
   [  0.,   0.,  10.,   6.],
   [  0.,   0.,  30.,  36.],
   [  0.,   0.,   0.,  95.],
   [  3.,   0.,   0.,  82.],
   [ 65.,   0.,   0.,  16.],
   [ 92.,   0.,   0.,   0.],
   [ 76.,   0.,  15.,   0.],
   [ 12.,   0.,   6.,   0.],
   [  0.,   0.,   0.,   0.],
   [  0.,   0.,   0.,   0.],
   [  0.,   0.,   0.,   0.],
   [  0.,   0.,   0.,   0.],
   [  0.,   0.,   0.,   0.]],

  [[  0.,   0.,   0.,   0.],
   [  0.,   0.,   0.,   0.],
   [  0.,   0.,   0.,   0.],
   [  0.,   0.,   0.,   0.],
   [  0.,   0.,   0.,   0.],
   [  0.,   0.,   0.,   0.],
   [  0.,   0.,   0.,   0.],
   [  0.,   0.,   0.,   0.],
   [  0.,   0.,   0.,   0.],
   [  0.,   0.,   0.,   0.],
   [  0.,   0.,   0.,   0.],
   [  0.,   0.,   0.,   0.],
   [  0.,   0.,   0.,   0.],
   [  0.,   0.,   0.,   0.],
   [  0.,   0.,   5.,   3.],
   [  0.,   0.,  33.,  32.],
   [  8.,   0.,   5.,  83.],
   [  0.,   0.,   0.,  80.],
   [ 40.,   0.,   0.,  37.],
   [ 73.,   0.,   0.,   0.],
   [ 87.,   0.,   0.,   0.],
   [ 61.,   5.,  19.,   0.],
   [  7.,   1.,   0.,   0.],
   [  0.,   0.,   0.,   0.],
   [  0.,   0.,   0.,   0.],
   [  0.,   0.,   0.,   0.],
   [  0.,   0.,   0.,   0.],
   [  0.,   0.,   0.,   0.]],

  [[  0.,   0.,   0.,   0.],
   [  0.,   0.,   0.,   0.],
   [  0.,   0.,   0.,   0.],
   [  0.,   0.,   0.,   0.],
   [  0.,   0.,   0.,   0.],
   [  0.,   0.,   0.,   0.],
   [  0.,   0.,   0.,   0.],
   [  0.,   0.,   0.,   0.],
   [  0.,   0.,   0.,   0.],
   [  0.,   0.,   0.,   0.],
   [  0.,   0.,   0.,   0.],
   [  0.,   0.,   0.,   0.],
   [  0.,   0.,   0.,   0.],
   [  0.,   0.,  10.,   6.],
   [  0.,   0.,  22.,  28.],
   [ 10.,   0.,  10.,  74.],
   [  0.,   0.,   0.,  90.],
   [ 38.,   0.,   0.,  38.],
   [ 72.,   0.,   0.,   0.],
   [ 84.,   0.,   0.,   0.],
   [ 80.,   0.,  12.,   0.],
   [ 21.,   3.,   0.,   0.],
   [  0.,   0.,   0.,   0.],
   [  0.,   0.,   0.,   0.],
   [  0.,   0.,   0.,   0.],
   [  0.,   0.,   0.,   0.],
   [  0.,   0.,   0.,   0.],
   [  0.,   0.,   0.,   0.]],

  [[  0.,   0.,   0.,   0.],
   [  0.,   0.,   0.,   0.],
   [  0.,   0.,   0.,   0.],
   [  0.,   0.,   0.,   0.],
   [  0.,   0.,   0.,   0.],
   [  0.,   0.,   0.,   0.],
   [  0.,   0.,   0.,   0.],
   [  0.,   0.,   0.,   0.],
   [  0.,   0.,   0.,   0.],
   [  0.,   0.,   0.,   0.],
   [  0.,   0.,   0.,   0.],
   [  0.,   0.,   0.,   0.],
   [  0.,   0.,   0.,   0.],
   [  0.,   0.,  31.,  25.],
   [  3.,   0.,  13.,  72.],
   [  0.,   0.,   0.,  82.],
   [ 26.,   0.,   0.,  50.],
   [ 74.,   0.,   0.,  12.],
   [ 81.,   0.,   0.,   0.],
   [ 78.,   0.,   0.,   0.],
   [ 43.,   1.,  18.,   0.],
   [  0.,   0.,   0.,   0.],
   [  0.,   0.,   0.,   0.],
   [  0.,   0.,   0.,   0.],
   [  0.,   0.,   0.,   0.],
   [  0.,   0.,   0.,   0.],
   [  0.,   0.,   0.,   0.],
   [  0.,   0.,   0.,   0.]],

  [[  0.,   0.,   0.,   0.],
   [  0.,   0.,   0.,   0.],
   [  0.,   0.,   0.,   0.],
   [  0.,   0.,   0.,   0.],
   [  0.,   0.,   0.,   0.],
   [  0.,   0.,   0.,   0.],
   [  0.,   0.,   0.,   0.],
   [  0.,   0.,   0.,   0.],
   [  0.,   0.,   0.,   0.],
   [  0.,   0.,   0.,   0.],
   [  0.,   0.,   0.,   0.],
   [  0.,   0.,   0.,   0.],
   [  0.,   0.,  25.,  15.],
   [  5.,   0.,  29.,  76.],
   [  0.,   0.,   0.,  94.],
   [ 31.,   0.,   0.,  43.],
   [ 67.,   0.,   0.,  17.],
   [ 72.,   0.,   0.,   0.],
   [ 62.,   6.,   0.,   0.],
   [ 74.,   8.,  27.,   0.],
   [ 21.,   3.,   0.,   0.],
   [  0.,   0.,   0.,   0.],
   [  0.,   0.,   0.,   0.],
   [  0.,   0.,   0.,   0.],
   [  0.,   0.,   0.,   0.],
   [  0.,   0.,   0.,   0.],
   [  0.,   0.,   0.,   0.],
   [  0.,   0.,   0.,   0.]],

  [[  0.,   0.,   0.,   0.],
   [  0.,   0.,   0.,   0.],
   [  0.,   0.,   0.,   0.],
   [  0.,   0.,   0.,   0.],
   [  0.,   0.,   0.,   0.],
   [  0.,   0.,   0.,   0.],
   [  0.,   0.,   0.,   0.],
   [  0.,   0.,   0.,   0.],
   [  0.,   0.,   0.,   0.],
   [  0.,   0.,   0.,   0.],
   [  0.,   0.,   0.,   0.],
   [  0.,   0.,  10.,   6.],
   [  3.,   0.,  39.,  51.],
   [  0.,   0.,   0., 106.],
   [  9.,   0.,   0.,  58.],
   [ 72.,   0.,   0.,  10.],
   [ 72.,   0.,   0.,   0.],
   [ 56.,  12.,   0.,   0.],
   [ 78.,  10.,  28.,   0.],
   [ 28.,   4.,   0.,   0.],
   [  0.,   0.,   0.,   0.],
   [  0.,   0.,   0.,   0.],
   [  0.,   0.,   0.,   0.],
   [  0.,   0.,   0.,   0.],
   [  0.,   0.,   0.,   0.],
   [  0.,   0.,   0.,   0.],
   [  0.,   0.,   0.,   0.],
   [  0.,   0.,   0.,   0.]],

  [[  0.,   0.,   0.,   0.],
   [  0.,   0.,   0.,   0.],
   [  0.,   0.,   0.,   0.],
   [  0.,   0.,   0.,   0.],
   [  0.,   0.,   0.,   0.],
   [  0.,   0.,   0.,   0.],
   [  0.,   0.,   0.,   0.],
   [  0.,   0.,   0.,   0.],
   [  0.,   0.,   0.,   0.],
   [  0.,   0.,   0.,   0.],
   [  0.,   0.,  10.,   6.],
   [  0.,   0.,  30.,  36.],
   [  0.,   0.,   0.,  95.],
   [  0.,   0.,   0.,  82.],
   [ 71.,   0.,   0.,  16.],
   [ 79.,   0.,   0.,   0.],
   [ 56.,  12.,   0.,   0.],
   [ 78.,  10.,  28.,   0.],
   [ 28.,   4.,   0.,   0.],
   [  0.,   0.,   0.,   0.],
   [  0.,   0.,   0.,   0.],
   [  0.,   0.,   0.,   0.],
   [  0.,   0.,   0.,   0.],
   [  0.,   0.,   0.,   0.],
   [  0.,   0.,   0.,   0.],
   [  0.,   0.,   0.,   0.],
   [  0.,   0.,   0.,   0.],
   [  0.,   0.,   0.,   0.]],

  [[  0.,   0.,   0.,   0.],
   [  0.,   0.,   0.,   0.],
   [  0.,   0.,   0.,   0.],
   [  0.,   0.,   0.,   0.],
   [  0.,   0.,   0.,   0.],
   [  0.,   0.,   0.,   0.],
   [  0.,   0.,   0.,   0.],
   [  0.,   0.,   0.,   0.],
   [  0.,   0.,   0.,   0.],
   [  0.,   0.,   0.,   0.],
   [  0.,   0.,  31.,  25.],
   [  0.,   0.,  13.,  82.],
   [  0.,   0.,   0.,  83.],
   [ 46.,   0.,   0.,  32.],
   [ 72.,   0.,   0.,   0.],
   [ 56.,  12.,   0.,   0.],
   [ 78.,  10.,  28.,   0.],
   [ 28.,   4.,   0.,   0.],
   [  0.,   0.,   0.,   0.],
   [  0.,   0.,   0.,   0.],
   [  0.,   0.,   0.,   0.],
   [  0.,   0.,   0.,   0.],
   [  0.,   0.,   0.,   0.],
   [  0.,   0.,   0.,   0.],
   [  0.,   0.,   0.,   0.],
   [  0.,   0.,   0.,   0.],
   [  0.,   0.,   0.,   0.],
   [  0.,   0.,   0.,   0.]],

  [[  0.,   0.,   0.,   0.],
   [  0.,   0.,   0.,   0.],
   [  0.,   0.,   0.,   0.],
   [  0.,   0.,   0.,   0.],
   [  0.,   0.,   0.,   0.],
   [  0.,   0.,   0.,   0.],
   [  0.,   0.,   0.,   0.],
   [  0.,   0.,   0.,   0.],
   [  0.,   0.,  15.,   9.],
   [  0.,   0.,  21.,  30.],
   [ 21.,   0.,   6.,  68.],
   [  0.,   0.,   0.,  92.],
   [ 33.,   0.,   0.,  45.],
   [ 80.,   0.,   0.,   0.],
   [ 66.,   0.,   0.,   0.],
   [ 80.,   4.,  23.,   0.],
   [ 28.,   4.,   0.,   0.],
   [  0.,   0.,   0.,   0.],
   [  0.,   0.,   0.,   0.],
   [  0.,   0.,   0.,   0.],
   [  0.,   0.,   0.,   0.],
   [  0.,   0.,   0.,   0.],
   [  0.,   0.,   0.,   0.],
   [  0.,   0.,   0.,   0.],
   [  0.,   0.,   0.,   0.],
   [  0.,   0.,   0.,   0.],
   [  0.,   0.,   0.,   0.],
   [  0.,   0.,   0.,   0.]],

  [[  0.,   0.,   0.,   0.],
   [  0.,   0.,   0.,   0.],
   [  0.,   0.,   0.,   0.],
   [  0.,   0.,   0.,   0.],
   [  0.,   0.,   0.,   0.],
   [  0.,   0.,   0.,   0.],
   [  0.,   0.,   0.,   0.],
   [  0.,   0.,  15.,   9.],
   [  0.,   0.,  35.,  48.],
   [ 24.,   0.,   0.,  73.],
   [  0.,   0.,   0.,  67.],
   [ 20.,   0.,   0.,  49.],
   [ 79.,   0.,   0.,   8.],
   [ 57.,   0.,   0.,   0.],
   [ 84.,   2.,  28.,   0.],
   [ 25.,   0.,  16.,   0.],
   [  0.,   0.,   9.,  17.],
   [ 10.,   0.,   0.,  15.],
   [ 12.,   0.,   0.,  12.],
   [ 24.,   0.,   0.,   3.],
   [  6.,   0.,   0.,   0.],
   [  0.,   0.,   0.,   0.],
   [  0.,   0.,   0.,   0.],
   [  0.,   0.,   0.,   0.],
   [  0.,   0.,   0.,   0.],
   [  0.,   0.,   0.,   0.],
   [  0.,   0.,   0.,   0.],
   [  0.,   0.,   0.,   0.]],

  [[  0.,   0.,   0.,   0.],
   [  0.,   0.,   0.,   0.],
   [  0.,   0.,   0.,   0.],
   [  0.,   0.,   0.,   0.],
   [  0.,   0.,   0.,   0.],
   [  0.,   0.,   0.,   0.],
   [  0.,   0.,  10.,   6.],
   [  0.,   0.,  33.,  41.],
   [  1.,   0.,   0.,  92.],
   [  0.,   0.,   0.,  74.],
   [ 50.,   0.,   0.,  26.],
   [ 66.,   0.,   0.,  18.],
   [ 67.,   0.,   0.,   0.],
   [ 92.,   0.,  16.,   0.],
   [ 55.,   0.,  15.,   0.],
   [ 33.,   0.,   0.,  35.],
   [ 21.,   0.,   0.,  43.],
   [ 33.,   0.,   0.,  25.],
   [ 34.,   0.,   0.,   4.],
   [ 17.,   0.,   0.,   0.],
   [ 19.,   0.,   8.,   0.],
   [  0.,   0.,   0.,   0.],
   [  0.,   0.,   0.,   0.],
   [  0.,   0.,   0.,   0.],
   [  0.,   0.,   0.,   0.],
   [  0.,   0.,   0.,   0.],
   [  0.,   0.,   0.,   0.],
   [  0.,   0.,   0.,   0.]],

  [[  0.,   0.,   0.,   0.],
   [  0.,   0.,   0.,   0.],
   [  0.,   0.,   0.,   0.],
   [  0.,   0.,   0.,   0.],
   [  0.,   0.,   0.,   0.],
   [  0.,   0.,   5.,   3.],
   [  0.,   0.,  33.,  32.],
   [  2.,   0.,   2.,  88.],
   [  0.,   0.,   0.,  84.],
   [ 49.,   0.,   0.,  32.],
   [ 73.,   0.,   0.,  13.],
   [ 66.,   0.,   0.,  18.],
   [ 84.,   0.,   0.,   0.],
   [100.,   0.,  17.,   0.],
   [ 35.,   0.,   0.,  43.],
   [ 18.,   0.,   0.,  45.],
   [ 36.,   0.,   0.,  21.],
   [ 36.,   0.,   0.,   0.],
   [ 31.,   7.,   0.,   0.],
   [ 41.,   5.,  13.,   0.],
   [ 31.,   1.,  12.,   0.],
   [  0.,   0.,   0.,   0.],
   [  0.,   0.,   0.,   0.],
   [  0.,   0.,   0.,   0.],
   [  0.,   0.,   0.,   0.],
   [  0.,   0.,   0.,   0.],
   [  0.,   0.,   0.,   0.],
   [  0.,   0.,   0.,   0.]],

  [[  0.,   0.,   0.,   0.],
   [  0.,   0.,   0.,   0.],
   [  0.,   0.,   0.,   0.],
   [  0.,   0.,   0.,   0.],
   [  0.,   0.,   0.,   0.],
   [  3.,   0.,   3.,   5.],
   [  0.,   0.,  25.,  54.],
   [  0.,   0.,   0.,  97.],
   [ 34.,   0.,   0.,  44.],
   [ 66.,   0.,   0.,  18.],
   [ 66.,   0.,   0.,  18.],
   [ 66.,   0.,   0.,  18.],
   [ 90.,   0.,   0.,   0.],
   [ 62.,   0.,   0.,  12.],
   [ 50.,   0.,   0.,  25.],
   [ 43.,   0.,   0.,   0.],
   [ 38.,  40.,   0.,   0.],
   [ 55.,  37.,  10.,   0.],
   [ 56.,  24.,  10.,   0.],
   [ 36.,   8.,   2.,   0.],
   [ 14.,   2.,   0.,   0.],
   [  0.,   0.,   0.,   0.],
   [  0.,   0.,   0.,   0.],
   [  0.,   0.,   0.,   0.],
   [  0.,   0.,   0.,   0.],
   [  0.,   0.,   0.,   0.],
   [  0.,   0.,   0.,   0.],
   [  0.,   0.,   0.,   0.]],

  [[  0.,   0.,   0.,   0.],
   [  0.,   0.,   0.,   0.],
   [  0.,   0.,   0.,   0.],
   [  0.,   0.,   0.,   0.],
   [  0.,   0.,   0.,   0.],
   [  0.,   6.,   0.,   5.],
   [  0.,  34.,   0.,  49.],
   [  0.,  43.,   0.,  57.],
   [ 20.,  32.,   3.,  17.],
   [ 48.,   9.,   6.,  15.],
   [ 46.,   0.,   1.,  12.],
   [ 70.,   0.,   0.,  11.],
   [ 64.,   0.,   0.,   0.],
   [ 46.,  30.,   0.,   0.],
   [ 27.,  47.,   0.,   0.],
   [ 60.,  42.,  20.,   0.],
   [ 55.,  27.,   5.,   0.],
   [ 43.,   9.,   2.,   0.],
   [ 14.,   2.,   0.,   0.],
   [  0.,   0.,   0.,   0.],
   [  0.,   0.,   0.,   0.],
   [  0.,   0.,   0.,   0.],
   [  0.,   0.,   0.,   0.],
   [  0.,   0.,   0.,   0.],
   [  0.,   0.,   0.,   0.],
   [  0.,   0.,   0.,   0.],
   [  0.,   0.,   0.,   0.],
   [  0.,   0.,   0.,   0.]],

  [[  0.,   0.,   0.,   0.],
   [  0.,   0.,   0.,   0.],
   [  0.,   0.,   0.,   0.],
   [  0.,   0.,   0.,   0.],
   [  0.,   0.,   0.,   0.],
   [  0.,   0.,   0.,   0.],
   [  0.,  24.,   0.,  20.],
   [  0.,  44.,   0.,  26.],
   [ 25.,  49.,   0.,  19.],
   [ 21.,  51.,   0.,  15.],
   [ 42.,  46.,   0.,   4.],
   [ 21.,  49.,   0.,   0.],
   [ 43.,  49.,   4.,   0.],
   [ 40.,  52.,   0.,   0.],
   [ 60.,  24.,   3.,   0.],
   [ 46.,   8.,   1.,   0.],
   [  7.,   1.,   0.,   0.],
   [  0.,   0.,   0.,   0.],
   [  0.,   0.,   0.,   0.],
   [  0.,   0.,   0.,   0.],
   [  0.,   0.,   0.,   0.],
   [  0.,   0.,   0.,   0.],
   [  0.,   0.,   0.,   0.],
   [  0.,   0.,   0.,   0.],
   [  0.,   0.,   0.,   0.],
   [  0.,   0.,   0.,   0.],
   [  0.,   0.,   0.,   0.],
   [  0.,   0.,   0.,   0.]],

  [[  0.,   0.,   0.,   0.],
   [  0.,   0.,   0.,   0.],
   [  0.,   0.,   0.,   0.],
   [  0.,   0.,   0.,   0.],
   [  0.,   0.,   0.,   0.],
   [  0.,   0.,   0.,   0.],
   [  0.,   0.,   0.,   0.],
   [  0.,   0.,   0.,   0.],
   [  0.,  18.,   0.,  15.],
   [  0.,  24.,   0.,  12.],
   [  3.,  39.,   0.,   7.],
   [ 29.,  25.,   0.,   0.],
   [ 43.,   9.,   2.,   0.],
   [ 14.,   2.,   0.,   0.],
   [  0.,   0.,   0.,   0.],
   [  0.,   0.,   0.,   0.],
   [  0.,   0.,   0.,   0.],
   [  0.,   0.,   0.,   0.],
   [  0.,   0.,   0.,   0.],
   [  0.,   0.,   0.,   0.],
   [  0.,   0.,   0.,   0.],
   [  0.,   0.,   0.,   0.],
   [  0.,   0.,   0.,   0.],
   [  0.,   0.,   0.,   0.],
   [  0.,   0.,   0.,   0.],
   [  0.,   0.,   0.,   0.],
   [  0.,   0.,   0.,   0.],
   [  0.,   0.,   0.,   0.]],

  [[  0.,   0.,   0.,   0.],
   [  0.,   0.,   0.,   0.],
   [  0.,   0.,   0.,   0.],
   [  0.,   0.,   0.,   0.],
   [  0.,   0.,   0.,   0.],
   [  0.,   0.,   0.,   0.],
   [  0.,   0.,   0.,   0.],
   [  0.,   0.,   0.,   0.],
   [  0.,   0.,   0.,   0.],
   [  0.,   0.,   0.,   0.],
   [  0.,   0.,   0.,   0.],
   [  0.,   0.,   0.,   0.],
   [  0.,   0.,   0.,   0.],
   [  0.,   0.,   0.,   0.],
   [  0.,   0.,   0.,   0.],
   [  0.,   0.,   0.,   0.],
   [  0.,   0.,   0.,   0.],
   [  0.,   0.,   0.,   0.],
   [  0.,   0.,   0.,   0.],
   [  0.,   0.,   0.,   0.],
   [  0.,   0.,   0.,   0.],
   [  0.,   0.,   0.,   0.],
   [  0.,   0.,   0.,   0.],
   [  0.,   0.,   0.,   0.],
   [  0.,   0.,   0.,   0.],
   [  0.,   0.,   0.,   0.],
   [  0.,   0.,   0.,   0.],
   [  0.,   0.,   0.,   0.]],

  [[  0.,   0.,   0.,   0.],
   [  0.,   0.,   0.,   0.],
   [  0.,   0.,   0.,   0.],
   [  0.,   0.,   0.,   0.],
   [  0.,   0.,   0.,   0.],
   [  0.,   0.,   0.,   0.],
   [  0.,   0.,   0.,   0.],
   [  0.,   0.,   0.,   0.],
   [  0.,   0.,   0.,   0.],
   [  0.,   0.,   0.,   0.],
   [  0.,   0.,   0.,   0.],
   [  0.,   0.,   0.,   0.],
   [  0.,   0.,   0.,   0.],
   [  0.,   0.,   0.,   0.],
   [  0.,   0.,   0.,   0.],
   [  0.,   0.,   0.,   0.],
   [  0.,   0.,   0.,   0.],
   [  0.,   0.,   0.,   0.],
   [  0.,   0.,   0.,   0.],
   [  0.,   0.,   0.,   0.],
   [  0.,   0.,   0.,   0.],
   [  0.,   0.,   0.,   0.],
   [  0.,   0.,   0.,   0.],
   [  0.,   0.,   0.,   0.],
   [  0.,   0.,   0.,   0.],
   [  0.,   0.,   0.,   0.],
   [  0.,   0.,   0.,   0.],
   [  0.,   0.,   0.,   0.]],

  [[  0.,   0.,   0.,   0.],
   [  0.,   0.,   0.,   0.],
   [  0.,   0.,   0.,   0.],
   [  0.,   0.,   0.,   0.],
   [  0.,   0.,   0.,   0.],
   [  0.,   0.,   0.,   0.],
   [  0.,   0.,   0.,   0.],
   [  0.,   0.,   0.,   0.],
   [  0.,   0.,   0.,   0.],
   [  0.,   0.,   0.,   0.],
   [  0.,   0.,   0.,   0.],
   [  0.,   0.,   0.,   0.],
   [  0.,   0.,   0.,   0.],
   [  0.,   0.,   0.,   0.],
   [  0.,   0.,   0.,   0.],
   [  0.,   0.,   0.,   0.],
   [  0.,   0.,   0.,   0.],
   [  0.,   0.,   0.,   0.],
   [  0.,   0.,   0.,   0.],
   [  0.,   0.,   0.,   0.],
   [  0.,   0.,   0.,   0.],
   [  0.,   0.,   0.,   0.],
   [  0.,   0.,   0.,   0.],
   [  0.,   0.,   0.,   0.],
   [  0.,   0.,   0.,   0.],
   [  0.,   0.,   0.,   0.],
   [  0.,   0.,   0.,   0.],
   [  0.,   0.,   0.,   0.]]]]

🔹 Layer: average_pooling2d_2
   📐 Output Shape: (1, 14, 14, 4)
   🔢 Output Values:
[[[[ 0.  ,  0.  ,  0.  ,  0.  ],
   [ 0.  ,  0.  ,  0.  ,  0.  ],
   [ 0.  ,  0.  ,  0.  ,  0.  ],
   [ 0.  ,  0.  ,  0.  ,  0.  ],
   [ 0.  ,  0.  ,  0.  ,  0.  ],
   [ 0.  ,  0.  ,  0.  ,  0.  ],
   [ 0.  ,  0.  ,  0.  ,  0.  ],
   [ 0.  ,  0.  ,  0.  ,  0.  ],
   [ 0.  ,  0.  ,  0.  ,  0.  ],
   [ 0.  ,  0.  ,  0.  ,  0.  ],
   [ 0.  ,  0.  ,  0.  ,  0.  ],
   [ 0.  ,  0.  ,  0.  ,  0.  ],
   [ 0.  ,  0.  ,  0.  ,  0.  ],
   [ 0.  ,  0.  ,  0.  ,  0.  ]],

  [[ 0.  ,  0.  ,  0.  ,  0.  ],
   [ 0.  ,  0.  ,  0.  ,  0.  ],
   [ 0.  ,  0.  ,  0.  ,  0.  ],
   [ 0.  ,  0.  ,  0.  ,  0.  ],
   [ 0.  ,  0.  ,  0.  ,  0.  ],
   [ 0.  ,  0.  ,  3.75,  2.25],
   [ 1.5 ,  0.  ,  4.25, 11.25],
   [12.5 ,  0.  ,  0.  , 14.5 ],
   [12.  ,  0.  ,  0.  , 12.  ],
   [15.5 ,  0.  ,  0.  ,  2.25],
   [ 0.5 ,  0.  ,  0.  ,  0.  ],
   [ 0.  ,  0.  ,  0.  ,  0.  ],
   [ 0.  ,  0.  ,  0.  ,  0.  ],
   [ 0.  ,  0.  ,  0.  ,  0.  ]],

  [[ 0.  ,  0.  ,  0.  ,  0.  ],
   [ 0.  ,  0.  ,  0.  ,  0.  ],
   [ 0.  ,  0.  ,  0.  ,  0.  ],
   [ 0.  ,  0.  ,  0.  ,  0.  ],
   [ 0.5 ,  0.  ,  5.25,  4.75],
   [ 6.25,  0.  , 16.5 , 53.75],
   [28.5 ,  0.  ,  0.  , 41.5 ],
   [45.  ,  0.  ,  0.  , 24.75],
   [48.  ,  0.  ,  0.  , 19.75],
   [61.75,  0.  ,  0.75,  0.  ],
   [36.  ,  0.  ,  0.  ,  0.  ],
   [ 0.5 ,  0.  ,  0.  ,  0.  ],
   [ 0.  ,  0.  ,  0.  ,  0.  ],
   [ 0.  ,  0.  ,  0.  ,  0.  ]],

  [[ 0.  ,  0.  ,  0.  ,  0.  ],
   [ 0.  ,  0.  ,  0.  ,  0.  ],
   [ 0.  ,  0.  ,  0.  ,  0.  ],
   [ 0.  ,  0.  ,  0.  ,  0.  ],
   [ 0.  ,  4.25,  0.  ,  5.  ],
   [ 0.  , 35.5 ,  0.  , 46.75],
   [40.25, 30.75,  0.  ,  2.  ],
   [45.  , 34.5 ,  0.5 ,  0.  ],
   [25.25, 33.25, 15.25, 15.5 ],
   [50.5 ,  0.  ,  1.5 , 37.75],
   [89.5 ,  0.  ,  0.  ,  0.  ],
   [ 5.25,  0.  ,  0.5 ,  0.  ],
   [ 0.  ,  0.  ,  0.  ,  0.  ],
   [ 0.  ,  0.  ,  0.  ,  0.  ]],

  [[ 0.  ,  0.  ,  0.  ,  0.  ],
   [ 0.  ,  0.  ,  0.  ,  0.  ],
   [ 0.  ,  0.  ,  0.  ,  0.  ],
   [ 0.  ,  0.  ,  0.  ,  0.  ],
   [ 0.  ,  0.  ,  0.  ,  0.  ],
   [ 0.  ,  5.  ,  0.  ,  3.5 ],
   [ 3.25,  8.75,  0.  ,  0.75],
   [ 9.  ,  2.  ,  3.  ,  1.5 ],
   [ 0.  ,  0.  , 15.25, 54.5 ],
   [33.75,  0.  ,  0.  , 57.5 ],
   [89.75,  0.  ,  3.75,  0.  ],
   [ 6.5 ,  0.  ,  1.75,  0.  ],
   [ 0.  ,  0.  ,  0.  ,  0.  ],
   [ 0.  ,  0.  ,  0.  ,  0.  ]],

  [[ 0.  ,  0.  ,  0.  ,  0.  ],
   [ 0.  ,  0.  ,  0.  ,  0.  ],
   [ 0.  ,  0.  ,  0.  ,  0.  ],
   [ 0.  ,  0.  ,  0.  ,  0.  ],
   [ 0.  ,  0.  ,  0.  ,  0.  ],
   [ 0.  ,  0.  ,  0.  ,  0.  ],
   [ 0.  ,  0.  ,  2.5 ,  1.5 ],
   [ 2.5 ,  0.  , 17.5 , 34.25],
   [11.5 ,  0.  ,  1.25, 72.75],
   [67.25,  0.  ,  0.  ,  9.25],
   [62.25,  2.  ,  7.75,  0.  ],
   [ 1.75,  0.25,  0.  ,  0.  ],
   [ 0.  ,  0.  ,  0.  ,  0.  ],
   [ 0.  ,  0.  ,  0.  ,  0.  ]],

  [[ 0.  ,  0.  ,  0.  ,  0.  ],
   [ 0.  ,  0.  ,  0.  ,  0.  ],
   [ 0.  ,  0.  ,  0.  ,  0.  ],
   [ 0.  ,  0.  ,  0.  ,  0.  ],
   [ 0.  ,  0.  ,  0.  ,  0.  ],
   [ 0.  ,  0.  ,  0.  ,  0.  ],
   [ 1.25,  0.  , 21.25, 29.  ],
   [ 8.5 ,  0.  ,  3.25, 72.75],
   [59.75,  0.  ,  0.  , 19.75],
   [73.75,  3.5 ,  6.75,  0.  ],
   [16.  ,  1.  ,  4.5 ,  0.  ],
   [ 0.  ,  0.  ,  0.  ,  0.  ],
   [ 0.  ,  0.  ,  0.  ,  0.  ],
   [ 0.  ,  0.  ,  0.  ,  0.  ]],

  [[ 0.  ,  0.  ,  0.  ,  0.  ],
   [ 0.  ,  0.  ,  0.  ,  0.  ],
   [ 0.  ,  0.  ,  0.  ,  0.  ],
   [ 0.  ,  0.  ,  0.  ,  0.  ],
   [ 0.  ,  0.  ,  0.  ,  0.  ],
   [ 0.  ,  0.  , 12.5 , 12.  ],
   [ 0.75,  0.  ,  9.75, 83.5 ],
   [57.75,  0.  ,  0.  , 21.  ],
   [65.5 ,  8.5 ,  7.  ,  0.  ],
   [33.5 ,  4.5 ,  7.  ,  0.  ],
   [ 0.  ,  0.  ,  0.  ,  0.  ],
   [ 0.  ,  0.  ,  0.  ,  0.  ],
   [ 0.  ,  0.  ,  0.  ,  0.  ],
   [ 0.  ,  0.  ,  0.  ,  0.  ]],

  [[ 0.  ,  0.  ,  0.  ,  0.  ],
   [ 0.  ,  0.  ,  0.  ,  0.  ],
   [ 0.  ,  0.  ,  0.  ,  0.  ],
   [ 0.  ,  0.  ,  0.  ,  0.  ],
   [ 0.  ,  0.  ,  9.  ,  9.75],
   [ 5.25,  0.  , 12.5 , 66.75],
   [39.75,  0.  ,  0.  , 40.  ],
   [68.5 ,  4.  ,  5.75,  0.  ],
   [33.5 ,  4.5 ,  7.  ,  0.  ],
   [ 0.  ,  0.  ,  0.  ,  0.  ],
   [ 0.  ,  0.  ,  0.  ,  0.  ],
   [ 0.  ,  0.  ,  0.  ,  0.  ],
   [ 0.  ,  0.  ,  0.  ,  0.  ],
   [ 0.  ,  0.  ,  0.  ,  0.  ]],

  [[ 0.  ,  0.  ,  0.  ,  0.  ],
   [ 0.  ,  0.  ,  0.  ,  0.  ],
   [ 0.  ,  0.  ,  0.  ,  0.  ],
   [ 0.  ,  0.  , 14.5 , 14.  ],
   [ 6.25,  0.  ,  8.75, 71.75],
   [34.  ,  0.  ,  0.  , 40.  ],
   [73.75,  0.  ,  4.  ,  2.  ],
   [49.25,  0.5 , 14.75,  8.75],
   [16.  ,  0.  ,  2.25, 25.  ],
   [21.75,  0.  ,  0.  ,  4.75],
   [ 6.25,  0.  ,  2.  ,  0.  ],
   [ 0.  ,  0.  ,  0.  ,  0.  ],
   [ 0.  ,  0.  ,  0.  ,  0.  ],
   [ 0.  ,  0.  ,  0.  ,  0.  ]],

  [[ 0.  ,  0.  ,  0.  ,  0.  ],
   [ 0.  ,  0.  ,  0.  ,  0.  ],
   [ 0.75,  0.  ,  2.  ,  2.  ],
   [ 0.5 ,  0.  , 15.  , 67.75],
   [37.25,  0.  ,  0.  , 44.5 ],
   [67.75,  0.  ,  0.  , 16.75],
   [84.  ,  0.  ,  4.25,  3.  ],
   [36.5 ,  0.  ,  0.  , 28.25],
   [41.25, 19.25,  2.5 ,  5.25],
   [41.  , 11.  ,  6.25,  0.  ],
   [11.25,  0.75,  3.  ,  0.  ],
   [ 0.  ,  0.  ,  0.  ,  0.  ],
   [ 0.  ,  0.  ,  0.  ,  0.  ],
   [ 0.  ,  0.  ,  0.  ,  0.  ]],

  [[ 0.  ,  0.  ,  0.  ,  0.  ],
   [ 0.  ,  0.  ,  0.  ,  0.  ],
   [ 0.  ,  1.5 ,  0.  ,  1.25],
   [ 0.  , 36.25,  0.  , 38.  ],
   [28.5 , 35.25,  2.25, 16.5 ],
   [44.75, 23.75,  0.25,  6.75],
   [48.25, 32.75,  1.  ,  0.  ],
   [48.25, 30.25,  6.  ,  0.  ],
   [26.25,  9.25,  1.75,  0.  ],
   [ 3.5 ,  0.5 ,  0.  ,  0.  ],
   [ 0.  ,  0.  ,  0.  ,  0.  ],
   [ 0.  ,  0.  ,  0.  ,  0.  ],
   [ 0.  ,  0.  ,  0.  ,  0.  ],
   [ 0.  ,  0.  ,  0.  ,  0.  ]],

  [[ 0.  ,  0.  ,  0.  ,  0.  ],
   [ 0.  ,  0.  ,  0.  ,  0.  ],
   [ 0.  ,  0.  ,  0.  ,  0.  ],
   [ 0.  ,  0.  ,  0.  ,  0.  ],
   [ 0.  , 10.5 ,  0.  ,  6.75],
   [ 8.  , 16.  ,  0.  ,  1.75],
   [14.25,  2.75,  0.5 ,  0.  ],
   [ 0.  ,  0.  ,  0.  ,  0.  ],
   [ 0.  ,  0.  ,  0.  ,  0.  ],
   [ 0.  ,  0.  ,  0.  ,  0.  ],
   [ 0.  ,  0.  ,  0.  ,  0.  ],
   [ 0.  ,  0.  ,  0.  ,  0.  ],
   [ 0.  ,  0.  ,  0.  ,  0.  ],
   [ 0.  ,  0.  ,  0.  ,  0.  ]],

  [[ 0.  ,  0.  ,  0.  ,  0.  ],
   [ 0.  ,  0.  ,  0.  ,  0.  ],
   [ 0.  ,  0.  ,  0.  ,  0.  ],
   [ 0.  ,  0.  ,  0.  ,  0.  ],
   [ 0.  ,  0.  ,  0.  ,  0.  ],
   [ 0.  ,  0.  ,  0.  ,  0.  ],
   [ 0.  ,  0.  ,  0.  ,  0.  ],
   [ 0.  ,  0.  ,  0.  ,  0.  ],
   [ 0.  ,  0.  ,  0.  ,  0.  ],
   [ 0.  ,  0.  ,  0.  ,  0.  ],
   [ 0.  ,  0.  ,  0.  ,  0.  ],
   [ 0.  ,  0.  ,  0.  ,  0.  ],
   [ 0.  ,  0.  ,  0.  ,  0.  ],
   [ 0.  ,  0.  ,  0.  ,  0.  ]]]]

🔹 Layer: conv2d_3
   📐 Output Shape: (1, 12, 12, 8)
   🔢 Output Values:
[[[[0.00000e+00, 0.00000e+00, 0.00000e+00, 0.00000e+00, 0.00000e+00, 0.00000e+00, 0.00000e+00, 0.00000e+00],
   [0.00000e+00, 0.00000e+00, 0.00000e+00, 0.00000e+00, 0.00000e+00, 0.00000e+00, 0.00000e+00, 0.00000e+00],
   [2.35000e+01, 1.47500e+01, 0.00000e+00, 2.42500e+01, 0.00000e+00, 1.47500e+01, 2.47500e+01, 0.00000e+00],
   [1.96250e+02, 2.57500e+01, 0.00000e+00, 0.00000e+00, 0.00000e+00, 3.10000e+02, 5.02500e+01, 0.00000e+00],
   [5.38250e+02, 0.00000e+00, 7.25000e+01, 0.00000e+00, 0.00000e+00, 4.16500e+02, 0.00000e+00, 0.00000e+00],
   [2.48000e+02, 0.00000e+00, 0.00000e+00, 0.00000e+00, 2.35250e+02, 2.59750e+02, 0.00000e+00, 0.00000e+00],
   [4.82250e+02, 0.00000e+00, 0.00000e+00, 0.00000e+00, 4.44500e+02, 6.15000e+01, 0.00000e+00, 0.00000e+00],
   [6.46250e+02, 4.32500e+01, 0.00000e+00, 0.00000e+00, 5.28500e+02, 0.00000e+00, 0.00000e+00, 0.00000e+00],
   [5.54500e+02, 2.57500e+01, 1.43750e+02, 3.93000e+02, 4.87250e+02, 0.00000e+00, 0.00000e+00, 0.00000e+00],
   [5.25500e+02, 2.84250e+02, 6.80000e+01, 5.59250e+02, 1.10000e+01, 0.00000e+00, 0.00000e+00, 0.00000e+00],
   [2.18000e+02, 1.79000e+02, 0.00000e+00, 1.83500e+02, 0.00000e+00, 0.00000e+00, 0.00000e+00, 1.39500e+02],
   [3.00000e+00, 2.50000e+00, 0.00000e+00, 2.50000e+00, 0.00000e+00, 0.00000e+00, 0.00000e+00, 2.00000e+00]],

  [[0.00000e+00, 0.00000e+00, 0.00000e+00, 0.00000e+00, 0.00000e+00, 0.00000e+00, 0.00000e+00, 0.00000e+00],
   [0.00000e+00, 0.00000e+00, 0.00000e+00, 0.00000e+00, 0.00000e+00, 0.00000e+00, 0.00000e+00, 0.00000e+00],
   [5.70000e+01, 0.00000e+00, 0.00000e+00, 0.00000e+00, 0.00000e+00, 1.07750e+02, 0.00000e+00, 0.00000e+00],
   [5.05250e+02, 1.92750e+02, 0.00000e+00, 0.00000e+00, 0.00000e+00, 8.61500e+02, 0.00000e+00, 0.00000e+00],
   [5.11500e+02, 2.99500e+02, 0.00000e+00, 0.00000e+00, 2.22500e+02, 6.37250e+02, 0.00000e+00, 0.00000e+00],
   [0.00000e+00, 0.00000e+00, 1.55500e+02, 0.00000e+00, 6.29500e+02, 0.00000e+00, 0.00000e+00, 0.00000e+00],
   [5.92500e+01, 0.00000e+00, 1.45000e+01, 0.00000e+00, 2.45750e+02, 0.00000e+00, 0.00000e+00, 6.40000e+01],
   [0.00000e+00, 0.00000e+00, 0.00000e+00, 0.00000e+00, 5.85000e+01, 0.00000e+00, 0.00000e+00, 0.00000e+00],
   [1.87750e+02, 0.00000e+00, 1.43250e+02, 2.45000e+01, 6.37500e+02, 0.00000e+00, 0.00000e+00, 0.00000e+00],
   [2.30000e+02, 0.00000e+00, 3.72500e+02, 8.29000e+02, 7.12000e+02, 0.00000e+00, 0.00000e+00, 0.00000e+00],
   [5.24250e+02, 3.44250e+02, 0.00000e+00, 4.86750e+02, 0.00000e+00, 0.00000e+00, 0.00000e+00, 2.20000e+02],
   [2.80000e+01, 2.37500e+01, 0.00000e+00, 2.87500e+01, 0.00000e+00, 0.00000e+00, 1.50000e+00, 1.60000e+01]],

  [[0.00000e+00, 0.00000e+00, 0.00000e+00, 0.00000e+00, 0.00000e+00, 0.00000e+00, 0.00000e+00, 0.00000e+00],
   [0.00000e+00, 0.00000e+00, 0.00000e+00, 0.00000e+00, 0.00000e+00, 0.00000e+00, 0.00000e+00, 0.00000e+00],
   [5.12500e+01, 5.75000e+01, 0.00000e+00, 0.00000e+00, 2.40000e+01, 6.12500e+01, 0.00000e+00, 3.40000e+01],
   [4.86000e+02, 3.09250e+02, 0.00000e+00, 0.00000e+00, 2.51500e+02, 5.64750e+02, 0.00000e+00, 1.43000e+02],
   [8.17500e+01, 1.10500e+02, 0.00000e+00, 0.00000e+00, 0.00000e+00, 3.29500e+02, 3.53750e+02, 2.44750e+02],
   [0.00000e+00, 0.00000e+00, 0.00000e+00, 4.05250e+02, 0.00000e+00, 0.00000e+00, 8.00000e+00, 3.31500e+02],
   [1.26250e+02, 0.00000e+00, 0.00000e+00, 5.03000e+02, 0.00000e+00, 0.00000e+00, 0.00000e+00, 0.00000e+00],
   [5.29250e+02, 1.73000e+02, 0.00000e+00, 0.00000e+00, 0.00000e+00, 0.00000e+00, 0.00000e+00, 0.00000e+00],
   [0.00000e+00, 0.00000e+00, 0.00000e+00, 0.00000e+00, 4.36250e+02, 0.00000e+00, 0.00000e+00, 0.00000e+00],
   [0.00000e+00, 0.00000e+00, 5.84250e+02, 9.96250e+02, 9.67250e+02, 0.00000e+00, 0.00000e+00, 0.00000e+00],
   [3.90250e+02, 2.62250e+02, 0.00000e+00, 5.93750e+02, 0.00000e+00, 0.00000e+00, 0.00000e+00, 0.00000e+00],
   [2.22500e+01, 1.22500e+01, 0.00000e+00, 4.12500e+01, 0.00000e+00, 0.00000e+00, 0.00000e+00, 0.00000e+00]],

  [[0.00000e+00, 0.00000e+00, 0.00000e+00, 0.00000e+00, 0.00000e+00, 0.00000e+00, 0.00000e+00, 0.00000e+00],
   [0.00000e+00, 0.00000e+00, 0.00000e+00, 0.00000e+00, 0.00000e+00, 0.00000e+00, 0.00000e+00, 0.00000e+00],
   [4.27500e+01, 0.00000e+00, 2.55000e+01, 5.55000e+01, 0.00000e+00, 6.05000e+01, 0.00000e+00, 0.00000e+00],
   [3.77250e+02, 0.00000e+00, 2.26750e+02, 4.30500e+02, 0.00000e+00, 5.28500e+02, 0.00000e+00, 0.00000e+00],
   [0.00000e+00, 0.00000e+00, 4.12500e+01, 0.00000e+00, 0.00000e+00, 3.34000e+02, 4.44750e+02, 7.57500e+01],
   [3.43750e+02, 0.00000e+00, 0.00000e+00, 2.91000e+02, 0.00000e+00, 1.92500e+01, 4.05250e+02, 0.00000e+00],
   [8.35250e+02, 0.00000e+00, 0.00000e+00, 0.00000e+00, 0.00000e+00, 6.98750e+02, 0.00000e+00, 0.00000e+00],
   [6.51000e+02, 5.35000e+02, 0.00000e+00, 0.00000e+00, 0.00000e+00, 6.66500e+02, 0.00000e+00, 0.00000e+00],
   [0.00000e+00, 0.00000e+00, 0.00000e+00, 0.00000e+00, 1.23500e+02, 0.00000e+00, 0.00000e+00, 0.00000e+00],
   [3.65250e+02, 0.00000e+00, 8.17500e+01, 1.61200e+03, 2.24500e+02, 0.00000e+00, 0.00000e+00, 5.92500e+02],
   [1.16000e+02, 2.20250e+02, 0.00000e+00, 5.67500e+02, 0.00000e+00, 0.00000e+00, 0.00000e+00, 0.00000e+00],
   [0.00000e+00, 0.00000e+00, 7.50000e-01, 1.80000e+01, 0.00000e+00, 0.00000e+00, 0.00000e+00, 0.00000e+00]],

  [[0.00000e+00, 0.00000e+00, 0.00000e+00, 0.00000e+00, 0.00000e+00, 0.00000e+00, 0.00000e+00, 0.00000e+00],
   [0.00000e+00, 0.00000e+00, 0.00000e+00, 0.00000e+00, 0.00000e+00, 0.00000e+00, 0.00000e+00, 0.00000e+00],
   [0.00000e+00, 0.00000e+00, 0.00000e+00, 0.00000e+00, 0.00000e+00, 0.00000e+00, 0.00000e+00, 0.00000e+00],
   [3.60000e+01, 0.00000e+00, 3.00000e+01, 5.10000e+01, 0.00000e+00, 5.45000e+01, 0.00000e+00, 0.00000e+00],
   [1.35000e+02, 0.00000e+00, 0.00000e+00, 9.00000e+01, 0.00000e+00, 2.12000e+02, 1.46500e+02, 0.00000e+00],
   [5.32000e+02, 7.77500e+01, 0.00000e+00, 0.00000e+00, 0.00000e+00, 6.71000e+02, 0.00000e+00, 0.00000e+00],
   [1.18725e+03, 2.20250e+02, 0.00000e+00, 0.00000e+00, 2.60750e+02, 1.11900e+03, 0.00000e+00, 0.00000e+00],
   [1.55500e+02, 0.00000e+00, 0.00000e+00, 0.00000e+00, 7.88500e+02, 4.31500e+02, 0.00000e+00, 0.00000e+00],
   [0.00000e+00, 0.00000e+00, 0.00000e+00, 3.86500e+02, 0.00000e+00, 0.00000e+00, 0.00000e+00, 6.00750e+02],
   [5.85250e+02, 0.00000e+00, 0.00000e+00, 1.50850e+03, 0.00000e+00, 0.00000e+00, 0.00000e+00, 2.90250e+02],
   [0.00000e+00, 5.45000e+01, 5.22500e+01, 3.44750e+02, 0.00000e+00, 0.00000e+00, 0.00000e+00, 0.00000e+00],
   [0.00000e+00, 6.25000e+00, 1.70000e+01, 2.32500e+01, 0.00000e+00, 0.00000e+00, 0.00000e+00, 0.00000e+00]],

  [[0.00000e+00, 0.00000e+00, 0.00000e+00, 0.00000e+00, 0.00000e+00, 0.00000e+00, 0.00000e+00, 0.00000e+00],
   [0.00000e+00, 0.00000e+00, 0.00000e+00, 0.00000e+00, 0.00000e+00, 0.00000e+00, 0.00000e+00, 0.00000e+00],
   [0.00000e+00, 0.00000e+00, 0.00000e+00, 0.00000e+00, 0.00000e+00, 0.00000e+00, 0.00000e+00, 0.00000e+00],
   [4.95000e+01, 3.75000e+01, 0.00000e+00, 6.35000e+01, 0.00000e+00, 3.45000e+01, 6.20000e+01, 0.00000e+00],
   [4.00000e+02, 7.17500e+01, 0.00000e+00, 0.00000e+00, 0.00000e+00, 6.87000e+02, 0.00000e+00, 0.00000e+00],
   [1.25000e+03, 3.66500e+02, 0.00000e+00, 0.00000e+00, 1.74000e+02, 1.08225e+03, 0.00000e+00, 0.00000e+00],
   [3.83500e+02, 0.00000e+00, 0.00000e+00, 0.00000e+00, 9.45750e+02, 6.56250e+02, 0.00000e+00, 0.00000e+00],
   [0.00000e+00, 0.00000e+00, 0.00000e+00, 3.87500e+01, 1.38750e+02, 0.00000e+00, 0.00000e+00, 6.12500e+02],
   [2.20000e+02, 0.00000e+00, 0.00000e+00, 1.02350e+03, 0.00000e+00, 0.00000e+00, 0.00000e+00, 2.50250e+02],
   [2.01750e+02, 0.00000e+00, 0.00000e+00, 8.29250e+02, 0.00000e+00, 0.00000e+00, 0.00000e+00, 0.00000e+00],
   [0.00000e+00, 7.55000e+01, 1.29250e+02, 1.62000e+02, 0.00000e+00, 0.00000e+00, 0.00000e+00, 0.00000e+00],
   [0.00000e+00, 6.25000e+00, 4.00000e+00, 2.25000e+00, 0.00000e+00, 0.00000e+00, 0.00000e+00, 0.00000e+00]],

  [[0.00000e+00, 0.00000e+00, 0.00000e+00, 0.00000e+00, 0.00000e+00, 0.00000e+00, 0.00000e+00, 0.00000e+00],
   [0.00000e+00, 0.00000e+00, 0.00000e+00, 0.00000e+00, 0.00000e+00, 0.00000e+00, 0.00000e+00, 0.00000e+00],
   [3.67500e+01, 2.70000e+01, 0.00000e+00, 4.35000e+01, 0.00000e+00, 3.15000e+01, 4.57500e+01, 0.00000e+00],
   [2.87500e+02, 1.40000e+01, 0.00000e+00, 0.00000e+00, 0.00000e+00, 4.71750e+02, 0.00000e+00, 0.00000e+00],
   [1.23525e+03, 3.23750e+02, 0.00000e+00, 0.00000e+00, 7.50000e-01, 1.16225e+03, 0.00000e+00, 0.00000e+00],
   [6.38000e+02, 1.89000e+02, 0.00000e+00, 0.00000e+00, 7.66250e+02, 8.18000e+02, 0.00000e+00, 0.00000e+00],
   [0.00000e+00, 0.00000e+00, 0.00000e+00, 0.00000e+00, 3.77000e+02, 0.00000e+00, 0.00000e+00, 5.42500e+02],
   [1.19500e+02, 0.00000e+00, 0.00000e+00, 8.92000e+02, 0.00000e+00, 0.00000e+00, 0.00000e+00, 2.94250e+02],
   [2.02500e+02, 0.00000e+00, 0.00000e+00, 8.87500e+02, 0.00000e+00, 0.00000e+00, 0.00000e+00, 1.50000e+00],
   [0.00000e+00, 0.00000e+00, 7.80000e+01, 2.91250e+02, 0.00000e+00, 0.00000e+00, 0.00000e+00, 0.00000e+00],
   [0.00000e+00, 2.95000e+01, 5.20000e+01, 4.95000e+01, 0.00000e+00, 0.00000e+00, 0.00000e+00, 0.00000e+00],
   [0.00000e+00, 0.00000e+00, 0.00000e+00, 0.00000e+00, 0.00000e+00, 0.00000e+00, 0.00000e+00, 0.00000e+00]],

  [[0.00000e+00, 0.00000e+00, 0.00000e+00, 0.00000e+00, 0.00000e+00, 0.00000e+00, 0.00000e+00, 0.00000e+00],
   [5.75000e+01, 4.35000e+01, 0.00000e+00, 7.35000e+01, 0.00000e+00, 4.05000e+01, 7.20000e+01, 0.00000e+00],
   [3.01250e+02, 4.00000e+00, 0.00000e+00, 0.00000e+00, 0.00000e+00, 4.63750e+02, 0.00000e+00, 0.00000e+00],
   [9.26750e+02, 1.81500e+02, 0.00000e+00, 0.00000e+00, 0.00000e+00, 9.07250e+02, 0.00000e+00, 0.00000e+00],
   [9.13750e+02, 1.58750e+02, 0.00000e+00, 0.00000e+00, 9.54750e+02, 9.17750e+02, 0.00000e+00, 0.00000e+00],
   [0.00000e+00, 0.00000e+00, 0.00000e+00, 0.00000e+00, 3.98750e+02, 0.00000e+00, 0.00000e+00, 4.35500e+02],
   [5.18000e+02, 0.00000e+00, 0.00000e+00, 1.02950e+03, 0.00000e+00, 0.00000e+00, 0.00000e+00, 2.52250e+02],
   [4.81750e+02, 0.00000e+00, 0.00000e+00, 7.20250e+02, 0.00000e+00, 0.00000e+00, 0.00000e+00, 0.00000e+00],
   [1.47500e+02, 0.00000e+00, 2.00000e+01, 5.29500e+02, 0.00000e+00, 0.00000e+00, 0.00000e+00, 0.00000e+00],
   [1.04750e+02, 1.86250e+02, 9.77500e+01, 2.28500e+02, 0.00000e+00, 0.00000e+00, 0.00000e+00, 0.00000e+00],
   [2.55000e+01, 2.72500e+01, 0.00000e+00, 4.12500e+01, 0.00000e+00, 0.00000e+00, 1.40000e+01, 1.10000e+01],
   [0.00000e+00, 0.00000e+00, 0.00000e+00, 0.00000e+00, 0.00000e+00, 0.00000e+00, 0.00000e+00, 0.00000e+00]],

  [[1.25000e+01, 4.50000e+00, 0.00000e+00, 5.50000e+00, 0.00000e+00, 9.00000e+00, 8.50000e+00, 0.00000e+00],
   [2.32500e+02, 4.02500e+01, 0.00000e+00, 0.00000e+00, 0.00000e+00, 5.01500e+02, 8.80000e+01, 0.00000e+00],
   [1.04525e+03, 3.41250e+02, 0.00000e+00, 0.00000e+00, 0.00000e+00, 8.74250e+02, 0.00000e+00, 0.00000e+00],
   [8.12500e+02, 1.44000e+02, 0.00000e+00, 0.00000e+00, 8.12500e+02, 1.05075e+03, 0.00000e+00, 0.00000e+00],
   [1.32750e+02, 0.00000e+00, 0.00000e+00, 0.00000e+00, 6.44250e+02, 0.00000e+00, 0.00000e+00, 2.60000e+02],
   [3.31750e+02, 0.00000e+00, 0.00000e+00, 6.53250e+02, 0.00000e+00, 0.00000e+00, 0.00000e+00, 9.35000e+01],
   [1.11675e+03, 0.00000e+00, 0.00000e+00, 6.27000e+02, 0.00000e+00, 0.00000e+00, 0.00000e+00, 0.00000e+00],
   [3.24000e+02, 0.00000e+00, 0.00000e+00, 1.88000e+02, 2.27500e+02, 0.00000e+00, 0.00000e+00, 0.00000e+00],
   [9.65000e+01, 3.90000e+01, 4.86750e+02, 3.94500e+02, 1.62750e+02, 0.00000e+00, 0.00000e+00, 0.00000e+00],
   [1.52250e+02, 1.00250e+02, 7.25000e+01, 3.03750e+02, 0.00000e+00, 0.00000e+00, 0.00000e+00, 0.00000e+00],
   [3.90000e+01, 2.15000e+01, 0.00000e+00, 6.65000e+01, 0.00000e+00, 0.00000e+00, 0.00000e+00, 1.35000e+01],
   [0.00000e+00, 0.00000e+00, 0.00000e+00, 0.00000e+00, 0.00000e+00, 0.00000e+00, 0.00000e+00, 0.00000e+00]],

  [[1.75000e+01, 7.50000e-01, 0.00000e+00, 0.00000e+00, 0.00000e+00, 3.42500e+01, 0.00000e+00, 0.00000e+00],
   [7.18500e+02, 2.50500e+02, 0.00000e+00, 0.00000e+00, 0.00000e+00, 1.02650e+03, 0.00000e+00, 0.00000e+00],
   [8.53750e+02, 3.65500e+02, 0.00000e+00, 0.00000e+00, 1.87000e+02, 1.26050e+03, 0.00000e+00, 0.00000e+00],
   [0.00000e+00, 0.00000e+00, 0.00000e+00, 0.00000e+00, 3.20500e+02, 0.00000e+00, 0.00000e+00, 1.86750e+02],
   [0.00000e+00, 0.00000e+00, 0.00000e+00, 0.00000e+00, 0.00000e+00, 0.00000e+00, 0.00000e+00, 0.00000e+00],
   [2.68500e+02, 0.00000e+00, 0.00000e+00, 1.70500e+02, 1.71250e+02, 0.00000e+00, 0.00000e+00, 0.00000e+00],
   [8.35000e+01, 0.00000e+00, 1.47750e+02, 4.19000e+02, 2.02750e+02, 0.00000e+00, 0.00000e+00, 0.00000e+00],
   [0.00000e+00, 0.00000e+00, 3.10000e+01, 4.65750e+02, 0.00000e+00, 0.00000e+00, 0.00000e+00, 0.00000e+00],
   [3.07500e+01, 0.00000e+00, 0.00000e+00, 5.82500e+02, 0.00000e+00, 0.00000e+00, 0.00000e+00, 9.87500e+01],
   [0.00000e+00, 0.00000e+00, 0.00000e+00, 1.92000e+02, 7.65000e+01, 0.00000e+00, 0.00000e+00, 0.00000e+00],
   [0.00000e+00, 0.00000e+00, 5.50000e+00, 2.10000e+01, 1.30000e+01, 0.00000e+00, 0.00000e+00, 0.00000e+00],
   [0.00000e+00, 0.00000e+00, 0.00000e+00, 0.00000e+00, 0.00000e+00, 0.00000e+00, 0.00000e+00, 0.00000e+00]],

  [[1.57500e+01, 2.05000e+01, 0.00000e+00, 0.00000e+00, 6.25000e+00, 2.50000e+01, 0.00000e+00, 9.50000e+00],
   [4.86500e+02, 1.82750e+02, 0.00000e+00, 0.00000e+00, 3.60000e+02, 5.08000e+02, 0.00000e+00, 9.22500e+01],
   [9.12500e+01, 1.09000e+02, 0.00000e+00, 0.00000e+00, 0.00000e+00, 5.66250e+02, 3.99750e+02, 2.77000e+02],
   [1.36500e+02, 0.00000e+00, 0.00000e+00, 1.58250e+02, 0.00000e+00, 0.00000e+00, 1.66250e+02, 2.00000e+02],
   [0.00000e+00, 0.00000e+00, 0.00000e+00, 1.24250e+02, 0.00000e+00, 0.00000e+00, 0.00000e+00, 1.94250e+02],
   [0.00000e+00, 0.00000e+00, 0.00000e+00, 9.71250e+02, 0.00000e+00, 0.00000e+00, 0.00000e+00, 9.22500e+01],
   [0.00000e+00, 0.00000e+00, 0.00000e+00, 6.08000e+02, 0.00000e+00, 0.00000e+00, 0.00000e+00, 3.50000e+00],
   [1.21750e+02, 0.00000e+00, 0.00000e+00, 4.49000e+02, 0.00000e+00, 0.00000e+00, 0.00000e+00, 0.00000e+00],
   [3.60000e+01, 0.00000e+00, 0.00000e+00, 2.69750e+02, 0.00000e+00, 0.00000e+00, 0.00000e+00, 0.00000e+00],
   [0.00000e+00, 5.77500e+01, 8.02500e+01, 1.41500e+02, 0.00000e+00, 0.00000e+00, 0.00000e+00, 0.00000e+00],
   [0.00000e+00, 2.17500e+01, 3.60000e+01, 3.37500e+01, 0.00000e+00, 0.00000e+00, 0.00000e+00, 0.00000e+00],
   [0.00000e+00, 0.00000e+00, 0.00000e+00, 0.00000e+00, 0.00000e+00, 0.00000e+00, 0.00000e+00, 0.00000e+00]],

  [[1.20000e+01, 0.00000e+00, 9.00000e+00, 1.65000e+01, 0.00000e+00, 1.77500e+01, 0.00000e+00, 0.00000e+00],
   [3.37500e+02, 0.00000e+00, 2.21250e+02, 4.40000e+02, 0.00000e+00, 4.85000e+02, 0.00000e+00, 0.00000e+00],
   [7.42500e+01, 0.00000e+00, 1.97500e+02, 0.00000e+00, 0.00000e+00, 4.47500e+02, 2.40750e+02, 8.10000e+01],
   [8.32500e+01, 0.00000e+00, 0.00000e+00, 0.00000e+00, 0.00000e+00, 0.00000e+00, 4.36500e+02, 0.00000e+00],
   [0.00000e+00, 0.00000e+00, 0.00000e+00, 1.98750e+02, 0.00000e+00, 0.00000e+00, 2.76250e+02, 0.00000e+00],
   [2.27500e+01, 0.00000e+00, 6.82500e+01, 2.13500e+02, 0.00000e+00, 0.00000e+00, 3.55000e+01, 0.00000e+00],
   [0.00000e+00, 0.00000e+00, 1.57500e+01, 1.01250e+02, 0.00000e+00, 0.00000e+00, 0.00000e+00, 0.00000e+00],
   [0.00000e+00, 4.62500e+01, 7.45000e+01, 1.20750e+02, 0.00000e+00, 0.00000e+00, 0.00000e+00, 0.00000e+00],
   [0.00000e+00, 8.10000e+01, 5.95000e+01, 3.85000e+01, 0.00000e+00, 0.00000e+00, 0.00000e+00, 0.00000e+00],
   [0.00000e+00, 1.25000e+01, 8.00000e+00, 4.50000e+00, 0.00000e+00, 0.00000e+00, 0.00000e+00, 0.00000e+00],
   [0.00000e+00, 0.00000e+00, 0.00000e+00, 0.00000e+00, 0.00000e+00, 0.00000e+00, 0.00000e+00, 0.00000e+00],
   [0.00000e+00, 0.00000e+00, 0.00000e+00, 0.00000e+00, 0.00000e+00, 0.00000e+00, 0.00000e+00, 0.00000e+00]]]]

🔹 Layer: average_pooling2d_3
   📐 Output Shape: (1, 6, 6, 8)
   🔢 Output Values:
[[[[0.000000e+00, 0.000000e+00, 0.000000e+00, 0.000000e+00, 0.000000e+00, 0.000000e+00, 0.000000e+00, 0.000000e+00],
   [1.955000e+02, 5.831250e+01, 0.000000e+00, 6.062500e+00, 0.000000e+00, 3.235000e+02, 1.875000e+01, 0.000000e+00],
   [3.244375e+02, 7.487500e+01, 5.700000e+01, 0.000000e+00, 2.718125e+02, 3.283750e+02, 0.000000e+00, 0.000000e+00],
   [2.969375e+02, 1.081250e+01, 3.625000e+00, 0.000000e+00, 3.193125e+02, 1.537500e+01, 0.000000e+00, 1.600000e+01],
   [3.744375e+02, 7.750000e+01, 1.818750e+02, 4.514375e+02, 4.619375e+02, 0.000000e+00, 0.000000e+00, 0.000000e+00],
   [1.933125e+02, 1.373750e+02, 0.000000e+00, 1.753750e+02, 0.000000e+00, 0.000000e+00, 3.750000e-01, 9.437500e+01]],

  [[0.000000e+00, 0.000000e+00, 0.000000e+00, 0.000000e+00, 0.000000e+00, 0.000000e+00, 0.000000e+00, 0.000000e+00],
   [2.393125e+02, 9.168750e+01, 6.306250e+01, 1.215000e+02, 6.887500e+01, 3.037500e+02, 0.000000e+00, 4.425000e+01],
   [1.063750e+02, 2.762500e+01, 1.031250e+01, 1.740625e+02, 0.000000e+00, 1.706875e+02, 3.029375e+02, 1.630000e+02],
   [5.354375e+02, 1.770000e+02, 0.000000e+00, 1.257500e+02, 0.000000e+00, 3.413125e+02, 0.000000e+00, 0.000000e+00],
   [9.131250e+01, 0.000000e+00, 1.665000e+02, 6.520625e+02, 4.378750e+02, 0.000000e+00, 0.000000e+00, 1.481250e+02],
   [1.321250e+02, 1.236875e+02, 1.875000e-01, 3.051250e+02, 0.000000e+00, 0.000000e+00, 0.000000e+00, 0.000000e+00]],

  [[0.000000e+00, 0.000000e+00, 0.000000e+00, 0.000000e+00, 0.000000e+00, 0.000000e+00, 0.000000e+00, 0.000000e+00],
   [2.137500e+01, 9.375000e+00, 7.500000e+00, 2.862500e+01, 0.000000e+00, 2.225000e+01, 1.550000e+01, 0.000000e+00],
   [5.792500e+02, 1.290000e+02, 0.000000e+00, 2.250000e+01, 4.350000e+01, 6.630625e+02, 3.662500e+01, 0.000000e+00],
   [4.315625e+02, 5.506250e+01, 0.000000e+00, 9.687500e+00, 5.334375e+02, 5.516875e+02, 0.000000e+00, 1.531250e+02],
   [2.517500e+02, 0.000000e+00, 0.000000e+00, 9.369375e+02, 0.000000e+00, 0.000000e+00, 0.000000e+00, 2.853125e+02],
   [0.000000e+00, 3.562500e+01, 5.062500e+01, 1.330625e+02, 0.000000e+00, 0.000000e+00, 0.000000e+00, 0.000000e+00]],

  [[1.437500e+01, 1.087500e+01, 0.000000e+00, 1.837500e+01, 0.000000e+00, 1.012500e+01, 1.800000e+01, 0.000000e+00],
   [3.880625e+02, 5.662500e+01, 0.000000e+00, 1.087500e+01, 0.000000e+00, 4.685625e+02, 1.143750e+01, 0.000000e+00],
   [6.967500e+02, 1.678750e+02, 0.000000e+00, 0.000000e+00, 5.301250e+02, 7.245000e+02, 0.000000e+00, 1.088750e+02],
   [2.798125e+02, 0.000000e+00, 0.000000e+00, 6.604375e+02, 9.425000e+01, 0.000000e+00, 0.000000e+00, 2.722500e+02],
   [1.136875e+02, 4.656250e+01, 4.893750e+01, 4.841875e+02, 0.000000e+00, 0.000000e+00, 0.000000e+00, 3.750000e-01],
   [6.375000e+00, 1.418750e+01, 1.300000e+01, 2.268750e+01, 0.000000e+00, 0.000000e+00, 3.500000e+00, 2.750000e+00]],

  [[2.452500e+02, 7.400000e+01, 0.000000e+00, 1.375000e+00, 0.000000e+00, 3.928125e+02, 2.412500e+01, 0.000000e+00],
   [6.778750e+02, 2.126875e+02, 0.000000e+00, 0.000000e+00, 3.300000e+02, 7.963750e+02, 0.000000e+00, 4.668750e+01],
   [1.832500e+02, 0.000000e+00, 0.000000e+00, 2.059375e+02, 2.038750e+02, 0.000000e+00, 0.000000e+00, 8.837500e+01],
   [3.810625e+02, 0.000000e+00, 4.468750e+01, 4.249375e+02, 1.075625e+02, 0.000000e+00, 0.000000e+00, 0.000000e+00],
   [6.987500e+01, 3.481250e+01, 1.398125e+02, 3.681875e+02, 5.981250e+01, 0.000000e+00, 0.000000e+00, 2.468750e+01],
   [9.750000e+00, 5.375000e+00, 1.375000e+00, 2.187500e+01, 3.250000e+00, 0.000000e+00, 0.000000e+00, 3.375000e+00]],

  [[2.129375e+02, 5.081250e+01, 5.756250e+01, 1.141250e+02, 9.156250e+01, 2.589375e+02, 0.000000e+00, 2.543750e+01],
   [9.631250e+01, 2.725000e+01, 4.937500e+01, 3.956250e+01, 0.000000e+00, 2.534375e+02, 3.108125e+02, 1.395000e+02],
   [5.687500e+00, 0.000000e+00, 1.706250e+01, 3.769375e+02, 0.000000e+00, 0.000000e+00, 7.793750e+01, 7.162500e+01],
   [3.043750e+01, 1.156250e+01, 2.256250e+01, 3.197500e+02, 0.000000e+00, 0.000000e+00, 0.000000e+00, 8.750000e-01],
   [9.000000e+00, 3.781250e+01, 3.693750e+01, 1.135625e+02, 0.000000e+00, 0.000000e+00, 0.000000e+00, 0.000000e+00],
   [0.000000e+00, 5.437500e+00, 9.000000e+00, 8.437500e+00, 0.000000e+00, 0.000000e+00, 0.000000e+00, 0.000000e+00]]]]

🔹 Layer: flatten_1
   📐 Output Shape: (1, 288)
   🔢 Output Values:
[[0.000000e+00, 0.000000e+00, 0.000000e+00, 0.000000e+00, 0.000000e+00, 0.000000e+00, 0.000000e+00, 0.000000e+00, 1.955000e+02, 5.831250e+01, 0.000000e+00, 6.062500e+00, 0.000000e+00, 3.235000e+02, 1.875000e+01, 0.000000e+00, 3.244375e+02, 7.487500e+01, 5.700000e+01, 0.000000e+00, 2.718125e+02, 3.283750e+02, 0.000000e+00, 0.000000e+00, 2.969375e+02, 1.081250e+01, 3.625000e+00, 0.000000e+00, 3.193125e+02, 1.537500e+01, 0.000000e+00, 1.600000e+01, 3.744375e+02, 7.750000e+01, 1.818750e+02, 4.514375e+02, 4.619375e+02, 0.000000e+00, 0.000000e+00, 0.000000e+00, 1.933125e+02, 1.373750e+02, 0.000000e+00, 1.753750e+02, 0.000000e+00, 0.000000e+00, 3.750000e-01, 9.437500e+01, 0.000000e+00, 0.000000e+00, 0.000000e+00, 0.000000e+00, 0.000000e+00, 0.000000e+00, 0.000000e+00, 0.000000e+00, 2.393125e+02, 9.168750e+01, 6.306250e+01, 1.215000e+02, 6.887500e+01, 3.037500e+02, 0.000000e+00, 4.425000e+01, 1.063750e+02, 2.762500e+01, 1.031250e+01, 1.740625e+02, 0.000000e+00, 1.706875e+02, 3.029375e+02, 1.630000e+02, 5.354375e+02, 1.770000e+02, 0.000000e+00, 1.257500e+02, 0.000000e+00, 3.413125e+02, 0.000000e+00, 0.000000e+00, 9.131250e+01, 0.000000e+00, 1.665000e+02, 6.520625e+02, 4.378750e+02, 0.000000e+00, 0.000000e+00, 1.481250e+02, 1.321250e+02, 1.236875e+02, 1.875000e-01, 3.051250e+02, 0.000000e+00, 0.000000e+00, 0.000000e+00, 0.000000e+00, 0.000000e+00, 0.000000e+00, 0.000000e+00, 0.000000e+00, 0.000000e+00, 0.000000e+00, 0.000000e+00, 0.000000e+00, 2.137500e+01, 9.375000e+00, 7.500000e+00, 2.862500e+01, 0.000000e+00, 2.225000e+01, 1.550000e+01, 0.000000e+00, 5.792500e+02, 1.290000e+02, 0.000000e+00, 2.250000e+01, 4.350000e+01, 6.630625e+02, 3.662500e+01, 0.000000e+00, 4.315625e+02, 5.506250e+01, 0.000000e+00, 9.687500e+00, 5.334375e+02, 5.516875e+02, 0.000000e+00, 1.531250e+02, 2.517500e+02, 0.000000e+00, 0.000000e+00, 9.369375e+02, 0.000000e+00, 0.000000e+00, 0.000000e+00, 2.853125e+02, 0.000000e+00, 3.562500e+01, 5.062500e+01, 1.330625e+02, 0.000000e+00, 0.000000e+00, 0.000000e+00, 0.000000e+00, 1.437500e+01, 1.087500e+01, 0.000000e+00, 1.837500e+01, 0.000000e+00, 1.012500e+01, 1.800000e+01, 0.000000e+00, 3.880625e+02, 5.662500e+01, 0.000000e+00, 1.087500e+01, 0.000000e+00, 4.685625e+02, 1.143750e+01, 0.000000e+00, 6.967500e+02, 1.678750e+02, 0.000000e+00, 0.000000e+00, 5.301250e+02, 7.245000e+02, 0.000000e+00, 1.088750e+02, 2.798125e+02, 0.000000e+00, 0.000000e+00, 6.604375e+02, 9.425000e+01, 0.000000e+00, 0.000000e+00, 2.722500e+02, 1.136875e+02, 4.656250e+01, 4.893750e+01, 4.841875e+02, 0.000000e+00, 0.000000e+00, 0.000000e+00, 3.750000e-01, 6.375000e+00, 1.418750e+01, 1.300000e+01, 2.268750e+01, 0.000000e+00, 0.000000e+00, 3.500000e+00, 2.750000e+00, 2.452500e+02, 7.400000e+01, 0.000000e+00, 1.375000e+00, 0.000000e+00, 3.928125e+02, 2.412500e+01, 0.000000e+00, 6.778750e+02, 2.126875e+02, 0.000000e+00, 0.000000e+00, 3.300000e+02, 7.963750e+02, 0.000000e+00, 4.668750e+01, 1.832500e+02, 0.000000e+00, 0.000000e+00, 2.059375e+02, 2.038750e+02, 0.000000e+00, 0.000000e+00, 8.837500e+01, 3.810625e+02, 0.000000e+00, 4.468750e+01, 4.249375e+02, 1.075625e+02, 0.000000e+00, 0.000000e+00, 0.000000e+00, 6.987500e+01, 3.481250e+01, 1.398125e+02, 3.681875e+02, 5.981250e+01, 0.000000e+00, 0.000000e+00, 2.468750e+01, 9.750000e+00, 5.375000e+00, 1.375000e+00, 2.187500e+01, 3.250000e+00, 0.000000e+00, 0.000000e+00, 3.375000e+00, 2.129375e+02, 5.081250e+01, 5.756250e+01, 1.141250e+02, 9.156250e+01, 2.589375e+02, 0.000000e+00, 2.543750e+01, 9.631250e+01, 2.725000e+01, 4.937500e+01, 3.956250e+01, 0.000000e+00, 2.534375e+02, 3.108125e+02, 1.395000e+02, 5.687500e+00, 0.000000e+00, 1.706250e+01, 3.769375e+02, 0.000000e+00, 0.000000e+00, 7.793750e+01, 7.162500e+01, 3.043750e+01, 1.156250e+01, 2.256250e+01, 3.197500e+02, 0.000000e+00, 0.000000e+00, 0.000000e+00, 8.750000e-01, 9.000000e+00, 3.781250e+01, 3.693750e+01, 1.135625e+02, 0.000000e+00, 0.000000e+00, 0.000000e+00, 0.000000e+00, 0.000000e+00, 5.437500e+00, 9.000000e+00, 8.437500e+00, 0.000000e+00, 0.000000e+00, 0.000000e+00, 0.000000e+00]]

🔹 Layer: lambda_1
   📐 Output Shape: (1, 288)
   🔢 Output Values:
[[0., 0., 0., 0., 0., 0., 0., 0., 1., 0., 0., 0., 0., 2., 0., 0., 2., 1., 0., 0., 2., 2., 0., 0., 2., 0., 0., 0., 2., 0., 0., 0., 3., 1., 1., 3., 3., 0., 0., 0., 1., 1., 0., 1., 0., 0., 0., 1., 0., 0., 0., 0., 0., 0., 0., 0., 2., 1., 0., 1., 1., 2., 0., 0., 1., 0., 0., 1., 0., 1., 2., 1., 4., 1., 0., 1., 0., 3., 0., 0., 1., 0., 1., 5., 3., 0., 0., 1., 1., 1., 0., 2., 0., 0., 0., 0., 0., 0., 0., 0., 0., 0., 0., 0., 0., 0., 0., 0., 0., 0., 0., 0., 4., 1., 0., 0., 0., 5., 0., 0., 3., 0., 0., 0., 4., 4., 0., 1., 2., 0., 0., 7., 0., 0., 0., 2., 0., 0., 0., 1., 0., 0., 0., 0., 0., 0., 0., 0., 0., 0., 0., 0., 3., 0., 0., 0., 0., 4., 0., 0., 5., 1., 0., 0., 4., 5., 0., 1., 2., 0., 0., 5., 1., 0., 0., 2., 1., 0., 0., 4., 0., 0., 0., 0., 0., 0., 0., 0., 0., 0., 0., 0., 2., 1., 0., 0., 0., 3., 0., 0., 5., 2., 0., 0., 2., 6., 0., 0., 1., 0., 0., 2., 2., 0., 0., 1., 3., 0., 0., 3., 1., 0., 0., 0., 1., 0., 1., 3., 0., 0., 0., 0., 0., 0., 0., 0., 0., 0., 0., 0., 2., 0., 0., 1., 1., 2., 0., 0., 1., 0., 0., 0., 0., 2., 2., 1., 0., 0., 0., 3., 0., 0., 1., 1., 0., 0., 0., 2., 0., 0., 0., 0., 0., 0., 0., 1., 0., 0., 0., 0., 0., 0., 0., 0., 0., 0., 0., 0.]]

🔹 Layer: dense_3
   📐 Output Shape: (1, 120)
   🔢 Output Values:
[[  0.,  17.,   0.,  32.,   0.,  16.,   0.,  79.,   3.,   0.,  35.,   0.,   0.,   0.,   0.,   0.,  57.,  18.,   0.,  26.,   0.,  37.,  25.,  53.,   0.,   0.,   0.,  42.,   0.,   7.,  30.,  38.,  10.,  12.,  53.,  49.,  58.,   0.,   0., 105.,   0.,   6.,   0.,   0.,   0.,   0.,   0.,   0.,   0.,  58., 121.,   0.,   0.,   0.,   0.,  12.,   0.,   0.,   2.,  16.,   0.,   0.,   0.,   0.,   0.,   0.,   5.,   0.,   0.,   0.,   0.,  36.,  42.,   0.,  47.,  22.,   0.,   0.,  51.,   2.,   0.,   0.,   0.,   0.,   0.,   0.,   0.,  83.,   0.,   8.,   0.,  28.,   5.,  28.,   0.,   0.,   0.,   0.,  65.,  25.,  54.,  61.,   0.,  54.,  25.,  67.,   0.,   0.,  39.,  10.,  16.,   0.,  78.,  21.,   0.,   0.,  11.,   0.,   0.,   0.]]

🔹 Layer: dense_4
   📐 Output Shape: (1, 84)
   🔢 Output Values:
[[   0.,    0., 1637.,    0.,  588.,    0.,  750.,    0.,    0.,    0., 1310.,    0.,    0.,    0.,  142., 2535.,  368.,    0.,    0.,    0., 2781.,    0.,    0., 2283., 1070., 2257.,   76.,    0., 2039.,  696.,    0.,    0.,  656., 2280.,    0.,    0.,    0.,    0.,  374.,  958.,  720.,    0.,    0.,  114.,  102.,  555.,  371., 1714.,    0.,    0.,  561., 1221., 1158.,  671., 2240.,  316.,  981.,  191.,  861.,    0., 1543.,  697.,    0.,    0.,  513.,  522., 1301.,  187.,    0.,    0.,    0.,  726.,    0., 1108.,    0.,    0.,    0.,    0.,   83.,  323.,  258.,    0.,    0.,    0.]]

🔹 Layer: dense_5
   📐 Output Shape: (1, 10)
   🔢 Output Values:
[[0., 0., 1., 0., 0., 0., 0., 0., 0., 0.]]

🎯 Prediction for Image 1003:
   ✅ Predicted Label: 2
   🎯 True Label: 2
   ✅ Result: Correct Prediction
